v15.04    Планета: Уран  (INPOP13C)
          Спутник: U4 Оберон  (Emelyanov,Nikonchuk(2013),DOI:10.1093/mnras/stt1851..)
                            - эфемериды на инт. 1787/02/12.0-2032/01/09.0
   Обсерватория N:  84 - Pulkovo
    Шкала времени: UTC
Средний экватор и равноденствие эпохи J2000.  ICRF. 
Координаты астрометрические 
Год  Месяц День       alpha (h)          delta (º)
1952  2  1.000000     6.8332835584      23.336271606  
1952  2 11.000000     6.8088055848      23.351298337  
1952  2 21.000000     6.7891224840      23.385305218  
1952  3  2.000000     6.7767259908      23.409412615  
1952  3 12.000000     6.7702884672      23.401203295  
1952  3 22.000000     6.7685912945      23.390839633  
1952  4  1.000000     6.7737370753      23.397429374  
1952  4 11.000000     6.7868560755      23.389660360  
1952  4 21.000000     6.8055185050      23.351831401  
1952  5  1.000000     6.8282562164      23.316381893  
1952  5 11.000000     6.8566185989      23.296168691  
1952  5 21.000000     6.8907723969      23.258439602  
1952  5 31.000000     6.9278546447      23.194123814  
1952  6 10.000000     6.9664631590      23.137330893  
1952  6 20.000000     7.0080304601      23.094913942  
1952  6 30.000000     7.0521481102      23.033714554  
1952  7 10.000000     7.0957723231      22.952007886  
1952  7 20.000000     7.1379552487      22.884992573  
1952  7 30.000000     7.1800665693      22.833885393  
1952  8  9.000000     7.2212462622      22.766119242  
1952  8 19.000000     7.2585903229      22.686847208  
1952  8 29.000000     7.2915595164      22.631970622  
1952  9  8.000000     7.3215750740      22.596669608  
1952  9 18.000000     7.3475772402      22.548690702  
1952  9 28.000000     7.3668430729      22.499661538  
1952 10  8.000000     7.3795458277      22.484303485  
1952 10 18.000000     7.3874209344      22.490320623  
1952 10 28.000000     7.3894201761      22.485488253  
1952 11  7.000000     7.3835678225      22.485968812  
1952 11 17.000000     7.3710939593      22.522967994  
1952 11 27.000000     7.3544176179      22.575625372  
1952 12  7.000000     7.3330801669      22.611320554  
1952 12 17.000000     7.3061000033      22.650470553  
1952 12 27.000000     7.2760301070      22.719259406  
1953  1  6.000000     7.2460209377      22.789346519  
1953  1 16.000000     7.2158402727      22.831546180  
1953  1 26.000000     7.1852378457      22.871387821  
1953  2  5.000000     7.1573129880      22.930846856  
1953  2 15.000000     7.1347757245      22.978426284  
1953  2 25.000000     7.1167858745      22.991746227  
1953  3  7.000000     7.1027493369      23.001729083  
1953  3 17.000000     7.0952036835      23.026075389  
1953  3 27.000000     7.0956326370      23.031617136  
1953  4  6.000000     7.1019674839      23.003832203  
1953  4 16.000000     7.1131404660      22.976497226  
1953  4 26.000000     7.1309994624      22.961280435  
1953  5  6.000000     7.1557668225      22.924402637  
1953  5 16.000000     7.1847373612      22.858307427  
1953  5 26.000000     7.2167645703      22.797934696  
1953  6  5.000000     7.2532754528      22.748868271  
1953  6 15.000000     7.2938358078      22.677369136  
1953  6 25.000000     7.3354883296      22.583077794  
1953  7  5.000000     7.3773642804      22.501579616  
1953  7 15.000000     7.4208068043      22.432472230  
1953  7 25.000000     7.4648326796      22.343377396  
1953  8  4.000000     7.5065827733      22.240916153  
1953  8 14.000000     7.5456121130      22.160724286  
1953  8 24.000000     7.5831265893      22.096951708  
1953  9  3.000000     7.6178860418      22.018356107  
1953  9 13.000000     7.6472203174      21.938275978  
1953  9 23.000000     7.6711459240      21.891418264  
1953 10  3.000000     7.6910280847      21.865149153  
1953 10 13.000000     7.7054883666      21.829259325  
1953 10 23.000000     7.7123448062      21.802345574  
1953 11  2.000000     7.7124977904      21.815496333  
1953 11 12.000000     7.7076889518      21.848160578  
1953 11 22.000000     7.6969464054      21.869989873  
1953 12  2.000000     7.6790654989      21.902984710  
1953 12 12.000000     7.6561172845      21.972752301  
1953 12 22.000000     7.6306937367      22.049797056  
1954  1  1.000000     7.6023738630      22.105473100  
1954  1 11.000000     7.5709441127      22.165587400  
1954  1 21.000000     7.5395559232      22.249748952  
1954  1 31.000000     7.5109407636      22.323700040  
1954  2 10.000000     7.4845656042      22.364829837  
1954  2 20.000000     7.4604559620      22.403853975  
1954  3  2.000000     7.4415477544      22.456273318  
1954  3 12.000000     7.4296611101      22.486725245  
1954  3 22.000000     7.4232605588      22.481035979  
1954  4  1.000000     7.4217881533      22.473976156  
1954  4 11.000000     7.4274533850      22.475604248  
1954  4 21.000000     7.4406931744      22.450953613  
1954  5  1.000000     7.4590464021      22.393758599  
1954  5 11.000000     7.4817120219      22.339850766  
1954  5 21.000000     7.5102155780      22.293466254  
1954  5 31.000000     7.5440911809      22.220321128  
1954  6 10.000000     7.5805683500      22.121330442  
1954  6 20.000000     7.6188932097      22.032522243  
1954  6 30.000000     7.6603632203      21.952113378  
1954  7 10.000000     7.7039543494      21.847501087  
1954  7 20.000000     7.7468649339      21.726846087  
1954  7 30.000000     7.7887461715      21.625408803  
1954  8  9.000000     7.8306793850      21.536192378  
1954  8 19.000000     7.8712711637      21.428735006  
1954  8 29.000000     7.9079669225      21.317665108  
1954  9  8.000000     7.9407431972      21.237405471  
1954  9 18.000000     7.9706390481      21.174970111  
1954  9 28.000000     7.9961094501      21.101751788  
1954 10  8.000000     8.0148931277      21.038320780  
1954 10 18.000000     8.0276154068      21.015876063  
1954 10 28.000000     8.0355026628      21.014235020  
1954 11  7.000000     8.0371274553      21.005894707  
1954 11 17.000000     8.0310698951      21.014801315  
1954 11 27.000000     8.0189057674      21.066604971  
1954 12  7.000000     8.0024921768      21.132311973  
1954 12 17.000000     7.9810630088      21.184807449  
1954 12 27.000000     7.9542471862      21.250860760  
1955  1  6.000000     7.9248675042      21.348589340  
1955  1 16.000000     7.8954063638      21.441915681  
1955  1 26.000000     7.8654102056      21.508067941  
1955  2  5.000000     7.8352791812      21.577256315  
1955  2 15.000000     7.8082284104      21.662189442  
1955  2 25.000000     7.7862732041      21.725043294  
1955  3  7.000000     7.7684476595      21.751258025  
1955  3 17.000000     7.7548031579      21.775593578  
1955  3 27.000000     7.7479128240      21.806196323  
1955  4  6.000000     7.7485567322      21.806207734  
1955  4 16.000000     7.7546779977      21.770386849  
1955  4 26.000000     7.7658864539      21.735144149  
1955  5  6.000000     7.7839341218      21.703240449  
1955  5 16.000000     7.8084045189      21.639683049  
1955  5 26.000000     7.8367603725      21.546646122  
1955  6  5.000000     7.8684789611      21.460534496  
1955  6 15.000000     7.9048020322      21.378348568  
1955  6 25.000000     7.9447119629      21.267140658  
1955  7  5.000000     7.9855335817      21.136333128  
1955  7 15.000000     8.0269838308      21.021173915  
1955  7 25.000000     8.0700796482      20.913218123  
1955  8  4.000000     8.1133288428      20.782614436  
1955  8 14.000000     8.1542826501      20.645110846  
1955  8 24.000000     8.1929681518      20.534554740  
1955  9  3.000000     8.2301677442      20.437494295  
1955  9 13.000000     8.2642249784      20.326545177  
1955  9 23.000000     8.2929493558      20.223665079  
1955 10  3.000000     8.3167561698      20.160009173  
1955 10 13.000000     8.3364855314      20.115755196  
1955 10 23.000000     8.3504276087      20.065854084  
1955 11  2.000000     8.3569854576      20.036343456  
1955 11 12.000000     8.3573380855      20.053035652  
1955 11 22.000000     8.3526347372      20.088363590  
1955 12  2.000000     8.3416904005      20.117817407  
1955 12 12.000000     8.3239165674      20.169535209  
1955 12 22.000000     8.3015758039      20.261583246  
1956  1  1.000000     8.2766082703      20.357543263  
1956  1 11.000000     8.2484414508      20.435413494  
1956  1 21.000000     8.2175281429      20.525196315  
1956  1 31.000000     8.1870687848      20.637255483  
1956  2 10.000000     8.1590808564      20.731473361  
1956  2 20.000000     8.1329957133      20.792659054  
1956  3  1.000000     8.1094737942      20.854550686  
1956  3 11.000000     8.0913892514      20.922857190  
1956  3 21.000000     8.0798711865      20.958441990  
1956  3 31.000000     8.0734441562      20.956012907  
1956  4 10.000000     8.0722045397      20.952239281  
1956  4 20.000000     8.0782061345      20.947890956  
1956  4 30.000000     8.0912374001      20.906977832  
1956  5 10.000000     8.1090677024      20.832664560  
1956  5 20.000000     8.1315053541      20.761620982  
1956  5 30.000000     8.1598188334      20.689578559  
1956  6  9.000000     8.1929997270      20.583229814  
1956  6 19.000000     8.2286066057      20.453030625  
1956  6 29.000000     8.2664366526      20.334353804  
1956  7  9.000000     8.3074352926      20.217489968  
1956  7 19.000000     8.3501014733      20.072689979  
1956  7 29.000000     8.3920842488      19.916933498  
1956  8  8.000000     8.4334797627      19.783370287  
1956  8 18.000000     8.4749038531      19.657851582  
1956  8 28.000000     8.5146086576      19.513996453  
1956  9  7.000000     8.5505495895      19.374570013  
1956  9 17.000000     8.5830340095      19.270480285  
1956  9 27.000000     8.6125758203      19.182075088  
1956 10  7.000000     8.6373535288      19.086156662  
1956 10 17.000000     8.6556936142      19.010385711  
1956 10 27.000000     8.6684499162      18.980851353  
1956 11  6.000000     8.6762392228      18.971326632  
1956 11 16.000000     8.6774928184      18.960405627  
1956 11 26.000000     8.6714215456      18.977855112  
1956 12  6.000000     8.6597041545      19.042432027  
1956 12 16.000000     8.6435710901      19.119202484  
1956 12 26.000000     8.6221932672      19.187821501  
1957  1  5.000000     8.5958475141      19.279082510  
1957  1 15.000000     8.5673554913      19.402207341  
1957  1 25.000000     8.5384987685      19.515957042  
1957  2  4.000000     8.5088590957      19.604773258  
1957  2 14.000000     8.4794720674      19.701206925  
1957  2 24.000000     8.4533960384      19.808233601  
1957  3  6.000000     8.4319684136      19.884345214  
1957  3 16.000000     8.4143498593      19.923282465  
1957  3 26.000000     8.4011969384      19.961030661  
1957  4  5.000000     8.3948609451      19.996130765  
1957  4 15.000000     8.3954840321      19.990718967  
1957  4 25.000000     8.4012780398      19.948587874  
1957  5  5.000000     8.4124456362      19.906280918  
1957  5 15.000000     8.4304127042      19.858023010  
1957  5 25.000000     8.4542443458      19.769989660  
1957  6  4.000000     8.4817943871      19.653457610  
1957  6 14.000000     8.5130417158      19.543871621  
1957  6 24.000000     8.5488450885      19.430427174  
1957  7  4.000000     8.5877565882      19.283204531  
1957  7 14.000000     8.6275764783      19.120191944  
1957  7 24.000000     8.6684399176      18.974212806  
1957  8  3.000000     8.7108733169      18.830016197  
1957  8 13.000000     8.7530712671      18.662045691  
1957  8 23.000000     8.7931357904      18.493721416  
1957  9  2.000000     8.8313641270      18.355306653  
1957  9 12.000000     8.8680013516      18.227235368  
1957  9 22.000000     8.9011877129      18.087547175  
1957 10  2.000000     8.9293105556      17.964951614  
1957 10 12.000000     8.9529598870      17.885600314  
1957 10 22.000000     8.9723742121      17.824373646  
1957 11  1.000000     8.9857528862      17.762465947  
1957 11 11.000000     8.9921348763      17.731347878  
1957 11 21.000000     8.9927311666      17.750507855  
1957 12  1.000000     8.9880737256      17.787418933  
1957 12 11.000000     8.9770104064      17.824360105  
1957 12 21.000000     8.9595734402      17.893395050  
1957 12 31.000000     8.9379612081      18.004369583  
1958  1 10.000000     8.9134660655      18.116464210  
1958  1 20.000000     8.8856152826      18.214872464  
1958  1 30.000000     8.8554851038      18.331516965  
1958  2  9.000000     8.8260570846      18.467377780  
1958  2 19.000000     8.7986850511      18.579043232  
1958  3  1.000000     8.7730067094      18.659002794  
1958  3 11.000000     8.7502350349      18.741635278  
1958  3 21.000000     8.7329389978      18.823005653  
1958  3 31.000000     8.7216449436      18.862846471  
1958  4 10.000000     8.7151759701      18.864384814  
1958  4 20.000000     8.7141744870      18.863755198  
1958  4 30.000000     8.7203146124      18.853067376  
1958  5 10.000000     8.7328797565      18.797577487  
1958  5 20.000000     8.7500827929      18.709075565  
1958  5 30.000000     8.7721903670      18.622815977  
1958  6  9.000000     8.8000358481      18.526913140  
1958  6 19.000000     8.8322417426      18.391117165  
1958  6 29.000000     8.8668651920      18.234150886  
1958  7  9.000000     8.9040764343      18.088710072  
1958  7 19.000000     8.9443236722      17.938522400  
1958  7 29.000000     8.9858321344      17.758301001  
1958  8  8.000000     9.0268259681      17.572267779  
1958  8 18.000000     9.0676327547      17.409885453  
1958  8 28.000000     9.1083103380      17.251357687  
1958  9  7.000000     9.1469785756      17.075709680  
1958  9 17.000000     9.1821716104      16.912033001  
1958  9 27.000000     9.2143039896      16.786403732  
1958 10  7.000000     9.2433143416      16.674357293  
1958 10 17.000000     9.2673400568      16.559001599  
1958 10 27.000000     9.2853228416      16.473047173  
1958 11  6.000000     9.2981020616      16.436655135  
1958 11 16.000000     9.3056862284      16.419499384  
1958 11 26.000000     9.3066113588      16.406894848  
1958 12  6.000000     9.3006901012      16.432349526  
1958 12 16.000000     9.2894637468      16.507209441  
1958 12 26.000000     9.2735768170      16.592897960  
1959  1  5.000000     9.2523738007      16.676213999  
1959  1 15.000000     9.2267144976      16.789771662  
1959  1 25.000000     9.1991696245      16.933982700  
1959  2  4.000000     9.1708971548      17.064883086  
1959  2 14.000000     9.1417481477      17.174190435  
1959  2 24.000000     9.1132795276      17.294641715  
1959  3  6.000000     9.0881608238      17.419868683  
1959  3 16.000000     9.0671721190      17.507186735  
1959  3 26.000000     9.0498135377      17.558228314  
1959  4  5.000000     9.0372118894      17.607921309  
1959  4 15.000000     9.0312899720      17.646033857  
1959  4 25.000000     9.0317106828      17.635899792  
1959  5  5.000000     9.0371518348      17.589372336  
1959  5 15.000000     9.0482361545      17.541081538  
1959  5 25.000000     9.0658985098      17.477726985  
1959  6  4.000000     9.0888814397      17.368550201  
1959  6 14.000000     9.1155752746      17.232619532  
1959  6 24.000000     9.1462689186      17.102529948  
1959  7  4.000000     9.1813168709      16.961060388  
1959  7 14.000000     9.2190497964      16.782837746  
1959  7 24.000000     9.2578493591      16.592731981  
1959  8  3.000000     9.2980506563      16.419738100  
1959  8 13.000000     9.3396127226      16.243348846  
1959  8 23.000000     9.3806485256      16.043399391  
1959  9  2.000000     9.4198554530      15.849197033  
1959  9 12.000000     9.4575718475      15.686300285  
1959  9 22.000000     9.4934846603      15.530776568  
1959 10  2.000000     9.5257590092      15.366836573  
1959 10 12.000000     9.5533605894      15.227934157  
1959 10 22.000000     9.5768214275      15.134560404  
1959 11  1.000000     9.5958001682      15.058138954  
1959 11 11.000000     9.6086422139      14.986472607  
1959 11 21.000000     9.6149716287      14.954496773  
1959 12  1.000000     9.6157986842      14.975020148  
1959 12 11.000000     9.6111129802      15.012583564  
1959 12 21.000000     9.6000166537      15.056438378  
1959 12 31.000000     9.5830721628      15.140508054  
1960  1 10.000000     9.5621903396      15.266590307  
1960  1 20.000000     9.5381182677      15.391730014  
1960  1 30.000000     9.5107010053      15.508162955  
1960  2  9.000000     9.4815040123      15.647817233  
1960  2 19.000000     9.4530729020      15.802860732  
1960  2 29.000000     9.4262482317      15.928900019  
1960  3 10.000000     9.4010640902      16.025656280  
1960  3 20.000000     9.3791204050      16.126144444  
1960  3 30.000000     9.3625013148      16.217731696  
1960  4  9.000000     9.3513036965      16.261164105  
1960  4 19.000000     9.3448197672      16.267151394  
1960  4 29.000000     9.3440521139      16.269444289  
1960  5  9.000000     9.3501450602      16.252656725  
1960  5 19.000000     9.3620879638      16.185009392  
1960  5 29.000000     9.3786654234      16.085570804  
1960  6  8.000000     9.4003916686      15.986476862  
1960  6 18.000000     9.4275706019      15.869617932  
1960  6 28.000000     9.4586736882      15.709184668  
1960  7  8.000000     9.4923370653      15.530460331  
1960  7 18.000000     9.5288855381      15.362178781  
1960  7 28.000000     9.5682131716      15.183086577  
1960  8  7.000000     9.6085024683      14.973255302  
1960  8 17.000000     9.6485807828      14.762397885  
1960  8 27.000000     9.6887732088      14.575349840  
1960  9  6.000000     9.7285823485      14.388313075  
1960  9 16.000000     9.7662200931      14.186319311  
1960  9 26.000000     9.8007719305      14.002890759  
1960 10  6.000000     9.8325382200      13.858705586  
1960 10 16.000000     9.8609239176      13.726243165  
1960 10 26.000000     9.8842458471      13.595090838  
1960 11  5.000000     9.9019933802      13.501146664  
1960 11 15.000000     9.9147693048      13.458422179  
1960 11 25.000000     9.9220685582      13.434276434  
1960 12  5.000000     9.9227433232      13.420728237  
1960 12 15.000000     9.9170905351      13.453139550  
1960 12 25.000000     9.9063157635      13.535638073  
1961  1  4.000000     9.8906063738      13.628001980  
1961  1 14.000000     9.8696726223      13.723886595  
1961  1 24.000000     9.8448109293      13.855980723  
1961  2  3.000000     9.8181480049      14.016570024  
1961  2 13.000000     9.7903853757      14.161018180  
1961  2 23.000000     9.7618175268      14.287854386  
1961  3  5.000000     9.7343327137      14.428280245  
1961  3 15.000000     9.7100568343      14.567617253  
1961  3 25.000000     9.6894067410      14.664021639  
1961  4  4.000000     9.6723606873      14.726029388  
1961  4 14.000000     9.6603181546      14.785865174  
1961  4 24.000000     9.6546471004      14.825827130  
1961  5  4.000000     9.6547481175      14.812012433  
1961  5 14.000000     9.6598761748      14.762986109  
1961  5 24.000000     9.6708497676      14.709987623  
1961  6  3.000000     9.6880374121      14.633583879  
1961  6 13.000000     9.7100914748      14.507313742  
1961  6 23.000000     9.7359912128      14.356374674  
1961  7  3.000000     9.7661136145      14.209340833  
1961  7 13.000000     9.8002776685      14.044146619  
1961  7 23.000000     9.8368194609      13.840724105  
1961  8  2.000000     9.8747121129      13.629087712  
1961  8 12.000000     9.9142601454      13.433627749  
1961  8 22.000000     9.9548723310      13.230144450  
1961  9  1.000000     9.9948053251      13.004313952  
1961  9 11.000000    10.0333002105      12.789546703  
1961  9 21.000000    10.0705210582      12.606242074  
1961 10  1.000000    10.1056614263      12.427717662  
1961 10 11.000000    10.1371142947      12.244423648  
1961 10 21.000000    10.1643382255      12.092799433  
1961 10 31.000000    10.1876015145      11.987568537  
1961 11 10.000000    10.2060892938      11.898245069  
1961 11 20.000000    10.2184916612      11.819096929  
1961 11 30.000000    10.2248823035      11.786803304  
1961 12 10.000000    10.2258880070      11.807687232  
1961 12 20.000000    10.2211104228      11.845057227  
1961 12 30.000000    10.2100716295      11.894755396  
1962  1  9.000000    10.1937017513      11.990968542  
1962  1 19.000000    10.1734641059      12.128129153  
1962  1 29.000000    10.1497368142      12.262926828  
1962  2  8.000000    10.1228342917      12.394118439  
1962  2 18.000000    10.0946119965      12.552204484  
1962  2 28.000000    10.0670434295      12.721574510  
1962  3 10.000000    10.0406701625      12.858692721  
1962  3 20.000000    10.0160331576      12.969622321  
1962  3 30.000000     9.9949064749      13.084629975  
1962  4  9.000000     9.9787960903      13.183726301  
1962  4 19.000000     9.9675916941      13.230144122  
1962  4 29.000000     9.9611402788      13.240782064  
1962  5  9.000000     9.9605784004      13.245773184  
1962  5 19.000000     9.9664627617      13.223621668  
1962  5 29.000000     9.9777303501      13.146613165  
1962  6  8.000000     9.9937672714      13.039508136  
1962  6 18.000000    10.0151056123      12.930297960  
1962  6 28.000000    10.0415167304      12.796163821  
1962  7  8.000000    10.0715439746      12.616389630  
1962  7 18.000000    10.1043893186      12.421126450  
1962  7 28.000000    10.1403107724      12.234501376  
1962  8  7.000000    10.1786796002      12.031752171  
1962  8 17.000000    10.2178545245      11.798643760  
1962  8 27.000000    10.2572016437      11.568706430  
1962  9  6.000000    10.2968289337      11.361781032  
1962  9 16.000000    10.3357699318      11.151561544  
1962  9 26.000000    10.3725200350      10.929071491  
1962 10  6.000000    10.4066083444      10.730635569  
1962 10 16.000000    10.4380344626      10.571489221  
1962 10 26.000000    10.4657871577      10.422435242  
1962 11  5.000000    10.4885398829      10.279287369  
1962 11 15.000000    10.5061859711      10.179600751  
1962 11 25.000000    10.5189219922      10.131396644  
1962 12  5.000000    10.5258969033      10.101156173  
1962 12 15.000000    10.5264261438      10.087153032  
1962 12 25.000000    10.5211116032      10.125155011  
1963  1  4.000000    10.5106931779      10.212660811  
1963  1 14.000000    10.4950878648      10.309297377  
1963  1 24.000000    10.4744944369      10.415019448  
1963  2  3.000000    10.4504464490      10.561365129  
1963  2 13.000000    10.4245125318      10.733454957  
1963  2 23.000000    10.3971596248      10.887590856  
1963  3  5.000000    10.3692175513      11.028347525  
1963  3 15.000000    10.3426773480      11.184243169  
1963  3 25.000000    10.3190586573      11.333630419  
1963  4  4.000000    10.2986466766      11.436869575  
1963  4 14.000000    10.2819505038      11.508246660  
1963  4 24.000000    10.2704180557      11.576289693  
1963  5  4.000000    10.2648294282      11.617203545  
1963  5 14.000000    10.2645617562      11.600833656  
1963  5 24.000000    10.2694620409      11.551017176  
1963  6  3.000000    10.2803089116      11.494718190  
1963  6 13.000000    10.2969234281      11.407829229  
1963  6 23.000000    10.3180939488      11.268748422  
1963  7  3.000000    10.3433497147      11.107202461  
1963  7 13.000000    10.3729414132      10.947198790  
1963  7 23.000000    10.4062041379      10.763219221  
1963  8  2.000000    10.4416883370      10.540720829  
1963  8 12.000000    10.4788819242      10.313319326  
1963  8 22.000000    10.5178508688      10.100485996  
1963  9  1.000000    10.5575535426       9.875699428  
1963  9 11.000000    10.5965767871       9.630405413  
1963  9 21.000000    10.6345766878       9.400609318  
1963 10  1.000000    10.6713710937       9.201559847  
1963 10 11.000000    10.7057933483       9.005039731  
1963 10 21.000000    10.7366167385       8.807442359  
1963 10 31.000000    10.7636409018       8.646831451  
1963 11 10.000000    10.7867184869       8.532310011  
1963 11 20.000000    10.8047294995       8.432674156  
1963 11 30.000000    10.8168415374       8.348223483  
1963 12 10.000000    10.8233856431       8.316048487  
1963 12 20.000000    10.8244942543       8.336480376  
1963 12 30.000000    10.8195817329       8.372807015  
1964  1  9.000000    10.8086826413       8.426882839  
1964  1 19.000000    10.7928917182       8.532084857  
1964  1 29.000000    10.7731424170       8.676291604  
1964  2  8.000000    10.7496632603       8.817160610  
1964  2 18.000000    10.7233094384       8.959334380  
1964  2 28.000000    10.6959955361       9.130928245  
1964  3  9.000000    10.6690822558       9.309774892  
1964  3 19.000000    10.6430528408       9.454463572  
1964  3 29.000000    10.6189772747       9.576432228  
1964  4  8.000000    10.5985790925       9.702432447  
1964  4 18.000000    10.5827842688       9.806450152  
1964  4 28.000000    10.5715080856       9.855120624  
1964  5  8.000000    10.5651473102       9.870294829  
1964  5 18.000000    10.5647432059       9.877758261  
1964  5 28.000000    10.5702994127       9.851280810  
1964  6  7.000000    10.5809316323       9.767736487  
1964  6 17.000000    10.5965660915       9.656082970  
1964  6 27.000000    10.6175409438       9.539732883  
1964  7  7.000000    10.6431724570       9.392441593  
1964  7 17.000000    10.6722723631       9.198733269  
1964  7 27.000000    10.7045153074       8.992218991  
1964  8  6.000000    10.7398985583       8.792161566  
1964  8 16.000000    10.7773788629       8.571497708  
1964  8 26.000000    10.8156695912       8.321634862  
1964  9  5.000000    10.8545354442       8.078513365  
1964  9 15.000000    10.8937027685       7.856998841  
1964  9 25.000000    10.9318853120       7.629382928  
1964 10  5.000000    10.9679959648       7.392352054  
1964 10 15.000000    11.0018434278       7.183825202  
1964 10 25.000000    11.0329964522       7.013729127  
1964 11  4.000000    11.0601959623       6.852178516  
1964 11 14.000000    11.0825852254       6.700808373  
1964 11 24.000000    11.1002676132       6.597644870  
1964 12  4.000000    11.1129338012       6.545067203  
1964 12 14.000000    11.1195949223       6.509689954  
1964 12 24.000000    11.1200995928       6.495458651  
1965  1  3.000000    11.1151432802       6.537593773  
1965  1 13.000000    11.1049483013       6.627582185  
1965  1 23.000000    11.0893777445       6.725950439  
1965  2  2.000000    11.0691626366       6.838421647  
1965  2 12.000000    11.0458518586       6.994554843  
1965  2 22.000000    11.0204323626       7.173312373  
1965  3  4.000000    10.9933775470       7.333101432  
1965  3 14.000000    10.9660542206       7.483748217  
1965  3 24.000000    10.9403272409       7.650496528  
1965  4  3.000000    10.9171384069       7.805986113  
1965  4 13.000000    10.8968709863       7.913631132  
1965  4 23.000000    10.8805342143       7.992479223  
1965  5  3.000000    10.8694071463       8.066811500  
1965  5 13.000000    10.8637364555       8.107976446  
1965  5 23.000000    10.8631024760       8.090116100  
1965  6  2.000000    10.8678704750       8.041022569  
1965  6 12.000000    10.8785681696       7.983004540  
1965  6 22.000000    10.8945710301       7.888495219  
1965  7  2.000000    10.9149944559       7.740841798  
1965  7 12.000000    10.9398027924       7.573041000  
1965  7 22.000000    10.9689425903       7.404322932  
1965  8  1.000000    11.0013858254       7.206780180  
1965  8 11.000000    11.0360607080       6.971345214  
1965  8 21.000000    11.0728239024       6.733976828  
1965  8 31.000000    11.1113445221       6.509203218  
1965  9 10.000000    11.1502897873       6.269211123  
1965  9 20.000000    11.1887003106       6.010879057  
1965  9 30.000000    11.2264674530       5.771728481  
1965 10 10.000000    11.2629513259       5.561989714  
1965 10 20.000000    11.2968001515       5.352712524  
1965 10 30.000000    11.3272562329       5.145891648  
1965 11  9.000000    11.3542672804       4.980180656  
1965 11 19.000000    11.3771863654       4.859256376  
1965 11 29.000000    11.3947937319       4.752048643  
1965 12  9.000000    11.4067891253       4.664377699  
1965 12 19.000000    11.4135428405       4.632834043  
1965 12 29.000000    11.4146628430       4.652224610  
1966  1  8.000000    11.4095931644       4.686609107  
1966  1 18.000000    11.3988944252       4.743406770  
1966  1 28.000000    11.3836116935       4.854452135  
1966  2  7.000000    11.3641487940       5.001784851  
1966  2 17.000000    11.3408129374       5.145049564  
1966  2 27.000000    11.3149870432       5.294183909  
1966  3  9.000000    11.2884172319       5.474373577  
1966  3 19.000000    11.2619015193       5.658021482  
1966  3 29.000000    11.2360956755       5.806640513  
1966  4  8.000000    11.2125400209       5.936311992  
1966  4 18.000000    11.1927016925       6.069879160  
1966  4 28.000000    11.1770079307       6.176393315  
1966  5  8.000000    11.1656136523       6.226485760  
1966  5 18.000000    11.1593787231       6.245918442  
1966  5 28.000000    11.1590485003       6.255755285  
1966  6  7.000000    11.1641907112       6.226185156  
1966  6 17.000000    11.1742884365       6.138792781  
1966  6 27.000000    11.1896737627       6.025593715  
1966  7  7.000000    11.2103249122       5.905282201  
1966  7 17.000000    11.2352422528       5.749089466  
1966  7 27.000000    11.2636522130       5.546755725  
1966  8  6.000000    11.2955485343       5.334263899  
1966  8 16.000000    11.3305238305       5.125917340  
1966  8 26.000000    11.3672828743       4.893272577  
1966  9  5.000000    11.4050100956       4.633134782  
1966  9 15.000000    11.4436786881       4.382823632  
1966  9 25.000000    11.4825332846       4.152365060  
1966 10  5.000000    11.5201537938       3.913326399  
1966 10 15.000000    11.5559368009       3.667753649  
1966 10 25.000000    11.5897739756       3.454281488  
1966 11  4.000000    11.6207411581       3.277587245  
1966 11 14.000000    11.6475279386       3.107812541  
1966 11 24.000000    11.6697864234       2.952027183  
1966 12  4.000000    11.6876147042       2.847835319  
1966 12 14.000000    11.7001783152       2.792280065  
1966 12 24.000000    11.7065675248       2.752753954  
1967  1  3.000000    11.7071550781       2.738466694  
1967  1 13.000000    11.7025165911       2.783438701  
1967  1 23.000000    11.6923809510       2.873568688  
1967  2  2.000000    11.6767732504       2.971126563  
1967  2 12.000000    11.6569216295       3.087223871  
1967  2 22.000000    11.6341748163       3.248855824  
1967  3  4.000000    11.6090015470       3.429720848  
1967  3 14.000000    11.5821087897       3.591140892  
1967  3 24.000000    11.5553214725       3.747623922  
1967  4  3.000000    11.5301789129       3.920865358  
1967  4 13.000000    11.5071546269       4.078713608  
1967  4 23.000000    11.4869316003       4.188270897  
1967  5  3.000000    11.4709153961       4.272625328  
1967  5 13.000000    11.4600341713       4.351452534  
1967  5 23.000000    11.4541309812       4.392268896  
1967  6  2.000000    11.4531723554       4.373800960  
1967  6 12.000000    11.4578962797       4.326778572  
1967  6 22.000000    11.4684197493       4.268743920  
1967  7  2.000000    11.4838327340       4.169497732  
1967  7 12.000000    11.5037117369       4.017311855  
1967  7 22.000000    11.5282876184       3.847562806  
1967  8  1.000000    11.5570782774       3.674543137  
1967  8 11.000000    11.5888616442       3.468738128  
1967  8 21.000000    11.6230456270       3.226435855  
1967  8 31.000000    11.6596633729       2.984979686  
1967  9 10.000000    11.6978959617       2.753998052  
1967  9 20.000000    11.7363128120       2.505033863  
1967  9 30.000000    11.7744599240       2.240114200  
1967 10 10.000000    11.8122593086       1.997534439  
1967 10 20.000000    11.8485706997       1.782470427  
1967 10 30.000000    11.8820512726       1.565820362  
1967 11  9.000000    11.9124292646       1.354961395  
1967 11 19.000000    11.9395923796       1.188274665  
1967 11 29.000000    11.9623855229       1.064128729  
1967 12  9.000000    11.9797006531       0.952190077  
1967 12 19.000000    11.9917454833       0.863426224  
1967 12 29.000000    11.9987155907       0.833290216  
1968  1  8.000000    11.9997396343       0.851272723  
1968  1 18.000000    11.9944985632       0.882852783  
1968  1 28.000000    11.9840185108       0.940813286  
1968  2  7.000000    11.9690935380       1.054811496  
1968  2 17.000000    11.9496773341       1.201598862  
1968  2 27.000000    11.9263657106       1.343662601  
1968  3  8.000000    11.9009770239       1.495826588  
1968  3 18.000000    11.8748960609       1.680020106  
1968  3 28.000000    11.8484864049       1.864024705  
1968  4  7.000000    11.8227692171       2.012923742  
1968  4 17.000000    11.7996305295       2.147030142  
1968  4 27.000000    11.7801179344       2.284932912  
1968  5  7.000000    11.7643086265       2.391606301  
1968  5 17.000000    11.7527657655       2.442169930  
1968  5 27.000000    11.7466607634       2.465488529  
1968  6  6.000000    11.7462951018       2.477709328  
1968  6 16.000000    11.7509759869       2.446263926  
1968  6 26.000000    11.7606807341       2.357478271  
1968  7  6.000000    11.7759637312       2.245687146  
1968  7 16.000000    11.7963370086       2.124683605  
1968  7 26.000000    11.8206661741       1.963795469  
1968  8  5.000000    11.8486752000       1.758020847  
1968  8 15.000000    11.8804838988       1.544846470  
1968  8 25.000000    11.9152029219       1.333513704  
1968  9  4.000000    11.9514789672       1.094851141  
1968  9 14.000000    11.9890098684       0.830859221  
1968  9 24.000000    12.0277669248       0.579519376  
1968 10  4.000000    12.0664839876       0.345966788  
1968 10 14.000000    12.1038034753       0.101503803  
1968 10 24.000000    12.1396020328      -0.146546182  
1968 11  3.000000    12.1736483384      -0.359612349  
1968 11 13.000000    12.2045335417      -0.538358060  
1968 11 23.000000    12.2310949091      -0.712014873  
1968 12  3.000000    12.2534563544      -0.868330395  
1968 12 13.000000    12.2715013744      -0.970842267  
1968 12 23.000000    12.2839272993      -1.027768549  
1969  1  2.000000    12.2901047598      -1.070418598  
1969  1 12.000000    12.2908497913      -1.084417052  
1969  1 22.000000    12.2864265174      -1.037619143  
1969  2  1.000000    12.2761680522      -0.949502836  
1969  2 11.000000    12.2604522635      -0.855195093  
1969  2 21.000000    12.2408974777      -0.738438751  
1969  3  3.000000    12.2184719614      -0.575311532  
1969  3 13.000000    12.1932636041      -0.396704497  
1969  3 23.000000    12.1663957839      -0.237678082  
1969  4  2.000000    12.1400090816      -0.079288358  
1969  4 12.000000    12.1151668003       0.096308200  
1969  4 22.000000    12.0920438047       0.252808820  
1969  5  2.000000    12.0717753337       0.361703137  
1969  5 12.000000    12.0560017035       0.449589897  
1969  5 22.000000    12.0451731355       0.531198667  
1969  6  1.000000    12.0389151498       0.571010544  
1969  6 11.000000    12.0376999314       0.552584846  
1969  6 21.000000    12.0424459252       0.508911510  
1969  7  1.000000    12.0527666904       0.452586083  
1969  7 11.000000    12.0676630916       0.351304172  
1969  7 21.000000    12.0872394661       0.198421683  
1969  7 31.000000    12.1117928726       0.030980122  
1969  8 10.000000    12.1403550987      -0.141941705  
1969  8 20.000000    12.1717036947      -0.350824999  
1969  8 30.000000    12.2057561253      -0.594074038  
1969  9  9.000000    12.2425110237      -0.833700568  
1969  9 19.000000    12.2806422916      -1.065076596  
1969  9 29.000000    12.3188214953      -1.316872720  
1969 10  9.000000    12.3570803775      -1.581924361  
1969 10 19.000000    12.3951644495      -1.821839124  
1969 10 29.000000    12.4314594531      -2.036774769  
1969 11  8.000000    12.4648232093      -2.255395427  
1969 11 18.000000    12.4954144857      -2.465009841  
1969 11 28.000000    12.5228624939      -2.628342720  
1969 12  8.000000    12.5455702955      -2.752392677  
1969 12 18.000000    12.5627324295      -2.866213992  
1969 12 28.000000    12.5749701667      -2.953790635  
1970  1  7.000000    12.5821191710      -2.981493678  
1970  1 17.000000    12.5829412179      -2.965213014  
1970  1 27.000000    12.5775299786      -2.937238356  
1970  2  6.000000    12.5672513958      -2.879482778  
1970  2 16.000000    12.5524845161      -2.765203196  
1970  2 26.000000    12.5328785119      -2.622498630  
1970  3  8.000000    12.5094829609      -2.485180594  
1970  3 18.000000    12.4843968834      -2.333731301  
1970  3 28.000000    12.4585039419      -2.149862023  
1970  4  7.000000    12.4319186999      -1.969893331  
1970  4 17.000000    12.4061649330      -1.824354971  
1970  4 27.000000    12.3832987518      -1.688947939  
1970  5  7.000000    12.3638453434      -1.549846190  
1970  5 17.000000    12.3477300503      -1.445411887  
1970  5 27.000000    12.3360283310      -1.395490915  
1970  6  6.000000    12.3300300631      -1.368725412  
1970  6 16.000000    12.3295149721      -1.354155302  
1970  6 26.000000    12.3337370732      -1.386537731  
1970  7  6.000000    12.3432241280      -1.474553720  
1970  7 16.000000    12.3585441380      -1.582108772  
1970  7 26.000000    12.3787035025      -1.700723231  
1970  8  5.000000    12.4026336385      -1.862387882  
1970  8 15.000000    12.4305670726      -2.066652094  
1970  8 25.000000    12.4625411648      -2.275306236  
1970  9  4.000000    12.4971786635      -2.484392466  
1970  9 14.000000    12.5332666080      -2.723292093  
1970  9 24.000000    12.5709850619      -2.984780924  
1970 10  4.000000    12.6100957202      -3.230858709  
1970 10 14.000000    12.6488623116      -3.461642791  
1970 10 24.000000    12.6861774632      -3.705553024  
1970 11  3.000000    12.7223249952      -3.949871779  
1970 11 13.000000    12.7567603978      -4.156998382  
1970 11 23.000000    12.7876687966      -4.333161452  
1970 12  3.000000    12.8142119369      -4.506318392  
1970 12 13.000000    12.8368813144      -4.659114233  
1970 12 23.000000    12.8551684997      -4.757016566  
1971  1  2.000000    12.8674239776      -4.813677088  
1971  1 12.000000    12.8734639287      -4.858383082  
1971  1 22.000000    12.8744058289      -4.871508844  
1971  2  1.000000    12.8700509715      -4.823708973  
1971  2 11.000000    12.8594957379      -4.739678833  
1971  2 21.000000    12.8436133991      -4.650930373  
1971  3  3.000000    12.8242474617      -4.536218398  
1971  3 13.000000    12.8018613336      -4.375320300  
1971  3 23.000000    12.7763530785      -4.203243046  
1971  4  2.000000    12.7493845638      -4.050533077  
1971  4 12.000000    12.7232242008      -3.893897283  
1971  4 22.000000    12.6983728228      -3.719955656  
1971  5  2.000000    12.6749192656      -3.568561565  
1971  5 12.000000    12.6545359356      -3.462944019  
1971  5 22.000000    12.6389007962      -3.373504677  
1971  6  1.000000    12.6279294339      -3.290904509  
1971  6 11.000000    12.6212442427      -3.253021138  
1971  6 21.000000    12.6198692536      -3.271033131  
1971  7  1.000000    12.6246897589      -3.310203162  
1971  7 11.000000    12.6347934547      -3.363337960  
1971  7 21.000000    12.6493025973      -3.464326444  
1971  7 31.000000    12.6688434860      -3.614304206  
1971  8 10.000000    12.6935684540      -3.775325639  
1971  8 20.000000    12.7220384364      -3.943945855  
1971  8 30.000000    12.7532248194      -4.150973203  
1971  9  9.000000    12.7875107470      -4.389365114  
1971  9 19.000000    12.8246570854      -4.621210385  
1971  9 29.000000    12.8628816396      -4.847260288  
1971 10  9.000000    12.9011436750      -5.095875124  
1971 10 19.000000    12.9398743679      -5.354501743  
1971 10 29.000000    12.9784550395      -5.585567330  
1971 11  8.000000    13.0148915081      -5.794970103  
1971 11 18.000000    13.0484073653      -6.010159975  
1971 11 28.000000    13.0794726665      -6.213126484  
1971 12  8.000000    13.1072935310      -6.368661383  
1971 12 18.000000    13.1299597534      -6.489340111  
1971 12 28.000000    13.1471194832      -6.602204336  
1972  1  7.000000    13.1596551955      -6.686096687  
1972  1 17.000000    13.1669021997      -6.710218845  
1972  1 27.000000    13.1674250852      -6.695955118  
1972  2  6.000000    13.1618540345      -6.672229936  
1972  2 16.000000    13.1517165722      -6.615755762  
1972  2 26.000000    13.1368723814      -6.503654005  
1972  3  7.000000    13.1168600171      -6.368466135  
1972  3 17.000000    13.0932844274      -6.239250392  
1972  3 27.000000    13.0683310926      -6.091919603  
1972  4  6.000000    13.0423094602      -5.912538195  
1972  4 16.000000    13.0153064010      -5.741025231  
1972  4 26.000000    12.9894166250      -5.602395148  
1972  5  6.000000    12.9666585029      -5.468719764  
1972  5 16.000000    12.9470040922      -5.331637051  
1972  5 26.000000    12.9304478672      -5.232053021  
1972  6  5.000000    12.9186060525      -5.184071543  
1972  6 15.000000    12.9126765208      -5.154389787  
1972  6 25.000000    12.9119125032      -5.137750820  
1972  7  5.000000    12.9157314779      -5.170525289  
1972  7 15.000000    12.9251937721      -5.255809785  
1972  7 25.000000    12.9406678059      -5.356449366  
1972  8  4.000000    12.9606890962      -5.469900734  
1972  8 14.000000    12.9844512516      -5.628712719  
1972  8 24.000000    13.0126332820      -5.826659712  
1972  9  3.000000    13.0449938861      -6.025673415  
1972  9 13.000000    13.0797316885      -6.227482744  
1972  9 23.000000    13.1159532093      -6.461052990  
1972 10  3.000000    13.1542242359      -6.713666463  
1972 10 13.000000    13.1939124259      -6.948190568  
1972 10 23.000000    13.2329163038      -7.170534700  
1972 11  2.000000    13.2705378205      -7.407988663  
1972 11 12.000000    13.3073321211      -7.642290742  
1972 11 22.000000    13.3422887916      -7.837957258  
1972 12  2.000000    13.3733258583      -8.007049534  
1972 12 12.000000    13.4000633912      -8.175385152  
1972 12 22.000000    13.4232018964      -8.320480520  
1973  1  1.000000    13.4417133099      -8.410838632  
1973  1 11.000000    13.4537758483      -8.465765913  
1973  1 21.000000    13.4597623431      -8.511386615  
1973  1 31.000000    13.4609017488      -8.522847852  
1973  2 10.000000    13.4564440328      -8.474855028  
1973  2 20.000000    13.4454498187      -8.396999994  
1973  3  2.000000    13.4293638242      -8.315955407  
1973  3 12.000000    13.4100546213      -8.205715536  
1973  3 22.000000    13.3874238370      -8.050659129  
1973  4  1.000000    13.3614009743      -7.889403606  
1973  4 11.000000    13.3342370526      -7.746738450  
1973  4 21.000000    13.3081127585      -7.595278993  
1973  5  1.000000    13.2829537981      -7.427039495  
1973  5 11.000000    13.2589954838      -7.284598483  
1973  5 21.000000    13.2384526113      -7.184837927  
1973  5 31.000000    13.2228325838      -7.095796989  
1973  6 10.000000    13.2115365676      -7.014163936  
1973  6 20.000000    13.2044013769      -6.979413437  
1973  6 30.000000    13.2029739942      -6.996741179  
1973  7 10.000000    13.2078955156      -7.030341458  
1973  7 20.000000    13.2177792556      -7.079153642  
1973  7 30.000000    13.2320711041      -7.177829895  
1973  8  9.000000    13.2518399937      -7.321434899  
1973  8 19.000000    13.2768995082      -7.472112636  
1973  8 29.000000    13.3054237576      -7.632552040  
1973  9  8.000000    13.3367488275      -7.833076825  
1973  9 18.000000    13.3716139634      -8.060891670  
1973  9 28.000000    13.4093655774      -8.279115346  
1973 10  8.000000    13.4478794367      -8.494432456  
1973 10 18.000000    13.4865547453      -8.734002246  
1973 10 28.000000    13.5260735348      -8.979586713  
1973 11  7.000000    13.5653069037      -9.195725245  
1973 11 17.000000    13.6020335221      -9.394396304  
1973 11 27.000000    13.6359594584      -9.600784366  
1973 12  7.000000    13.6676978484      -9.791590678  
1973 12 17.000000    13.6959214645      -9.934934855  
1973 12 27.000000    13.7185834694     -10.049169337  
1974  1  6.000000    13.7358820171     -10.158189937  
1974  1 16.000000    13.7487668513     -10.235722602  
1974  1 26.000000    13.7559956087     -10.255222857  
1974  2  5.000000    13.7561460860     -10.243412112  
1974  2 15.000000    13.7504391147     -10.224425252  
1974  2 25.000000    13.7403546561     -10.170119981  
1974  3  7.000000    13.7251993834     -10.062658076  
1974  3 17.000000    13.7046188912      -9.938456108  
1974  3 27.000000    13.6808004253      -9.820468192  
1974  4  6.000000    13.6557993385      -9.680373029  
1974  4 16.000000    13.6293533368      -9.509668167  
1974  4 26.000000    13.6017567844      -9.351041418  
1974  5  6.000000    13.5756613394      -9.222635995  
1974  5 16.000000    13.5528348423      -9.093605608  
1974  5 26.000000    13.5327448438      -8.961884365  
1974  6  5.000000    13.5156712903      -8.869913305  
1974  6 15.000000    13.5037243989      -8.825160291  
1974  6 25.000000    13.4978076395      -8.793143488  
1974  7  5.000000    13.4967158467      -8.775064068  
1974  7 15.000000    13.5002339664      -8.807990930  
1974  7 25.000000    13.5098638139      -8.888663292  
1974  8  4.000000    13.5255798739      -8.979939534  
1974  8 14.000000    13.5455533212      -9.085856871  
1974  8 24.000000    13.5694067962      -9.238467157  
1974  9  3.000000    13.5981378995      -9.425397811  
1974  9 13.000000    13.6310633449      -9.609833991  
1974  9 23.000000    13.6660824717      -9.799700882  
1974 10  3.000000    13.7027625648     -10.022565039  
1974 10 13.000000    13.7418996363     -10.259888942  
1974 10 23.000000    13.7823270869     -10.476746734  
1974 11  2.000000    13.8217403344     -10.685278008  
1974 11 12.000000    13.8599573722     -10.910404631  
1974 11 22.000000    13.8976225560     -11.128356493  
1974 12  2.000000    13.9331652885     -11.307213982  
1974 12 12.000000    13.9644185066     -11.465009746  
1974 12 22.000000    13.9915380783     -11.624213443  
1975  1  1.000000    14.0152380550     -11.757339104  
1975  1 11.000000    14.0339073348     -11.837443555  
1975  1 21.000000    14.0457643395     -11.889403852  
1975  1 31.000000    14.0517790013     -11.934668258  
1975  2 10.000000    14.0530729563     -11.943563748  
1975  2 20.000000    14.0483337606     -11.896319475  
1975  3  2.000000    14.0368047190     -11.826778502  
1975  3 12.000000    14.0205001920     -11.755327439  
1975  3 22.000000    14.0011009780     -11.651717644  
1975  4  1.000000    13.9779655102     -11.506149101  
1975  4 11.000000    13.9512834476     -11.359977161  
1975  4 21.000000    13.9238645575     -11.230726686  
1975  5  1.000000    13.8975838173     -11.087681900  
1975  5 11.000000    13.8718612320     -10.929321607  
1975  5 21.000000    13.8473002104     -10.799709313  
1975  5 31.000000    13.8265842880     -10.708267599  
1975  6 10.000000    13.8108568697     -10.621614859  
1975  6 20.000000    13.7990972804     -10.543241802  
1975  6 30.000000    13.7915546762     -10.513096809  
1975  7 10.000000    13.7901959231     -10.529505686  
1975  7 20.000000    13.7952297351     -10.556710403  
1975  7 30.000000    13.8049187306     -10.600541657  
1975  8  9.000000    13.8192002331     -10.695140290  
1975  8 19.000000    13.8394384448     -10.828996924  
1975  8 29.000000    13.8649557860     -10.965665791  
1975  9  8.000000    13.8936828534     -11.114445854  
1975  9 18.000000    13.9254477357     -11.304012534  
1975  9 28.000000    13.9611824272     -11.515520304  
1975 10  8.000000    13.9996895812     -11.714523695  
1975 10 18.000000    14.0386709021     -11.914078960  
1975 10 28.000000    14.0780650523     -12.138798925  
1975 11  7.000000    14.1186092202     -12.364735045  
1975 11 17.000000    14.1585814441     -12.560184320  
1975 11 27.000000    14.1957260527     -12.743270076  
1975 12  7.000000    14.2302857087     -12.935570486  
1975 12 17.000000    14.2628176301     -13.108753511  
1975 12 27.000000    14.2914172988     -13.235885221  
1976  1  6.000000    14.3141100582     -13.340974603  
1976  1 16.000000    14.3316698697     -13.443238553  
1976  1 26.000000    14.3448961681     -13.511762135  
1976  2  5.000000    14.3519718324     -13.525948173  
1976  2 15.000000    14.3517131921     -13.517179619  
1976  2 25.000000    14.3459044707     -13.503229597  
1976  3  6.000000    14.3357657656     -13.451868877  
1976  3 16.000000    14.3200945227     -13.351663371  
1976  3 26.000000    14.2988596318     -13.241911349  
1976  4  5.000000    14.2747780880     -13.137916265  
1976  4 15.000000    14.2495609904     -13.008004312  
1976  4 25.000000    14.2224562708     -12.850326278  
1976  5  5.000000    14.1941866274     -12.708953482  
1976  5 15.000000    14.1678617652     -12.593828409  
1976  5 25.000000    14.1448076814     -12.472350851  
1976  6  4.000000    14.1241099305     -12.349581972  
1976  6 14.000000    14.1065207749     -12.268098280  
1976  6 24.000000    14.0945250959     -12.227761055  
1976  7  4.000000    14.0885592884     -12.194145800  
1976  7 14.000000    14.0870984762     -12.175677785  
1976  7 24.000000    14.0904609263     -12.208665316  
1976  8  3.000000    14.1004306566     -12.282837230  
1976  8 13.000000    14.1164414234     -12.362591169  
1976  8 23.000000    14.1364662775     -12.458997516  
1976  9  2.000000    14.1606723604     -12.602199469  
1976  9 12.000000    14.1901983669     -12.773431832  
1976  9 22.000000    14.2238074988     -12.938650622  
1976 10  2.000000    14.2592740639     -13.112332412  
1976 10 12.000000    14.2967128480     -13.319204507  
1976 10 22.000000    14.3369495713     -13.534879702  
1976 11  1.000000    14.3782071737     -13.728391289  
1976 11 11.000000    14.4181809357     -13.918160172  
1976 11 21.000000    14.4572418421     -14.125212106  
1976 12  1.000000    14.4959145072     -14.320655006  
1976 12 11.000000    14.5320459398     -14.477861914  
1976 12 21.000000    14.5635893389     -14.620604737  
1976 12 31.000000    14.5912429215     -14.766447502  
1977  1 10.000000    14.6155223263     -14.883502864  
1977  1 20.000000    14.6342492295     -14.951175365  
1977  1 30.000000    14.6459071224     -14.999215220  
1977  2  9.000000    14.6520218163     -15.042744519  
1977  2 19.000000    14.6533912305     -15.048247417  
1977  3  1.000000    14.6482113804     -15.002996986  
1977  3 11.000000    14.6361177266     -14.943954811  
1977  3 21.000000    14.6196137824     -14.883679546  
1977  3 31.000000    14.5999898396     -14.788761740  
1977  4 10.000000    14.5761584962     -14.656537822  
1977  4 20.000000    14.5487777742     -14.529598832  
1977  4 30.000000    14.5210994721     -14.416755712  
1977  5 10.000000    14.4945005217     -14.285339084  
1977  5 20.000000    14.4680421913     -14.141218300  
1977  5 30.000000    14.4428755077     -14.028226532  
1977  6  9.000000    14.4220064876     -13.947315861  
1977  6 19.000000    14.4060607413     -13.865102608  
1977  6 29.000000    14.3937539243     -13.792588151  
1977  7  9.000000    14.3859015287     -13.768517077  
1977  7 19.000000    14.3847229389     -13.783630350  
1977  7 29.000000    14.3898562182     -13.803866084  
1977  8  8.000000    14.3993982369     -13.842418790  
1977  8 18.000000    14.4138876884     -13.931219437  
1977  8 28.000000    14.4347868641     -14.051957281  
1977  9  7.000000    14.4608341805     -14.171280676  
1977  9 17.000000    14.4899040138     -14.305336964  
1977  9 27.000000    14.5223840239     -14.479556162  
1977 10  7.000000    14.5591944005     -14.669070552  
1977 10 17.000000    14.5985315528     -14.843713480  
1977 10 27.000000    14.6381286670     -15.022890770  
1977 11  6.000000    14.6784905078     -15.227005760  
1977 11 16.000000    14.7201900536     -15.426878111  
1977 11 26.000000    14.7609083251     -15.596422677  
1977 12  6.000000    14.7985644928     -15.759519619  
1977 12 16.000000    14.8339195751     -15.932560720  
1977 12 26.000000    14.8672688201     -16.082928291  
1978  1  5.000000    14.8961641998     -16.190487232  
1978  1 15.000000    14.9189193904     -16.284136957  
1978  1 25.000000    14.9368310307     -16.376747270  
1978  2  4.000000    14.9503339632     -16.433895412  
1978  2 14.000000    14.9571250278     -16.442592617  
1978  2 24.000000    14.9564685514     -16.437588609  
1978  3  6.000000    14.9506026714     -16.428771467  
1978  3 16.000000    14.9402972348     -16.381153919  
1978  3 26.000000    14.9239612142     -16.291064052  
1978  4  5.000000    14.9020740948     -16.199039748  
1978  4 15.000000    14.8777483541     -16.111304726  
1978  4 25.000000    14.8521692220     -15.994413737  
1978  5  5.000000    14.8242536782     -15.854175176  
1978  5 15.000000    14.7953256010     -15.734078203  
1978  5 25.000000    14.7687805781     -15.634838503  
1978  6  4.000000    14.7453610884     -15.523764573  
1978  6 14.000000    14.7239546175     -15.413671976  
1978  6 24.000000    14.7059204931     -15.345349721  
1978  7  4.000000    14.6939376711     -15.310329638  
1978  7 14.000000    14.6878563376     -15.276042132  
1978  7 24.000000    14.6860291987     -15.258532022  
1978  8  3.000000    14.6894111221     -15.291404712  
1978  8 13.000000    14.6998565336     -15.357142690  
1978  8 23.000000    14.7161806796     -15.423564405  
1978  9  2.000000    14.7363648641     -15.508845814  
1978  9 12.000000    14.7611666377     -15.639448620  
1978  9 22.000000    14.7916553402     -15.790337029  
1978 10  2.000000    14.8259975008     -15.932159938  
1978 10 12.000000    14.8620474186     -16.085804254  
1978 10 22.000000    14.9004809926     -16.271384589  
1978 11  1.000000    14.9419314317     -16.459224611  
1978 11 11.000000    14.9840159740     -16.624275588  
1978 11 21.000000    15.0246470635     -16.790713874  
1978 12  1.000000    15.0647088316     -16.974020835  
1978 12 11.000000    15.1043979727     -17.141105934  
1978 12 21.000000    15.1410369919     -17.272510375  
1978 12 31.000000    15.1729060107     -17.396872842  
1979  1 10.000000    15.2011742725     -17.525196284  
1979  1 20.000000    15.2259574943     -17.622492172  
1979  1 30.000000    15.2446113547     -17.676224298  
1979  2  9.000000    15.2560898228     -17.719601471  
1979  2 19.000000    15.2623482186     -17.759926496  
1979  3  1.000000    15.2636766598     -17.761416165  
1979  3 11.000000    15.2579271697     -17.719736095  
1979  3 21.000000    15.2452969814     -17.673205442  
1979  3 31.000000    15.2286230145     -17.625197111  
1979  4 10.000000    15.2086424664     -17.540935167  
1979  4 20.000000    15.1839921850     -17.425915175  
1979  4 30.000000    15.1559561085     -17.321827825  
1979  5 10.000000    15.1280376254     -17.227758685  
1979  5 20.000000    15.1009806832     -17.111023785  
1979  5 30.000000    15.0736965777     -16.985425735  
1979  6  9.000000    15.0479980946     -16.892389325  

