v15.04    Планета: Уран  (INPOP13C)
          Спутник: U3 Титани  (Emelyanov,Nikonchuk(2013),DOI:10.1093/mnras/stt1851..)
                            - эфемериды на инт. 1787/02/12.0-2032/01/09.0
   Обсерватория N:  84 - Pulkovo
    Шкала времени: UTC
Средний экватор и равноденствие эпохи J2000.  ICRF. 
Координаты астрометрические 
Год  Месяц День       alpha (h)          delta (º)
1952  2  1.000000     6.8318852804      23.340248407  
1952  2 11.000000     6.8082953091      23.359036800  
1952  2 21.000000     6.7898940203      23.374949622  
1952  3  2.000000     6.7771021028      23.391184289  
1952  3 12.000000     6.7700784725      23.405100107  
1952  3 22.000000     6.7689858436      23.410399036  
1952  4  1.000000     6.7742142611      23.401968395  
1952  4 11.000000     6.7860533292      23.380073711  
1952  4 21.000000     6.8043877160      23.350155648  
1952  5  1.000000     6.8286433401      23.318299233  
1952  5 11.000000     6.8578181529      23.286664938  
1952  5 21.000000     6.8909306427      23.252006637  
1952  5 31.000000     6.9273099813      23.208490521  
1952  6 10.000000     6.9664886069      23.152875938  
1952  6 20.000000     7.0080793144      23.087320197  
1952  6 30.000000     7.0514207729      23.018220697  
1952  7 10.000000     7.0954426344      22.951944291  
1952  7 20.000000     7.1389773277      22.890312624  
1952  7 30.000000     7.1809639167      22.830333457  
1952  8  9.000000     7.2206729979      22.767713832  
1952  8 19.000000     7.2577148114      22.701270679  
1952  8 29.000000     7.2916458857      22.635526870  
1952  9  8.000000     7.3217995072      22.578449598  
1952  9 18.000000     7.3472713191      22.536271343  
1952  9 28.000000     7.3670627664      22.509978110  
1952 10  8.000000     7.3805371592      22.495454012  
1952 10 18.000000     7.3875261004      22.487627880  
1952 10 28.000000     7.3881989142      22.485466483  
1952 11  7.000000     7.3829010522      22.492985996  
1952 11 17.000000     7.3718047351      22.516148173  
1952 11 27.000000     7.3550051269      22.557296546  
1952 12  7.000000     7.3328743276      22.612015902  
1952 12 17.000000     7.3062275314      22.671465761  
1952 12 27.000000     7.2764970190      22.727616121  
1953  1  6.000000     7.2454506674      22.777918561  
1953  1 16.000000     7.2146699997      22.825572295  
1953  1 26.000000     7.1854282644      22.874628262  
1953  2  5.000000     7.1586467439      22.924887040  
1953  2 15.000000     7.1351660008      22.970611478  
1953  2 25.000000     7.1160760763      23.003760871  
1953  3  7.000000     7.1025050562      23.019848276  
1953  3 17.000000     7.0953798206      23.020734449  
1953  3 27.000000     7.0951370467      23.012551143  
1953  4  6.000000     7.1015287913      23.000692934  
1953  4 16.000000     7.1140080352      22.985256156  
1953  4 26.000000     7.1320570419      22.961304395  
1953  5  6.000000     7.1553194553      22.923267709  
1953  5 16.000000     7.1836432088      22.869394854  
1953  5 26.000000     7.2166934331      22.803698544  
1953  6  5.000000     7.2537290885      22.733197821  
1953  6 15.000000     7.2937232218      22.662598077  
1953  6 25.000000     7.3355063917      22.591591687  
1953  7  5.000000     7.3781446872      22.515919175  
1953  7 15.000000     7.4210670195      22.431558906  
1953  7 25.000000     7.4637998383      22.339373246  
1953  8  4.000000     7.5057962799      22.245485358  
1953  8 14.000000     7.5461996112      22.157846120  
1953  8 24.000000     7.5838670788      22.081516997  
1953  9  3.000000     7.6177607030      22.015937477  
1953  9 13.000000     7.6471099564      21.957158921  
1953  9 23.000000     7.6714907073      21.902572857  
1953 10  3.000000     7.6907300235      21.854396174  
1953 10 13.000000     7.7045078117      21.819626812  
1953 10 23.000000     7.7123264716      21.805403672  
1953 11  2.000000     7.7136723015      21.813786979  
1953 11 12.000000     7.7082302288      21.840641507  
1953 11 22.000000     7.6962774606      21.878399557  
1953 12  2.000000     7.6786233717      21.921657863  
1953 12 12.000000     7.6563169712      21.970544494  
1953 12 22.000000     7.6304531853      22.028748651  
1954  1  1.000000     7.6019189783      22.098627330  
1954  1 11.000000     7.5715892415      22.176705724  
1954  1 21.000000     7.5406715464      22.253906360  
1954  1 31.000000     7.5106713018      22.320777532  
1954  2 10.000000     7.4833235087      22.372634007  
1954  2 20.000000     7.4601807596      22.411428596  
1954  3  2.000000     7.4421825154      22.442618738  
1954  3 12.000000     7.4297834970      22.468949373  
1954  3 22.000000     7.4231332990      22.487661521  
1954  4  1.000000     7.4223722110      22.492305136  
1954  4 11.000000     7.4278430971      22.477408087  
1954  4 21.000000     7.4397808647      22.443149168  
1954  5  1.000000     7.4580828078      22.395140971  
1954  5 11.000000     7.4822059904      22.340034106  
1954  5 21.000000     7.5111887721      22.280933135  
1954  5 31.000000     7.5440902166      22.215352866  
1954  6 10.000000     7.5802194599      22.138081488  
1954  6 20.000000     7.6190796078      22.046360827  
1954  6 30.000000     7.6602746608      21.942742154  
1954  7 10.000000     7.7031464394      21.834363122  
1954  7 20.000000     7.7466817672      21.728539653  
1954  7 30.000000     7.7897671862      21.628019692  
1954  8  9.000000     7.8313501596      21.530732915  
1954  8 19.000000     7.8706946043      21.432925889  
1954  8 29.000000     7.9073661368      21.333841980  
1954  9  8.000000     7.9408922274      21.238549207  
1954  9 18.000000     7.9706402917      21.155560909  
1954  9 28.000000     7.9957473510      21.091904357  
1954 10  8.000000     8.0152619478      21.049288043  
1954 10 18.000000     8.0285658129      21.023934558  
1954 10 28.000000     8.0354424272      21.010981101  
1954 11  7.000000     8.0360259195      21.009251831  
1954 11 17.000000     8.0306520298      21.022497150  
1954 11 27.000000     8.0195183371      21.056587618  
1954 12  7.000000     8.0027951530      21.113537028  
1954 12 17.000000     7.9808877118      21.188442636  
1954 12 27.000000     7.9545914962      21.271694628  
1955  1  6.000000     7.9252968399      21.353935291  
1955  1 16.000000     7.8947025059      21.431240553  
1955  1 26.000000     7.8643749076      21.505523198  
1955  2  5.000000     7.8356156703      21.579651466  
1955  2 15.000000     7.8093585162      21.652635976  
1955  2 25.000000     7.7864454277      21.717873489  
1955  3  7.000000     7.7679085963      21.766368917  
1955  3 17.000000     7.7547911998      21.792807079  
1955  3 27.000000     7.7479822998      21.798299807  
1955  4  6.000000     7.7479069583      21.788732777  
1955  4 16.000000     7.7543521961      21.769766394  
1955  4 26.000000     7.7668222699      21.741853353  
1955  5  6.000000     7.7847927568      21.700538931  
1955  5 16.000000     7.8078870831      21.640559349  
1955  5 26.000000     7.8359211788      21.560375213  
1955  6  5.000000     7.8685380047      21.464506315  
1955  6 15.000000     7.9050442919      21.360628251  
1955  6 25.000000     7.9444714792      21.254353871  
1955  7  5.000000     7.9856927054      21.146343694  
1955  7 15.000000     8.0278006794      21.033000544  
1955  7 25.000000     8.0701876714      20.910883383  
1955  8  4.000000     8.1123444139      20.781386520  
1955  8 14.000000     8.1537313405      20.651157536  
1955  8 24.000000     8.1935186460      20.528998221  
1955  9  3.000000     8.2306295015      20.420789538  
1955  9 13.000000     8.2640708620      20.326674131  
1955  9 23.000000     8.2930536043      20.243347594  
1955 10  3.000000     8.3171209725      20.168511150  
1955 10 13.000000     8.3360561654      20.104676043  
1955 10 23.000000     8.3495327223      20.059241065  
1955 11  2.000000     8.3571161419      20.039586052  
1955 11 12.000000     8.3583461520      20.048085174  
1955 11 22.000000     8.3529381471      20.080649056  
1955 12  2.000000     8.3411564550      20.129316131  
1955 12 12.000000     8.3237428191      20.188163546  
1955 12 22.000000     8.3017147495      20.256483862  
1956  1  1.000000     8.2761791215      20.337059090  
1956  1 11.000000     8.2480563076      20.431475883  
1956  1 21.000000     8.2182716269      20.535254821  
1956  1 31.000000     8.1880092743      20.638232970  
1956  2 10.000000     8.1586975681      20.729758180  
1956  2 20.000000     8.1319968087      20.803738395  
1956  3  1.000000     8.1093919717      20.861047363  
1956  3 11.000000     8.0918253808      20.906369934  
1956  3 21.000000     8.0797903098      20.941982307  
1956  3 31.000000     8.0734402125      20.964974432  
1956  4 10.000000     8.0729023665      20.968684231  
1956  4 20.000000     8.0784639434      20.947436875  
1956  4 30.000000     8.0903021009      20.901419578  
1956  5 10.000000     8.1083257002      20.836393341  
1956  5 20.000000     8.1320301698      20.759584298  
1956  5 30.000000     8.1605173826      20.674844549  
1956  6  9.000000     8.1929011150      20.580327662  
1956  6 19.000000     8.2284755326      20.471476910  
1956  6 29.000000     8.2667158925      20.345993090  
1956  7  9.000000     8.3072090949      20.206917590  
1956  7 19.000000     8.3493014553      20.062137054  
1956  7 29.000000     8.3920502795      19.919710672  
1956  8  8.000000     8.4344064349      19.783216118  
1956  8 18.000000     8.4753391272      19.651358389  
1956  8 28.000000     8.5141070705      19.520869737  
1956  9  7.000000     8.5502220051      19.391550761  
1956  9 17.000000     8.5831793261      19.269001797  
1956  9 27.000000     8.6123787392      19.162244423  
1956 10  7.000000     8.6370052312      19.078978445  
1956 10 17.000000     8.6561694626      19.021398255  
1956 10 27.000000     8.6692738452      18.986024139  
1956 11  6.000000     8.6760531380      18.968239922  
1956 11 16.000000     8.6765982183      18.966788189  
1956 11 26.000000     8.6712221485      18.985303855  
1956 12  6.000000     8.6601498245      19.029492939  
1956 12 16.000000     8.6436303138      19.100934917  
1956 12 26.000000     8.6221030417      19.194232424  
1957  1  5.000000     8.5963455202      19.299005808  
1957  1 15.000000     8.5676882298      19.404800173  
1957  1 25.000000     8.5377371088      19.506594339  
1957  2  4.000000     8.5080302840      19.605095179  
1957  2 14.000000     8.4798856762      19.702104115  
1957  2 24.000000     8.4542519463      19.795790795  
1957  3  6.000000     8.4319777123      19.878646599  
1957  3 16.000000     8.4140284886      19.940918414  
1957  3 26.000000     8.4013546323      19.976578455  
1957  4  5.000000     8.3947970014      19.986146580  
1957  4 15.000000     8.3947644024      19.975346207  
1957  4 25.000000     8.4010947584      19.949934423  
1957  5  5.000000     8.4133577384      19.910629763  
1957  5 15.000000     8.4310352460      19.853390517  
1957  5 25.000000     8.4537366372      19.773218315  
1957  6  4.000000     8.4812394082      19.668932691  
1957  6 14.000000     8.5131642610      19.545570384  
1957  6 24.000000     8.5488708738      19.411378713  
1957  7  4.000000     8.5874589943      19.272764202  
1957  7 14.000000     8.6278622709      19.131128190  
1957  7 24.000000     8.6692057684      18.983450932  
1957  8  3.000000     8.7108419730      18.826932911  
1957  8 13.000000     8.7522239324      18.663497881  
1957  8 23.000000     8.7928115930      18.500378461  
1957  9  2.000000     8.8318047011      18.347120181  
1957  9 12.000000     8.8682040622      18.210182892  
1957  9 22.000000     8.9010664886      18.090302301  
1957 10  2.000000     8.9295891459      17.984714759  
1957 10 12.000000     8.9532804707      17.891469472  
1957 10 22.000000     8.9718677597      17.813499922  
1957 11  1.000000     8.9850182991      17.758540861  
1957 11 11.000000     8.9923624720      17.734130828  
1957 11 21.000000     8.9934989137      17.742805017  
1957 12  1.000000     8.9881845295      17.780360741  
1957 12 11.000000     8.9766675405      17.838563350  
1957 12 21.000000     8.9596129162      17.911113667  
1957 12 31.000000     8.9379964492      17.996643588  
1958  1 10.000000     8.9129228902      18.097183227  
1958  1 20.000000     8.8853461699      18.213492832  
1958  1 30.000000     8.8562428418      18.340087103  
1958  2  9.000000     8.8267673994      18.465844409  
1958  2 19.000000     8.7982651036      18.579053593  
1958  3  1.000000     8.7723027946      18.672547505  
1958  3 11.000000     8.7502814057      18.746337128  
1958  3 21.000000     8.7331460499      18.804331539  
1958  3 31.000000     8.7214316844      18.848337722  
1958  4 10.000000     8.7153070558      18.875179924  
1958  4 20.000000     8.7148965401      18.877956859  
1958  4 30.000000     8.7204262789      18.850954007  
1958  5 10.000000     8.7320147720      18.794421571  
1958  5 20.000000     8.7495817951      18.714315034  
1958  5 30.000000     8.7726657738      18.618359219  
1958  6  9.000000     8.8004498992      18.510900223  
1958  6 19.000000     8.8321136334      18.390626467  
1958  6 29.000000     8.8669401893      18.253570599  
1958  7  9.000000     8.9043779819      18.097915645  
1958  7 19.000000     8.9439882602      17.927293895  
1958  7 29.000000     8.9851222677      17.750269681  
1958  8  8.000000     9.0269140731      17.575491454  
1958  8 18.000000     9.0683842814      17.407194959  
1958  8 28.000000     9.1085341241      17.244655961  
1958  9  7.000000     9.1466164529      17.085102309  
1958  9 17.000000     9.1820816699      16.928952185  
1958  9 27.000000     9.2143912481      16.782335870  
1958 10  7.000000     9.2429723867      16.654755408  
1958 10 17.000000     9.2670611341      16.554380148  
1958 10 27.000000     9.2858419108      16.483664883  
1958 11  6.000000     9.2987380382      16.439374265  
1958 11 16.000000     9.3054366195      16.417123988  
1958 11 26.000000     9.3059818062      16.415714788  
1958 12  6.000000     9.3006520365      16.438793631  
1958 12 16.000000     9.2897006770      16.491815426  
1958 12 26.000000     9.2734583314      16.575891939  
1959  1  5.000000     9.2523978833      16.685075509  
1959  1 15.000000     9.2272834113      16.808272222  
1959  1 25.000000     9.1993737114      16.934240403  
1959  2  4.000000     9.1701665510      17.057127632  
1959  2 14.000000     9.1411630413      17.176648333  
1959  2 24.000000     9.1136883341      17.293656497  
1959  3  6.000000     9.0887104906      17.405407752  
1959  3 16.000000     9.0670901650      17.503547514  
1959  3 26.000000     9.0497226007      17.577704748  
1959  4  5.000000     9.0374633556      17.621300809  
1959  4 15.000000     9.0310964146      17.634482636  
1959  4 25.000000     9.0310115557      17.622838172  
1959  5  5.000000     9.0371095450      17.592075221  
1959  5 15.000000     9.0490335935      17.543053627  
1959  5 25.000000     9.0662833519      17.472001599  
1959  6  4.000000     9.0884600332      17.374196942  
1959  6 14.000000     9.1152957352      17.248929337  
1959  6 24.000000     9.1463886559      17.101735556  
1959  7  4.000000     9.1811538118      16.941380699  
1959  7 14.000000     9.2187620537      16.774869087  
1959  7 24.000000     9.2582212505      16.604101091  
1959  8  3.000000     9.2986914254      16.426567196  
1959  8 13.000000     9.3394822069      16.240097395  
1959  8 23.000000     9.3800082119      16.047193255  
1959  9  2.000000     9.4197203312      15.855706047  
1959  9 12.000000     9.4578482126      15.675743504  
1959  9 22.000000     9.4934772966      15.514162671  
1959 10  2.000000     9.5257149013      15.372100258  
1959 10 12.000000     9.5537497223      15.247216473  
1959 10 22.000000     9.5770530627      15.137985105  
1959 11  1.000000     9.5952874401      15.047814134  
1959 11 11.000000     9.6081144039      14.984740799  
1959 11 21.000000     9.6152267113      14.956380221  
1959 12  1.000000     9.6162849199      14.965215923  
1959 12 11.000000     9.6110968784      15.006836699  
1959 12 21.000000     9.5998909144      15.072834881  
1959 12 31.000000     9.5832513461      15.156682002  
1960  1 10.000000     9.5621072536      15.256604805  
1960  1 20.000000     9.5375482480      15.374033841  
1960  1 30.000000     9.5105645423      15.508884267  
1960  2  9.000000     9.4821858182      15.654724525  
1960  2 19.000000     9.4535341349      15.799573663  
1960  2 29.000000     9.4258739054      15.930884874  
1960  3 10.000000     9.4006671026      16.040777109  
1960  3 20.000000     9.3792205657      16.128593145  
1960  3 30.000000     9.3624842326      16.197566282  
1960  4  9.000000     9.3510350286      16.248980861  
1960  4 19.000000     9.3450675038      16.279270532  
1960  4 29.000000     9.3447110550      16.281326381  
1960  5  9.000000     9.3501276191      16.249482554  
1960  5 19.000000     9.3613782553      16.184144445  
1960  5 29.000000     9.3783901223      16.091514825  
1960  6  8.000000     9.4007470992      15.979655663  
1960  6 18.000000     9.4277262270      15.853200018  
1960  6 28.000000     9.4585770578      15.711210033  
1960  7  8.000000     9.4925766633      15.550208517  
1960  7 18.000000     9.5291488650      15.368923682  
1960  7 28.000000     9.5678195511      15.171626694  
1960  8  7.000000     9.6079458124      14.967476066  
1960  8 17.000000     9.6487402472      14.765563883  
1960  8 27.000000     9.6892924341      14.570545799  
1960  9  6.000000     9.7286439815      14.382086431  
1960  9 16.000000     9.7660394255      14.197910857  
1960  9 26.000000     9.8008604301      14.019057801  
1960 10  6.000000     9.8325347445      13.852229661  
1960 10 16.000000     9.8605083407      13.707335523  
1960 10 26.000000     9.8840683639      13.592781758  
1960 11  5.000000     9.9024804997      13.511113089  
1960 11 15.000000     9.9151864819      13.459218501  
1960 11 25.000000     9.9218285570      13.432946756  
1960 12  5.000000     9.9224023878      13.431313777  
1960 12 15.000000     9.9171429089      13.458036647  
1960 12 25.000000     9.9063340606      13.518320793  
1961  1  4.000000     9.8903874045      13.612767171  
1961  1 14.000000     9.8698110082      13.734815555  
1961  1 24.000000     9.8453628406      13.872795541  
1961  2  3.000000     9.8182221777      14.014962056  
1961  2 13.000000     9.7897737684      14.154932353  
1961  2 23.000000     9.7614772725      14.291704629  
1961  3  5.000000     9.7346570439      14.425286974  
1961  3 15.000000     9.7103078240      14.552017131  
1961  3 25.000000     9.6893070622      14.662770517  
1961  4  4.000000     9.6724787464      14.746670933  
1961  4 14.000000     9.6605886082      14.796820525  
1961  4 24.000000     9.6543560160      14.813185540  
1961  5  4.000000     9.6541500239      14.801221774  
1961  5 14.000000     9.6599437675      14.766489610  
1961  5 24.000000     9.6714563257      14.709804398  
1961  6  3.000000     9.6882149386      14.627521173  
1961  6 13.000000     9.7098180802      14.515229110  
1961  6 23.000000     9.7359464871      14.372714598  
1961  7  3.000000     9.7661773431      14.206045589  
1961  7 13.000000     9.7999788874      14.024413047  
1961  7 23.000000     9.8365929713      13.835171847  
1961  8  2.000000     9.8751108616      13.640536504  
1961  8 12.000000     9.9147250817      13.438384882  
1961  8 22.000000     9.9547014036      13.227148081  
1961  9  1.000000     9.9944149162      13.009978594  
1961  9 11.000000    10.0332963129      12.795314432  
1961  9 21.000000    10.0706044301      12.593673700  
1961 10  1.000000    10.1055102399      12.412123103  
1961 10 11.000000    10.1371673190      12.251974978  
1961 10 21.000000    10.1647621581      12.111231151  
1961 10 31.000000    10.1877250727      11.988822216  
1961 11 10.000000    10.2056468762      11.888644184  
1961 11 20.000000    10.2181858619      11.819029698  
1961 11 30.000000    10.2250910544      11.787549632  
1961 12 10.000000    10.2260865929      11.796446028  
1961 12 20.000000    10.2210403767      11.841048849  
1961 12 30.000000    10.2101572681      11.912819833  
1962  1  9.000000    10.1939427931      12.005203229  
1962  1 19.000000    10.1732769927      12.116267956  
1962  1 29.000000    10.1492248703      12.246973560  
1962  2  8.000000    10.1228167968      12.396487671  
1962  2 18.000000    10.0951350428      12.557483224  
1962  2 28.000000    10.0672712634      12.717240020  
1962  3 10.000000    10.0404153984      12.862673487  
1962  3 20.000000    10.0159180786      12.985489070  
1962  3 30.000000     9.9949909314      13.084609656  
1962  4  9.000000     9.9785912555      13.162703367  
1962  4 19.000000     9.9673368577      13.220441590  
1962  4 29.000000     9.9614607760      13.253805285  
1962  5  9.000000     9.9611026606      13.255472357  
1962  5 19.000000     9.9663597755      13.219888322  
1962  5 29.000000     9.9772409761      13.147737534  
1962  6  8.000000     9.9936745378      13.045472881  
1962  6 18.000000    10.0152898036      12.921331911  
1962  6 28.000000    10.0414664723      12.780053660  
1962  7  8.000000    10.0715217942      12.620862445  
1962  7 18.000000    10.1047311813      12.440707610  
1962  7 28.000000    10.1404948770      12.238901789  
1962  8  7.000000    10.1782928913      12.020342589  
1962  8 17.000000    10.2174883511      11.794747476  
1962  8 27.000000    10.2573685675      11.571473822  
1962  9  6.000000    10.2970877479      11.355348510  
1962  9 16.000000    10.3357331414      11.146305169  
1962  9 26.000000    10.3725359684      10.942490652  
1962 10  6.000000    10.4068048348      10.745573857  
1962 10 16.000000    10.4379331187      10.562851398  
1962 10 26.000000    10.4653751080      10.404505679  
1962 11  5.000000    10.4884696496      10.279011745  
1962 11 15.000000    10.5065656430      10.188808179  
1962 11 25.000000    10.5191204437      10.130773498  
1962 12  5.000000    10.5257381529      10.101025092  
1962 12 15.000000    10.5263635338      10.098876747  
1962 12 25.000000    10.5211824791      10.128176527  
1963  1  4.000000    10.5105133962      10.193919368  
1963  1 14.000000    10.4948436273      10.296133209  
1963  1 24.000000    10.4747198798      10.427665452  
1963  2  3.000000    10.4509020662      10.576422921  
1963  2 13.000000    10.4244845744      10.730407650  
1963  2 23.000000    10.3967421194      10.883068950  
1963  3  5.000000    10.3690914743      11.032944671  
1963  3 15.000000    10.3428508028      11.179299094  
1963  3 25.000000    10.3190513632      11.317648034  
1963  4  4.000000    10.2985914789      11.438123712  
1963  4 14.000000    10.2822281499      11.529484345  
1963  4 24.000000    10.2706461182      11.584754178  
1963  5  4.000000    10.2644948123      11.603833266  
1963  5 14.000000    10.2641249250      11.592111003  
1963  5 24.000000    10.2695860751      11.554886538  
1963  6  3.000000    10.2806720679      11.492724633  
1963  6 13.000000    10.2969470633      11.402029197  
1963  6 23.000000    10.3180076505      11.278672701  
1963  7  3.000000    10.3434782154      11.122958189  
1963  7 13.000000    10.3729174789      10.941525676  
1963  7 23.000000    10.4058385865      10.743846826  
1963  8  2.000000    10.4415524683      10.537432216  
1963  8 12.000000    10.4792389437      10.324627279  
1963  8 22.000000    10.5181166228      10.103545764  
1963  9  1.000000    10.5574086320       9.873220572  
1963  9 11.000000    10.5964493770       9.637467471  
1963  9 21.000000    10.6346372803       9.405234023  
1963 10  1.000000    10.6712598921       9.187345242  
1963 10 11.000000    10.7055700342       8.990848300  
1963 10 21.000000    10.7367614951       8.817038996  
1963 10 31.000000    10.7640238379       8.664200141  
1963 11 10.000000    10.7867413214       8.531664955  
1963 11 20.000000    10.8044294752       8.423856221  
1963 11 30.000000    10.8167434848       8.349364746  
1963 12 10.000000    10.8234804569       8.315566228  
1963 12 20.000000    10.8244305906       8.324375993  
1963 12 30.000000    10.8195257486       8.370783079  
1964  1  9.000000    10.8089456286       8.446163580  
1964  1 19.000000    10.7931245404       8.544165162  
1964  1 29.000000    10.7728904374       8.662870169  
1964  2  8.000000    10.7492803510       8.802956470  
1964  2 18.000000    10.7233707704       8.962964658  
1964  2 28.000000    10.6962942934       9.134723869  
1964  3  9.000000    10.6691202188       9.304968081  
1964  3 19.000000    10.6429738525       9.460334155  
1964  3 29.000000    10.6190910789       9.592379955  
1964  4  8.000000    10.5985949567       9.699901750  
1964  4 18.000000    10.5824519762       9.785068805  
1964  4 28.000000    10.5713184705       9.847899209  
1964  5  8.000000    10.5654787701       9.883911865  
1964  5 18.000000    10.5650851275       9.885513852  
1964  5 28.000000    10.5701718434       9.847354042  
1964  6  7.000000    10.5807012027       9.770489301  
1964  6 17.000000    10.5965948655       9.661561525  
1964  6 27.000000    10.6175276226       9.528903364  
1964  7  7.000000    10.6429841284       9.377154039  
1964  7 17.000000    10.6723440936       9.205498997  
1964  7 27.000000    10.7048868243       9.011293672  
1964  8  6.000000    10.7399862345       8.794386886  
1964  8 16.000000    10.7770687780       8.560304950  
1964  8 26.000000    10.8155034894       8.319268362  
1964  9  5.000000    10.8546432276       8.080685435  
1964  9 15.000000    10.8937026778       7.849385013  
1964  9 25.000000    10.9318172735       7.625421431  
1964 10  5.000000    10.9681971083       7.407261853  
1964 10 15.000000    11.0020774876       7.197233017  
1964 10 25.000000    11.0328147532       7.003160352  
1964 11  4.000000    11.0598592743       6.835381768  
1964 11 14.000000    11.0826024199       6.702311121  
1964 11 24.000000    11.1004731039       6.606061732  
1964 12  4.000000    11.1129406800       6.543428367  
1964 12 14.000000    11.1195784586       6.510811123  
1964 12 24.000000    11.1202768353       6.507822617  
1965  1  3.000000    11.1151708656       6.538558427  
1965  1 13.000000    11.1046164722       6.607814459  
1965  1 23.000000    11.0891707043       6.715003323  
1965  2  2.000000    11.0694259387       6.852502676  
1965  2 12.000000    11.0461501385       7.007886734  
1965  2 22.000000    11.0203529818       7.169171242  
1965  3  4.000000    10.9932082345       7.329984756  
1965  3 14.000000    10.9660882682       7.488598877  
1965  3 24.000000    10.9403049144       7.643735866  
1965  4  3.000000    10.9169359790       7.790187799  
1965  4 13.000000    10.8969018527       7.917372424  
1965  4 23.000000    10.8809030429       8.013887399  
1965  5  3.000000    10.8695525446       8.072824848  
1965  5 13.000000    10.8634256040       8.094133592  
1965  5 23.000000    10.8628610489       8.083215817  
1965  6  2.000000    10.8679853180       8.044962235  
1965  6 12.000000    10.8786636805       7.979557628  
1965  6 22.000000    10.8945070011       7.883379805  
1965  7  2.000000    10.9151085122       7.752499386  
1965  7 12.000000    10.9400333400       7.587792014  
1965  7 22.000000    10.9688239294       7.396442188  
1965  8  1.000000    11.0010271048       7.188041377  
1965  8 11.000000    11.0360201106       6.970147411  
1965  8 21.000000    11.0730704351       6.745018346  
1965  8 31.000000    11.1114147749       6.510888810  
1965  9 10.000000    11.1502352978       6.267399674  
1965  9 20.000000    11.1888208447       6.018944141  
1965  9 30.000000    11.2265273929       5.774949140  
1965 10 10.000000    11.2626691571       5.546424812  
1965 10 20.000000    11.2965713229       5.340156294  
1965 10 30.000000    11.3274643354       5.157327674  
1965 11  9.000000    11.3545431698       4.996369292  
1965 11 19.000000    11.3771396995       4.856947033  
1965 11 29.000000    11.3946955832       4.744041262  
1965 12  9.000000    11.4068604670       4.666386314  
1965 12 19.000000    11.4134705918       4.631084689  
1965 12 29.000000    11.4143866794       4.639671341  
1966  1  8.000000    11.4096044921       4.686696041  
1966  1 18.000000    11.3992786836       4.763562974  
1966  1 28.000000    11.3837828631       4.864276732  
1966  2  7.000000    11.3638895124       4.987054185  
1966  2 17.000000    11.3406085237       5.132552046  
1966  2 27.000000    11.3150684670       5.298777549  
1966  3  9.000000    11.2884500822       5.476832453  
1966  3 19.000000    11.2618120182       5.653154014  
1966  3 29.000000    11.2362250678       5.814266352  
1966  4  8.000000    11.2128123317       5.951871321  
1966  4 18.000000    11.1926195209       6.064890834  
1966  4 28.000000    11.1766222185       6.155013401  
1966  5  8.000000    11.1655172375       6.221686133  
1966  5 18.000000    11.1596506264       6.259919734  
1966  5 28.000000    11.1591877114       6.261802656  
1966  6  7.000000    11.1641065687       6.222305750  
1966  6 17.000000    11.1743267850       6.142848498  
1966  6 27.000000    11.1897553997       6.030239221  
1966  7  7.000000    11.2101137454       5.892838584  
1966  7 17.000000    11.2349876815       5.734960712  
1966  7 27.000000    11.2638128435       5.555655658  
1966  8  6.000000    11.2958773655       5.352614500  
1966  8 16.000000    11.3305226034       5.126133291  
1966  8 26.000000    11.3671152281       4.882403744  
1966  9  5.000000    11.4050281154       4.632022112  
1966  9 15.000000    11.4436667786       4.384273856  
1966  9 25.000000    11.4823017684       4.143896106  
1966 10  5.000000    11.5201153490       3.910867307  
1966 10 15.000000    11.5562883956       3.683905180  
1966 10 25.000000    11.5899844826       3.465978673  
1966 11  4.000000    11.6205174777       3.265276178  
1966 11 14.000000    11.6473248777       3.092249820  
1966 11 24.000000    11.6698499949       2.955097642  
1966 12  4.000000    11.6875951116       2.855411002  
1966 12 14.000000    11.7000416012       2.789902052  
1966 12 24.000000    11.7067369598       2.755171856  
1967  1  3.000000    11.7075133483       2.751136654  
1967  1 13.000000    11.7024574942       2.782249024  
1967  1 23.000000    11.6919614168       2.853067427  
1967  2  2.000000    11.6766463839       2.962480616  
1967  2 12.000000    11.6571590054       3.102516294  
1967  2 22.000000    11.6342786723       3.260493688  
1967  3  4.000000    11.6089355082       3.424749201  
1967  3 14.000000    11.5822158281       3.589316323  
1967  3 24.000000    11.5554474428       3.752388669  
1967  4  3.000000    11.5299410128       3.912402084  
1967  4 13.000000    11.5068320803       4.063481958  
1967  4 23.000000    11.4870651305       4.194439387  
1967  5  3.000000    11.4712983704       4.293904048  
1967  5 13.000000    11.4600816447       4.355080912  
1967  5 23.000000    11.4539155521       4.378136607  
1967  6  2.000000    11.4531331053       4.368520727  
1967  6 12.000000    11.4579337320       4.330581388  
1967  6 22.000000    11.4682517566       4.264116320  
1967  7  2.000000    11.4837498090       4.165353733  
1967  7 12.000000    11.5040138540       4.030493871  
1967  7 22.000000    11.5285498887       3.861042659  
1967  8  1.000000    11.5568816232       3.664602737  
1967  8 11.000000    11.5885785243       3.450814989  
1967  8 21.000000    11.6230812410       3.227176221  
1967  8 31.000000    11.6597382423       2.995639283  
1967  9 10.000000    11.6977979519       2.754531498  
1967  9 20.000000    11.7364033077       2.504009124  
1967  9 30.000000    11.7747899309       2.248926644  
1967 10 10.000000    11.8122638221       1.999174555  
1967 10 20.000000    11.8481623649       1.765760865  
1967 10 30.000000    11.8818708675       1.555052985  
1967 11  9.000000    11.9126539655       1.368063899  
1967 11 19.000000    11.9397119455       1.203174026  
1967 11 29.000000    11.9623189178       1.060351660  
1967 12  9.000000    11.9798452084       0.945082076  
1967 12 19.000000    11.9919305060       0.866081674  
1967 12 29.000000    11.9984430722       0.830205430  
1968  1  8.000000    11.9993169773       0.838538420  
1968  1 18.000000    11.9946093094       0.885136930  
1968  1 28.000000    11.9844536986       0.961594966  
1968  2  7.000000    11.9691714488       1.062302052  
1968  2 17.000000    11.9494788987       1.185769447  
1968  2 27.000000    11.9263638616       1.332868179  
1968  3  8.000000    11.9010102076       1.501141488  
1968  3 18.000000    11.8746486624       1.681205507  
1968  3 28.000000    11.8483413512       1.859385657  
1968  4  7.000000    11.8231136477       2.022232554  
1968  4 17.000000    11.7999842095       2.161893422  
1968  4 27.000000    11.7799340884       2.277544434  
1968  5  7.000000    11.7639471199       2.370485517  
1968  5 17.000000    11.7527648090       2.439724935  
1968  5 27.000000    11.7468023490       2.479691631  
1968  6  6.000000    11.7462380181       2.482208047  
1968  6 16.000000    11.7510011781       2.442621419  
1968  6 26.000000    11.7609704676       2.362631156  
1968  7  6.000000    11.7760316806       2.249257754  
1968  7 16.000000    11.7959523367       2.110789647  
1968  7 26.000000    11.8204119777       1.951040293  
1968  8  5.000000    11.8488972945       1.768920628  
1968  8 15.000000    11.8807066272       1.562301974  
1968  8 25.000000    11.9151425941       1.331858834  
1968  9  4.000000    11.9515085150       1.084446397  
1968  9 14.000000    11.9891748351       0.830832757  
1968  9 24.000000    12.0275879317       0.580116610  
1968 10  4.000000    12.0660692453       0.336837296  
1968 10 14.000000    12.1038414426       0.100707217  
1968 10 24.000000    12.1400508109      -0.129319360  
1968 11  3.000000    12.1737897432      -0.349769875  
1968 11 13.000000    12.2043216244      -0.552247650  
1968 11 23.000000    12.2310644934      -0.726212788  
1968 12  3.000000    12.2535103491      -0.863879780  
1968 12 13.000000    12.2712269142      -0.964245939  
1968 12 23.000000    12.2837088826      -1.030702068  
1969  1  2.000000    12.2904820364      -1.066591660  
1969  1 12.000000    12.2913181744      -1.071650324  
1969  1 22.000000    12.2862605117      -1.041053164  
1969  2  1.000000    12.2757351928      -0.970513186  
1969  2 11.000000    12.2604248877      -0.861463643  
1969  2 21.000000    12.2410384198      -0.722156634  
1969  3  3.000000    12.2183705520      -0.565401883  
1969  3 13.000000    12.1932805424      -0.402263963  
1969  3 23.000000    12.1667796229      -0.238207253  
1969  4  2.000000    12.1401538979      -0.074860836  
1969  4 12.000000    12.1147197857       0.086164288  
1969  4 22.000000    12.0916779101       0.238390825  
1969  5  2.000000    12.0720025104       0.370251850  
1969  5 12.000000    12.0563228891       0.470500722  
1969  5 22.000000    12.0451329782       0.532495620  
1969  6  1.000000    12.0388629942       0.556789282  
1969  6 11.000000    12.0378441443       0.548818934  
1969  6 21.000000    12.0423440667       0.512386301  
1969  7  1.000000    12.0523650191       0.446917300  
1969  7 11.000000    12.0676234401       0.348344229  
1969  7 21.000000    12.0876942424       0.213009040  
1969  7 31.000000    12.1120255783       0.043002842  
1969  8 10.000000    12.1401177430      -0.153817805  
1969  8 20.000000    12.1715524351      -0.367755279  
1969  8 30.000000    12.2058288221      -0.591521486  
1969  9  9.000000    12.2423672776      -0.823602113  
1969  9 19.000000    12.2804218759      -1.065571071  
1969  9 29.000000    12.3190957868      -1.316947029  
1969 10  9.000000    12.3575638408      -1.572501466  
1969 10 19.000000    12.3950758216      -1.821941862  
1969 10 29.000000    12.4309853158      -2.054489326  
1969 11  8.000000    12.4647271679      -2.264226654  
1969 11 18.000000    12.4955968343      -2.450408860  
1969 11 28.000000    12.5227977114      -2.614897328  
1969 12  8.000000    12.5455443846      -2.757437467  
1969 12 18.000000    12.5631375589      -2.872221594  
1969 12 28.000000    12.5752028941      -2.950650876  
1970  1  7.000000    12.5816362257      -2.986080278  
1970  1 17.000000    12.5824457884      -2.977962699  
1970  1 27.000000    12.5777480484      -2.932656228  
1970  2  6.000000    12.5676613879      -2.858294858  
1970  2 16.000000    12.5524622363      -2.760136491  
1970  2 26.000000    12.5328118648      -2.639173573  
1970  3  8.000000    12.5096814851      -2.494188792  
1970  3 18.000000    12.4843129678      -2.327956318  
1970  3 28.000000    12.4579894507      -2.150026818  
1970  4  7.000000    12.4317901445      -1.974073001  
1970  4 17.000000    12.4067051027      -1.813336373  
1970  4 27.000000    12.3836593593      -1.674994123  
1970  5  7.000000    12.3635811952      -1.559594986  
1970  5 17.000000    12.3474647859      -1.466032261  
1970  5 27.000000    12.3361006105      -1.395621374  
1970  6  6.000000    12.3299782291      -1.354558298  
1970  6 16.000000    12.3292917128      -1.351149544  
1970  6 26.000000    12.3339275258      -1.389729760  
1970  7  6.000000    12.3437243546      -1.468379958  
1970  7 16.000000    12.3585423128      -1.579822230  
1970  7 26.000000    12.3781908560      -1.715987148  
1970  8  5.000000    12.4024342162      -1.873587228  
1970  8 15.000000    12.4308051181      -2.053864121  
1970  8 25.000000    12.4626099233      -2.258946287  
1970  9  4.000000    12.4971065465      -2.487787686  
1970  9 14.000000    12.5335310996      -2.732998056  
1970  9 24.000000    12.5712440506      -2.983815876  
1970 10  4.000000    12.6097203198      -3.231327608  
1970 10 14.000000    12.6483266107      -3.471340088  
1970 10 24.000000    12.6863192348      -3.704514528  
1970 11  3.000000    12.7228053988      -3.931697904  
1970 11 13.000000    12.7568070878      -4.149169373  
1970 11 23.000000    12.7875312935      -4.348435474  
1970 12  3.000000    12.8143706222      -4.518944635  
1970 12 13.000000    12.8368625000      -4.653511471  
1970 12 23.000000    12.8546335494      -4.751674472  
1971  1  2.000000    12.8671922141      -4.817006449  
1971  1 12.000000    12.8740470484      -4.852928604  
1971  1 22.000000    12.8749097015      -4.858793839  
1971  2  1.000000    12.8697826395      -4.829499911  
1971  2 11.000000    12.8591253264      -4.760959294  
1971  2 21.000000    12.8436799117      -4.654718714  
1971  3  3.000000    12.8242225697      -4.519253554  
1971  3 13.000000    12.8015695271      -4.367269529  
1971  3 23.000000    12.7765187225      -4.209093247  
1971  4  2.000000    12.7500188835      -4.049626660  
1971  4 12.000000    12.7233189943      -3.890043142  
1971  4 22.000000    12.6977484378      -3.731852172  
1971  5  2.000000    12.6745802067      -3.581957021  
1971  5 12.000000    12.6548242518      -3.452041660  
1971  5 22.000000    12.6390938352      -3.353226029  
1971  6  1.000000    12.6278351259      -3.291900374  
1971  6 11.000000    12.6214118813      -3.267036636  
1971  6 21.000000    12.6201566299      -3.273301274  
1971  7  1.000000    12.6243999922      -3.307316145  
1971  7 11.000000    12.6342089746      -3.370023346  
1971  7 21.000000    12.6493543810      -3.465882437  
1971  7 31.000000    12.6693966901      -3.598363560  
1971  8 10.000000    12.6937253720      -3.764947026  
1971  8 20.000000    12.7218130013      -3.957638522  
1971  8 30.000000    12.7532435869      -4.166676053  
1971  9  9.000000    12.7875668968      -4.385148603  
1971  9 19.000000    12.8242671082      -4.611977864  
1971  9 29.000000    12.8625976093      -4.848701562  
1971 10  9.000000    12.9016207304      -5.094732040  
1971 10 19.000000    12.9404445514      -5.344535871  
1971 10 29.000000    12.9782567644      -5.587604523  
1971 11  8.000000    13.0144206929      -5.813548739  
1971 11 18.000000    13.0484101947      -6.016880763  
1971 11 28.000000    13.0795479971      -6.197271961  
1971 12  8.000000    13.1070397514      -6.356922586  
1971 12 18.000000    13.1300383042      -6.495379551  
1971 12 28.000000    13.1477781179      -6.606773336  
1972  1  7.000000    13.1598671401      -6.682649804  
1972  1 17.000000    13.1662232421      -6.716572168  
1972  1 27.000000    13.1669304344      -6.708563026  
1972  2  6.000000    13.1621626671      -6.665227534  
1972  2 16.000000    13.1520278909      -6.594439664  
1972  2 26.000000    13.1367677731      -6.501122276  
1972  3  7.000000    13.1169909656      -6.385609454  
1972  3 17.000000    13.0936564698      -6.246304480  
1972  3 27.000000    13.0680692454      -6.086038613  
1972  4  6.000000    13.0415669524      -5.914240212  
1972  4 16.000000    13.0152580505      -5.744481309  
1972  4 26.000000    12.9901091530      -5.589559949  
1972  5  6.000000    12.9669617955      -5.455894522  
1972  5 16.000000    12.9467025105      -5.343717967  
1972  5 26.000000    12.9303375530      -5.251873068  
1972  6  5.000000    12.9187082295      -5.181938988  
1972  6 15.000000    12.9123829344      -5.140625336  
1972  6 25.000000    12.9115726203      -5.136245591  
1972  7  5.000000    12.9161269290      -5.172950281  
1972  7 15.000000    12.9258453588      -5.248599198  
1972  7 25.000000    12.9405572157      -5.355690000  
1972  8  4.000000    12.9601102085      -5.486491413  
1972  8 14.000000    12.9843433228      -5.638156667  
1972  8 24.000000    13.0128290459      -5.812134056  
1972  9  3.000000    13.0448810139      -6.010690175  
1972  9 13.000000    13.0797061230      -6.232435558  
1972  9 23.000000    13.1164690350      -6.469685400  
1972 10  3.000000    13.1545145685      -6.711796178  
1972 10 13.000000    13.1933327461      -6.950045972  
1972 10 23.000000    13.2323291167      -7.180734393  
1972 11  2.000000    13.2707883303      -7.404907995  
1972 11 12.000000    13.3077733548      -7.623343100  
1972 11 22.000000    13.3422375264      -7.832338884  
1972 12  2.000000    13.3733275712      -8.023401426  
1972 12 12.000000    13.4004040228      -8.186147420  
1972 12 22.000000    13.4230479100      -8.314055225  
1973  1  1.000000    13.4409379278      -8.407135521  
1973  1 11.000000    13.4535976123      -8.469271313  
1973  1 21.000000    13.4605244411      -8.504003607  
1973  1 31.000000    13.4613703717      -8.510369371  
1973  2 10.000000    13.4561020418      -8.483123850  
1973  2 20.000000    13.4452108594      -8.418219696  
1973  3  2.000000    13.4294947789      -8.317163341  
1973  3 12.000000    13.4098038792      -8.188527869  
1973  3 22.000000    13.3869800095      -8.044653744  
1973  4  1.000000    13.3617690638      -7.895117709  
1973  4 11.000000    13.3350712748      -7.744173369  
1973  4 21.000000    13.3081008370      -7.592306240  
1973  5  1.000000    13.2822062871      -7.440814248  
1973  5 11.000000    13.2587397932      -7.296730087  
1973  5 21.000000    13.2387503695      -7.171628133  
1973  5 31.000000    13.2228479507      -7.076503931  
1973  6 10.000000    13.2114401936      -7.017371851  
1973  6 20.000000    13.2048272504      -6.992775697  
1973  6 30.000000    13.2033473122      -6.997497848  
1973  7 10.000000    13.2073881166      -7.028423425  
1973  7 20.000000    13.2170778991      -7.086891409  
1973  7 30.000000    13.2322425572      -7.177716331  
1973  8  9.000000    13.2524241814      -7.304197516  
1973  8 19.000000    13.2769541103      -7.463605898  
1973  8 29.000000    13.3052725235      -7.647866766  
1973  9  8.000000    13.3369540523      -7.847224185  
1973  9 18.000000    13.3715925907      -8.055237501  
1973  9 28.000000    13.4087249165      -8.271188385  
1973 10  8.000000    13.4475967682      -8.496707150  
1973 10 18.000000    13.4872306436      -8.731271870  
1973 10 28.000000    13.5266599342      -8.969163160  
1973 11  7.000000    13.5650058577      -9.199918028  
1973 11 17.000000    13.6016366627      -9.413614720  
1973 11 27.000000    13.6360529267      -9.605188701  
1973 12  7.000000    13.6676034345      -9.774865192  
1973 12 17.000000    13.6954976810      -9.925218967  
1973 12 27.000000    13.7188250753     -10.055796851  
1974  1  6.000000    13.7367613826     -10.160903617  
1974  1 16.000000    13.7488947825     -10.232248481  
1974  1 26.000000    13.7551597369     -10.263667970  
1974  2  5.000000    13.7557183193     -10.255649451  
1974  2 15.000000    13.7507991298     -10.214891912  
1974  2 25.000000    13.7405049361     -10.149076232  
1974  3  7.000000    13.7250528868     -10.062736366  
1974  3 17.000000    13.7049995713      -9.955511891  
1974  3 27.000000    13.6812971626      -9.825381744  
1974  4  6.000000    13.6553145264      -9.674898222  
1974  4 16.000000    13.6284438820      -9.513147511  
1974  4 26.000000    13.6018360685      -9.353419226  
1974  5  6.000000    13.5764425792      -9.207868003  
1974  5 16.000000    13.5530333917      -9.082187635  
1974  5 26.000000    13.5324652241      -8.976210325  
1974  6  5.000000    13.5157547547      -8.888521326  
1974  6 15.000000    13.5037977003      -8.820889528  
1974  6 25.000000    13.4972449301      -8.780315398  
1974  7  5.000000    13.4963227662      -8.775059899  
1974  7 15.000000    13.5008528652      -8.809203806  
1974  7 25.000000    13.5105957259      -8.880386566  
1974  8  4.000000    13.5253437348      -8.981003969  
1974  8 14.000000    13.5449798517      -9.103679810  
1974  8 24.000000    13.5694058510      -9.245897187  
1974  9  3.000000    13.5982270548      -9.409389290  
1974  9 13.000000    13.6307640419      -9.596597256  
1974  9 23.000000    13.6661649870      -9.805917918  
1974 10  3.000000    13.7035215359     -10.029633434  
1974 10 13.000000    13.7421560486     -10.257276142  
1974 10 23.000000    13.7815592376     -10.480401111  
1974 11  2.000000    13.8211714848     -10.695853009  
1974 11 12.000000    13.8602985046     -10.905053230  
1974 11 22.000000    13.8979563371     -11.108925850  
1974 12  2.000000    13.9330356082     -11.304008830  
1974 12 12.000000    13.9646181137     -11.481963759  
1974 12 22.000000    13.9920302952     -11.632788986  
1975  1  1.000000    14.0148959206     -11.750590438  
1975  1 11.000000    14.0329366945     -11.835811417  
1975  1 21.000000    14.0456971139     -11.892735175  
1975  1 31.000000    14.0526695337     -11.925038267  
1975  2 10.000000    14.0534467018     -11.931606703  
1975  2 20.000000    14.0479672294     -11.907139605  
1975  3  2.000000    14.0367508373     -11.847461279  
1975  3 12.000000    14.0206456490     -11.753927764  
1975  3 22.000000    14.0005818409     -11.634966122  
1975  4  1.000000    13.9774278293     -11.502356682  
1975  4 11.000000    13.9518885293     -11.364965238  
1975  4 21.000000    13.9248286925     -11.226278437  
1975  5  1.000000    13.8974283629     -11.086001293  
1975  5 11.000000    13.8710624405     -10.945053370  
1975  5 21.000000    13.8471648598     -10.810249005  
1975  5 31.000000    13.8268262203     -10.692896652  
1975  6 10.000000    13.8106672768     -10.603779508  
1975  6 20.000000    13.7990624377     -10.548468523  
1975  6 30.000000    13.7922535126     -10.525197873  
1975  7 10.000000    13.7905876448     -10.528791743  
1975  7 20.000000    13.7944986127     -10.556267302  
1975  7 30.000000    13.8041750168     -10.609325882  
1975  8  9.000000    13.8194960944     -10.693035209  
1975  8 19.000000    13.8399797859     -10.810611479  
1975  8 29.000000    13.8649039401     -10.959311175  
1975  9  8.000000    13.8936703662     -11.131049406  
1975  9 18.000000    13.9258323607     -11.316206758  
1975  9 28.000000    13.9610234772     -11.508804098  
1975 10  8.000000    13.9988194983     -11.708428855  
1975 10 18.000000    14.0384536904     -11.916955171  
1975 10 28.000000    14.0789115266     -12.134048053  
1975 11  7.000000    14.1191445113     -12.354036930  
1975 11 17.000000    14.1582068799     -12.566749831  
1975 11 27.000000    14.1954668655     -12.762758709  
1975 12  7.000000    14.2304394705     -12.937483696  
1975 12 17.000000    14.2625009152     -13.091735500  
1975 12 27.000000    14.2908648543     -13.228503655  
1976  1  6.000000    14.3145599443     -13.347604735  
1976  1 16.000000    14.3327134696     -13.443680991  
1976  1 26.000000    14.3448902766     -13.508687843  
1976  2  5.000000    14.3510402851     -13.536770776  
1976  2 15.000000    14.3514036415     -13.528696322  
1976  2 25.000000    14.3462582033     -13.491151330  
1976  3  6.000000    14.3357115583     -13.431652844  
1976  3 16.000000    14.3199642161     -13.354308561  
1976  3 26.000000    14.2995207396     -13.258129195  
1976  4  5.000000    14.2753339038     -13.140572332  
1976  4 15.000000    14.2488308623     -13.003600895  
1976  4 25.000000    14.2214573605     -12.855757302  
1976  5  5.000000    14.1944179439     -12.709793707  
1976  5 15.000000    14.1686535765     -12.577108228  
1976  5 25.000000    14.1448758512     -12.462714608  
1976  6  4.000000    14.1239214864     -12.365932316  
1976  6 14.000000    14.1068127188     -12.284975965  
1976  6 24.000000    14.0945035279     -12.221625347  
1976  7  4.000000    14.0877265354     -12.182920282  
1976  7 14.000000    14.0867226848     -12.177068011  
1976  7 24.000000    14.0912963331     -12.208111137  
1976  8  3.000000    14.1011668551     -12.273551416  
1976  8 13.000000    14.1160873740     -12.365817672  
1976  8 23.000000    14.1359721723     -12.477830877  
1976  9  2.000000    14.1607707331     -12.607336746  
1976  9 12.000000    14.1901184079     -12.756369645  
1976  9 22.000000    14.2233409961     -12.927571060  
1976 10  2.000000    14.2595209694     -13.119346686  
1976 10 12.000000    14.2976808691     -13.324168616  
1976 10 22.000000    14.3371114763     -13.531834874  
1976 11  1.000000    14.3772914570     -13.734278702  
1976 11 11.000000    14.4176932222     -13.928861147  
1976 11 21.000000    14.4576340487     -14.117405241  
1976 12  1.000000    14.4960837115     -14.301199686  
1976 12 11.000000    14.5318783844     -14.477206201  
1976 12 21.000000    14.5640310098     -14.637482963  
1976 12 31.000000    14.5918355467     -14.772561844  
1977  1 10.000000    14.6149563952     -14.877100200  
1977  1 20.000000    14.6331502359     -14.951981156  
1977  1 30.000000    14.6459905218     -15.001871327  
1977  2  9.000000    14.6529702381     -15.030643235  
1977  2 19.000000    14.6536285070     -15.037230306  
1977  3  1.000000    14.6478848280     -15.016306537  
1977  3 11.000000    14.6362804288     -14.963480019  
1977  3 21.000000    14.6197100375     -14.879802286  
1977  3 31.000000    14.5991852540     -14.773270739  
1977  4 10.000000    14.5755986677     -14.654998952  
1977  4 20.000000    14.5496284611     -14.533130048  
1977  4 30.000000    14.5221106515     -14.410319539  
1977  5 10.000000    14.4941904308     -14.285452839  
1977  5 20.000000    14.4672746896     -14.158843957  
1977  5 30.000000    14.4428736501     -14.036770379  
1977  6  9.000000    14.4221219636     -13.930100485  
1977  6 19.000000    14.4056650425     -13.849278226  
1977  6 29.000000    14.3938467089     -13.799457837  
1977  7  9.000000    14.3868597070     -13.778651321  
1977  7 19.000000    14.3850621529     -13.781635772  
1977  7 29.000000    14.3889217728     -13.805486277  
1977  8  8.000000    14.3986876004     -13.852125309  
1977  8 18.000000    14.4142882380     -13.926787247  
1977  8 28.000000    14.4352138685     -14.032737078  
1977  9  7.000000    14.4606952724     -14.167353846  
1977  9 17.000000    14.4900886661     -14.322697180  
1977  9 27.000000    14.5229171024     -14.489393047  
1977 10  7.000000    14.5588472562     -14.661852916  
1977 10 17.000000    14.5974786202     -14.839979814  
1977 10 27.000000    14.6380314888     -15.025972369  
1977 11  6.000000    14.6794557535     -15.219830906  
1977 11 16.000000    14.7206178046     -15.416232649  
1977 11 26.000000    14.7605093712     -15.605493009  
1977 12  6.000000    14.7984914320     -15.778735697  
1977 12 16.000000    14.8340845545     -15.931908870  
1977 12 26.000000    14.8666961267     -16.066384585  
1978  1  5.000000    14.8955427460     -16.185651801  
1978  1 15.000000    14.9196014719     -16.290024660  
1978  1 25.000000    14.9379633109     -16.374627449  
1978  2  4.000000    14.9501662097     -16.431793353  
1978  2 14.000000    14.9561762074     -16.455931563  
1978  2 24.000000    14.9563076356     -16.447902405  
1978  3  6.000000    14.9508813703     -16.414301942  
1978  3 16.000000    14.9400204626     -16.362440150  
1978  3 26.000000    14.9239141958     -16.296032623  
1978  4  5.000000    14.9030173383     -16.213541593  
1978  4 15.000000    14.8782879141     -16.111764160  
1978  4 25.000000    14.8511999697     -15.991863388  
1978  5  5.000000    14.8232513850     -15.861570385  
1978  5 15.000000    14.7957062922     -15.732858385  
1978  5 25.000000    14.7694989795     -15.616334727  
1978  6  4.000000    14.7452986909     -15.516334363  
1978  6 14.000000    14.7239272805     -15.431618819  
1978  6 24.000000    14.7064082877     -15.359930220  
1978  7  4.000000    14.6937574668     -15.302814748  
1978  7 14.000000    14.6867818960     -15.267145843  
1978  7 24.000000    14.6857397883     -15.261028586  
1978  8  3.000000    14.6904289946     -15.288494245  
1978  8 13.000000    14.7005243161     -15.347058942  
1978  8 23.000000    14.7157405848     -15.429266794  
1978  9  2.000000    14.7360168750     -15.528275980  
1978  9 12.000000    14.7613337534     -15.642045927  
1978  9 22.000000    14.7913542848     -15.772856570  
1978 10  2.000000    14.8254056664     -15.923612017  
1978 10 12.000000    14.8625011700     -16.092966201  
1978 10 22.000000    14.9015999122     -16.273762257  
1978 11  1.000000    14.9419520564     -16.456234064  
1978 11 11.000000    14.9830148807     -16.632745673  
1978 11 21.000000    15.0242889312     -16.801129082  
1978 12  1.000000    15.0650954769     -16.963693115  
1978 12 11.000000    15.1043645351     -17.122244647  
1978 12 21.000000    15.1408876660     -17.274388040  
1978 12 31.000000    15.1736106515     -17.412833753  
1979  1 10.000000    15.2018010817     -17.528730222  
1979  1 20.000000    15.2251573494     -17.617247290  
1979  1 30.000000    15.2434664765     -17.679656644  
1979  2  9.000000    15.2563387886     -17.720960236  
1979  2 19.000000    15.2632710558     -17.745324942  
1979  3  1.000000    15.2637593734     -17.751865125  
1979  3 11.000000    15.2577114739     -17.735269850  
1979  3 21.000000    15.2456798763     -17.690870492  
1979  3 31.000000    15.2286024374     -17.619209009  
1979  4 10.000000    15.2075669502     -17.527615048  
1979  4 20.000000    15.1834874526     -17.426452308  
1979  4 30.000000    15.1570309391     -17.323104949  
1979  5 10.000000    15.1290091157     -17.219434902  
1979  5 20.000000    15.1005327717     -17.113457202  
1979  5 30.000000    15.0730431873     -17.004652543  
1979  6  9.000000    15.0481164866     -16.898517026  

