v15.04    Планета: Уран  (INPOP13C)
          Спутник: U2 Умбриэль  (Emelyanov,Nikonchuk(2013),DOI:10.1093/mnras/stt1851..)
                            - эфемериды на инт. 1787/02/12.0-2032/01/09.0
   Обсерватория N:  84 - Pulkovo
    Шкала времени: UTC
Средний экватор и равноденствие эпохи J2000.  ICRF. 
Координаты астрометрические 
Год  Месяц День       alpha (h)          delta (º)
1952  2  1.000000     6.8320846880      23.336786918  
1952  2 11.000000     6.8091358584      23.360437806  
1952  2 21.000000     6.7897707541      23.389111069  
1952  3  2.000000     6.7766161047      23.391947102  
1952  3 12.000000     6.7697037759      23.407858453  
1952  3 22.000000     6.7684094013      23.400558069  
1952  4  1.000000     6.7748657536      23.393092250  
1952  4 11.000000     6.7863621874      23.382239639  
1952  4 21.000000     6.8049022525      23.351095207  
1952  5  1.000000     6.8286220524      23.331920982  
1952  5 11.000000     6.8570696145      23.287337667  
1952  5 21.000000     6.8907592740      23.249642489  
1952  5 31.000000     6.9268879462      23.202060257  
1952  6 10.000000     6.9670885661      23.142462197  
1952  6 20.000000     7.0085692009      23.092982679  
1952  6 30.000000     7.0515717757      23.020634035  
1952  7 10.000000     7.0954954746      22.962691099  
1952  7 20.000000     7.1381307231      22.892491537  
1952  7 30.000000     7.1808453975      22.822781554  
1952  8  9.000000     7.2205289401      22.763758686  
1952  8 19.000000     7.2581631258      22.691038545  
1952  8 29.000000     7.2923151212      22.642429877  
1952  9  8.000000     7.3216652318      22.584373031  
1952  9 18.000000     7.3472773360      22.542947335  
1952  9 28.000000     7.3662547953      22.513668056  
1952 10  8.000000     7.3803478762      22.483582286  
1952 10 18.000000     7.3877303576      22.484353685  
1952 10 28.000000     7.3885103913      22.477972183  
1952 11  7.000000     7.3836814938      22.499483995  
1952 11 17.000000     7.3714907171      22.526641871  
1952 11 27.000000     7.3548187302      22.559453572  
1952 12  7.000000     7.3322213377      22.615541390  
1952 12 17.000000     7.3059299003      22.657506428  
1952 12 27.000000     7.2770654314      22.723298707  
1953  1  6.000000     7.2456890017      22.775798367  
1953  1 16.000000     7.2153942253      22.830440696  
1953  1 26.000000     7.1850556136      22.888306202  
1953  2  5.000000     7.1581633248      22.923305939  
1953  2 15.000000     7.1347903522      22.971448498  
1953  2 25.000000     7.1157293892      22.991547590  
1953  3  7.000000     7.1032920653      23.013732479  
1953  3 17.000000     7.0956312419      23.024732781  
1953  3 27.000000     7.0955752101      23.015790327  
1953  4  6.000000     7.1012507824      23.014142101  
1953  4 16.000000     7.1132813800      22.982453100  
1953  4 26.000000     7.1319608198      22.957798766  
1953  5  6.000000     7.1550637790      22.915181152  
1953  5 16.000000     7.1843982197      22.861828619  
1953  5 26.000000     7.2170491654      22.811823320  
1953  6  5.000000     7.2537958922      22.736344317  
1953  6 15.000000     7.2935754011      22.673051590  
1953  6 25.000000     7.3346859878      22.589775784  
1953  7  5.000000     7.3781790610      22.507696188  
1953  7 15.000000     7.4210282222      22.427300232  
1953  7 25.000000     7.4643733210      22.331803328  
1953  8  4.000000     7.5062855427      22.255364459  
1953  8 14.000000     7.5459579887      22.163070184  
1953  8 24.000000     7.5837582192      22.087516125  
1953  9  3.000000     7.6169938595      22.015679684  
1953  9 13.000000     7.6471373144      21.944771696  
1953  9 23.000000     7.6717494953      21.900564181  
1953 10  3.000000     7.6911087332      21.849041681  
1953 10 13.000000     7.7050875102      21.829301630  
1953 10 23.000000     7.7118758169      21.814120087  
1953 11  2.000000     7.7134642003      21.814529914  
1953 11 12.000000     7.7076267871      21.840951325  
1953 11 22.000000     7.6962310436      21.863636064  
1953 12  2.000000     7.6792098285      21.920083924  
1953 12 12.000000     7.6565497063      21.970054278  
1953 12 22.000000     7.6310008422      22.036620682  
1954  1  1.000000     7.6013638263      22.110451453  
1954  1 11.000000     7.5711685312      22.172666498  
1954  1 21.000000     7.5403457689      22.252841522  
1954  1 31.000000     7.5105679526      22.307254835  
1954  2 10.000000     7.4841589778      22.370099402  
1954  2 20.000000     7.4603382028      22.417024742  
1954  3  2.000000     7.4425058813      22.447736846  
1954  3 12.000000     7.4292928092      22.481027925  
1954  3 22.000000     7.4224981190      22.481280952  
1954  4  1.000000     7.4223680351      22.488036135  
1954  4 11.000000     7.4277606798      22.468417667  
1954  4 21.000000     7.4406166340      22.439217047  
1954  5  1.000000     7.4582677632      22.405249520  
1954  5 11.000000     7.4821847488      22.343451053  
1954  5 21.000000     7.5108726256      22.290278045  
1954  5 31.000000     7.5433621625      22.209545945  
1954  6 10.000000     7.5804094035      22.129908317  
1954  6 20.000000     7.6191352096      22.042359759  
1954  6 30.000000     7.6609161881      21.938336621  
1954  7 10.000000     7.7034313885      21.846448233  
1954  7 20.000000     7.7463542482      21.732415887  
1954  7 30.000000     7.7895744639      21.632776460  
1954  8  9.000000     7.8306754205      21.526677741  
1954  8 19.000000     7.8709155915      21.421075280  
1954  8 29.000000     7.9076465376      21.333470588  
1954  9  8.000000     7.9412906264      21.235663183  
1954  9 18.000000     7.9710037511      21.167520510  
1954  9 28.000000     7.9952106153      21.097987313  
1954 10  8.000000     8.0150657516      21.048510172  
1954 10 18.000000     8.0280561926      21.021268183  
1954 10 28.000000     8.0356122873      20.996805317  
1954 11  7.000000     8.0365757731      21.010809344  
1954 11 17.000000     8.0308453474      21.023588398  
1954 11 27.000000     8.0198724547      21.066540678  
1954 12  7.000000     8.0021423613      21.122239710  
1954 12 17.000000     7.9805706178      21.182091957  
1954 12 27.000000     7.9543488477      21.268971671  
1955  1  6.000000     7.9254055105      21.340452796  
1955  1 16.000000     7.8954906919      21.432810537  
1955  1 26.000000     7.8644189995      21.512215589  
1955  2  5.000000     7.8358054393      21.586050150  
1955  2 15.000000     7.8087293645      21.662159437  
1955  2 25.000000     7.7859626046      21.708201174  
1955  3  7.000000     7.7680001225      21.761915370  
1955  3 17.000000     7.7548681773      21.783805539  
1955  3 27.000000     7.7488153863      21.798556833  
1955  4  6.000000     7.7479065801      21.800057938  
1955  4 16.000000     7.7542516732      21.772893377  
1955  4 26.000000     7.7663847325      21.749251398  
1955  5  6.000000     7.7842156535      21.691010209  
1955  5 16.000000     7.8082154201      21.633243173  
1955  5 26.000000     7.8360484261      21.557110361  
1955  6  5.000000     7.8691873770      21.463602718  
1955  6 15.000000     7.9051110550      21.374014358  
1955  6 25.000000     7.9440874597      21.256314678  
1955  7  5.000000     7.9854502822      21.149529339  
1955  7 15.000000     8.0272562167      21.025605554  
1955  7 25.000000     8.0705743182      20.900601961  
1955  8  4.000000     8.1126177211      20.782920715  
1955  8 14.000000     8.1541117809      20.650772012  
1955  8 24.000000     8.1936735345      20.542154760  
1955  9  3.000000     8.2300558454      20.423642407  
1955  9 13.000000     8.2639115641      20.324395339  
1955  9 23.000000     8.2926611734      20.238182854  
1955 10  3.000000     8.3174570300      20.156189706  
1955 10 13.000000     8.3365278894      20.109296874  
1955 10 23.000000     8.3496678106      20.061589131  
1955 11  2.000000     8.3572869558      20.050523701  
1955 11 12.000000     8.3576692507      20.052769597  
1955 11 22.000000     8.3527428465      20.072556905  
1955 12  2.000000     8.3410060070      20.125509460  
1955 12 12.000000     8.3240054895      20.176151673  
1955 12 22.000000     8.3023851461      20.262248213  
1956  1  1.000000     8.2761151881      20.344107375  
1956  1 11.000000     8.2481223149      20.438321477  
1956  1 21.000000     8.2175968181      20.541155850  
1956  1 31.000000     8.1877126861      20.625990023  
1956  2 10.000000     8.1588688037      20.725794015  
1956  2 20.000000     8.1321946670      20.795642851  
1956  3  1.000000     8.1101381635      20.865695391  
1956  3 11.000000     8.0916490301      20.917856224  
1956  3 21.000000     8.0796313722      20.944237578  
1956  3 31.000000     8.0729400067      20.969742885  
1956  4 10.000000     8.0725156991      20.956086247  
1956  4 20.000000     8.0788973507      20.941878444  
1956  4 30.000000     8.0904727862      20.899372021  
1956  5 10.000000     8.1089249431      20.839108967  
1956  5 20.000000     8.1318880263      20.773187536  
1956  5 30.000000     8.1601156270      20.674459256  
1956  6  9.000000     8.1926444667      20.581696856  
1956  6 19.000000     8.2280920165      20.461359204  
1956  6 29.000000     8.2672289349      20.338234719  
1956  7  9.000000     8.3074458014      20.210340432  
1956  7 19.000000     8.3496349906      20.064027471  
1956  7 29.000000     8.3920104726      19.932941326  
1956  8  8.000000     8.4338375401      19.782457147  
1956  8 18.000000     8.4752342867      19.647847911  
1956  8 28.000000     8.5138361285      19.513935803  
1956  9  7.000000     8.5506736997      19.382103846  
1956  9 17.000000     8.5835486769      19.276385902  
1956  9 27.000000     8.6124482852      19.165416567  
1956 10  7.000000     8.6370221424      19.089779839  
1956 10 17.000000     8.6555250495      19.021717301  
1956 10 27.000000     8.6692002641      18.977021333  
1956 11  6.000000     8.6759890561      18.964015080  
1956 11 16.000000     8.6769542493      18.957426991  
1956 11 26.000000     8.6717386948      18.994711563  
1956 12  6.000000     8.6600000647      19.035941602  
1956 12 16.000000     8.6436008017      19.107306773  
1956 12 26.000000     8.6214617857      19.195835954  
1957  1  5.000000     8.5962301508      19.285392276  
1957  1 15.000000     8.5679072151      19.402079276  
1957  1 25.000000     8.5380012066      19.500334584  
1957  2  4.000000     8.5086265783      19.613867489  
1957  2 14.000000     8.4795741531      19.712493808  
1957  2 24.000000     8.4540666965      19.796696331  
1957  3  6.000000     8.4314811598      19.880279713  
1957  3 16.000000     8.4138480350      19.926294956  
1957  3 26.000000     8.4018439145      19.973658832  
1957  4  5.000000     8.3949789930      19.985596249  
1957  4 15.000000     8.3952656698      19.981457495  
1957  4 25.000000     8.4007732790      19.962481453  
1957  5  5.000000     8.4129780978      19.907554445  
1957  5 15.000000     8.4307969963      19.852890145  
1957  5 25.000000     8.4535248991      19.761238711  
1957  6  4.000000     8.4818271021      19.664526058  
1957  6 14.000000     8.5133384905      19.550754570  
1957  6 24.000000     8.5491331800      19.415220363  
1957  7  4.000000     8.5872506932      19.284955383  
1957  7 14.000000     8.6273400102      19.126721542  
1957  7 24.000000     8.6691661752      18.979165108  
1957  8  3.000000     8.7106925207      18.819015967  
1957  8 13.000000     8.7527467748      18.657702898  
1957  8 23.000000     8.7930638686      18.509907927  
1957  9  2.000000     8.8318121441      18.350521877  
1957  9 12.000000     8.8681005286      18.219852317  
1957  9 22.000000     8.9004898818      18.086308928  
1957 10  2.000000     8.9296264206      17.975694596  
1957 10 12.000000     8.9532851039      17.887509324  
1957 10 22.000000     8.9722648234      17.807525703  
1957 11  1.000000     8.9853748806      17.770590278  
1957 11 11.000000     8.9921526892      17.739124265  
1957 11 21.000000     8.9934071608      17.747950069  
1957 12  1.000000     8.9876271894      17.777644415  
1957 12 11.000000     8.9767027633      17.825108349  
1957 12 21.000000     8.9598469092      17.910269627  
1957 12 31.000000     8.9382763203      17.992888731  
1958  1 10.000000     8.9133467503      18.109172745  
1958  1 20.000000     8.8849592284      18.221418753  
1958  1 30.000000     8.8560641015      18.339274934  
1958  2  9.000000     8.8263305704      18.464165755  
1958  2 19.000000     8.7982674978      18.563863884  
1958  3  1.000000     8.7727883274      18.672937989  
1958  3 11.000000     8.7504428520      18.747405001  
1958  3 21.000000     8.7335150510      18.813286491  
1958  3 31.000000     8.7209853136      18.858459446  
1958  4 10.000000     8.7149868883      18.869416659  
1958  4 20.000000     8.7147018574      18.875778666  
1958  4 30.000000     8.7203818379      18.838213810  
1958  5 10.000000     8.7326211431      18.794108869  
1958  5 20.000000     8.7496759333      18.720881613  
1958  5 30.000000     8.7728463353      18.623623882  
1958  6  9.000000     8.8001125030      18.520980328  
1958  6 19.000000     8.8316746613      18.382711337  
1958  6 29.000000     8.8669709604      18.249020303  
1958  7  9.000000     8.9043394868      18.089825291  
1958  7 19.000000     8.9445357111      17.925585640  
1958  7 29.000000     8.9852502359      17.761111705  
1958  8  8.000000     9.0268647636      17.578552189  
1958  8 18.000000     9.0681904914      17.414928076  
1958  8 28.000000     9.1080493540      17.236826738  
1958  9  7.000000     9.1467485115      17.077023850  
1958  9 17.000000     9.1821362585      16.925841266  
1958  9 27.000000     9.2147939157      16.780093218  
1958 10  7.000000     9.2431800079      16.668235852  
1958 10 17.000000     9.2668166475      16.557234938  
1958 10 27.000000     9.2857182848      16.487090381  
1958 11  6.000000     9.2982845475      16.432877724  
1958 11 16.000000     9.3055832106      16.405282790  
1958 11 26.000000     9.3062054249      16.417037248  
1958 12  6.000000     9.3009114089      16.437754944  
1958 12 16.000000     9.2899632195      16.505583391  
1958 12 26.000000     9.2730515552      16.580244383  
1959  1  5.000000     9.2522475895      16.682531834  
1959  1 15.000000     9.2269355572      16.803626042  
1959  1 25.000000     9.1995082615      16.920269999  
1959  2  4.000000     9.1705989282      17.061211386  
1959  2 14.000000     9.1412829791      17.179182748  
1959  2 24.000000     9.1139219903      17.304478348  
1959  3  6.000000     9.0882123268      17.411820920  
1959  3 16.000000     9.0668552427      17.495398701  
1959  3 26.000000     9.0495892804      17.574217830  
1959  4  5.000000     9.0375571793      17.609107345  
1959  4 15.000000     9.0316626257      17.638611863  
1959  4 25.000000     9.0310216293      17.630102961  
1959  5  5.000000     9.0372055707      17.598088399  
1959  5 15.000000     9.0486144827      17.549960527  
1959  5 25.000000     9.0659547550      17.461076292  
1959  6  4.000000     9.0885537078      17.370055587  
1959  6 14.000000     9.1153486211      17.241475106  
1959  6 24.000000     9.1469171545      17.104372731  
1959  7  4.000000     9.1811585538      16.952609380  
1959  7 14.000000     9.2186684918      16.777053618  
1959  7 24.000000     9.2579700557      16.609340846  
1959  8  3.000000     9.2983154532      16.415644922  
1959  8 13.000000     9.3396926583      16.233817968  
1959  8 23.000000     9.3800958197      16.045342478  
1959  9  2.000000     9.4201022740      15.857103155  
1959  9 12.000000     9.4579233362      15.689335440  
1959  9 22.000000     9.4932180073      15.514442011  
1959 10  2.000000     9.5255797714      15.373596068  
1959 10 12.000000     9.5534000238      15.237858916  
1959 10 22.000000     9.5772755735      15.128965859  
1959 11  1.000000     9.5954848826      15.051280469  
1959 11 11.000000     9.6083360387      14.986208358  
1959 11 21.000000     9.6153588139      14.970345025  
1959 12  1.000000     9.6158958111      14.965467198  
1959 12 11.000000     9.6109853308      15.002888524  
1959 12 21.000000     9.5996370836      15.066039027  
1959 12 31.000000     9.5834607885      15.145627983  
1960  1 10.000000     9.5624609769      15.264102314  
1960  1 20.000000     9.5376224565      15.377520226  
1960  1 30.000000     9.5106841393      15.520199410  
1960  2  9.000000     9.4817028712      15.656400630  
1960  2 19.000000     9.4533884651      15.789814986  
1960  2 29.000000     9.4258000752      15.926721928  
1960  3 10.000000     9.4008477781      16.030519329  
1960  3 20.000000     9.3797003058      16.137117122  
1960  3 30.000000     9.3624199011      16.204658911  
1960  4  9.000000     9.3510585359      16.254954829  
1960  4 19.000000     9.3446237820      16.282205160  
1960  4 29.000000     9.3445036744      16.268310051  
1960  5  9.000000     9.3502709308      16.246478078  
1960  5 19.000000     9.3614978525      16.178140816  
1960  5 29.000000     9.3788610636      16.098384815  
1960  6  8.000000     9.4006441202      15.990131885  
1960  6 18.000000     9.4276052919      15.854043291  
1960  6 28.000000     9.4582994914      15.713517300  
1960  7  8.000000     9.4923180717      15.537122337  
1960  7 18.000000     9.5294147937      15.365215161  
1960  7 28.000000     9.5679216040      15.171235853  
1960  8  7.000000     9.6082866883      14.972159480  
1960  8 17.000000     9.6487002225      14.778039843  
1960  8 27.000000     9.6890346491      14.568085748  
1960  9  6.000000     9.7285130769      14.381745361  
1960  9 16.000000     9.7657875763      14.186821415  
1960  9 26.000000     9.8011328346      14.013704809  
1960 10  6.000000     9.8326993972      13.857525857  
1960 10 16.000000     9.8606887724      13.710778384  
1960 10 26.000000     9.8841016692      13.605466354  
1960 11  5.000000     9.9021260112      13.507261610  
1960 11 15.000000     9.9151138912      13.454449422  
1960 11 25.000000     9.9216538128      13.425055756  
1960 12  5.000000     9.9226417482      13.424315114  
1960 12 15.000000     9.9174162051      13.468111967  
1960 12 25.000000     9.9063673414      13.522047682  
1961  1  4.000000     9.8904278962      13.623111031  
1961  1 14.000000     9.8693856553      13.731507706  
1961  1 24.000000     9.8452895078      13.862673627  
1961  2  3.000000     9.8181962096      14.010943224  
1961  2 13.000000     9.7899878933      14.147955667  
1961  2 23.000000     9.7618513903      14.303884494  
1961  3  5.000000     9.7345460139      14.431123211  
1961  3 15.000000     9.7102835341      14.557126743  
1961  3 25.000000     9.6888914005      14.661191957  
1961  4  4.000000     9.6723819662      14.732856493  
1961  4 14.000000     9.6607582171      14.795651296  
1961  4 24.000000     9.6545089544      14.809255852  
1961  5  4.000000     9.6545363870      14.811779312  
1961  5 14.000000     9.6597591057      14.774978558  
1961  5 24.000000     9.6713248192      14.708948647  
1961  6  3.000000     9.6879410139      14.626746010  
1961  6 13.000000     9.7096728475      14.501202934  
1961  6 23.000000     9.7362415255      14.372226287  
1961  7  3.000000     9.7662789777      14.207201527  
1961  7 13.000000     9.8002646940      14.031842841  
1961  7 23.000000     9.8364605424      13.845352722  
1961  8  2.000000     9.8748708515      13.635414778  
1961  8 12.000000     9.9146099945      13.436483001  
1961  8 22.000000     9.9545388937      13.215448760  
1961  9  1.000000     9.9947159590      13.008745427  
1961  9 11.000000    10.0334236719      12.801880894  
1961  9 21.000000    10.0707437608      12.598382604  
1961 10  1.000000    10.1054691950      12.422353190  
1961 10 11.000000    10.1368516675      12.244513271  
1961 10 21.000000    10.1647238211      12.106365516  
1961 10 31.000000    10.1876116748      11.980926915  
1961 11 10.000000    10.2058935209      11.886255729  
1961 11 20.000000    10.2183912721      11.830498993  
1961 11 30.000000    10.2250948471      11.790784005  
1961 12 10.000000    10.2260812174      11.804668562  
1961 12 20.000000    10.2206829147      11.833271004  
1961 12 30.000000    10.2101332025      11.903693567  
1962  1  9.000000    10.1939474371      12.002109144  
1962  1 19.000000    10.1734836640      12.113312619  
1962  1 29.000000    10.1495046583      12.261315420  
1962  2  8.000000    10.1226874725      12.400001339  
1962  2 18.000000    10.0950877017      12.560942785  
1962  2 28.000000    10.0669165660      12.711251291  
1962  3 10.000000    10.0403939096      12.849776987  
1962  3 20.000000    10.0160887064      12.986677589  
1962  3 30.000000     9.9951460694      13.083263866  
1962  4  9.000000     9.9788856805      13.175951802  
1962  4 19.000000     9.9671100347      13.225707101  
1962  4 29.000000     9.9613363733      13.251172586  
1962  5  9.000000     9.9608571394      13.251755264  
1962  5 19.000000     9.9663108816      13.206353485  
1962  5 29.000000     9.9775389163      13.150905487  
1962  6  8.000000     9.9937632132      13.047993064  
1962  6 18.000000    10.0155140841      12.930685807  
1962  6 28.000000    10.0412692422      12.786847749  
1962  7  8.000000    10.0713109375      12.613367396  
1962  7 18.000000    10.1046385295      12.437651304  
1962  7 28.000000    10.1404094232      12.227733172  
1962  8  7.000000    10.1786030455      12.023403569  
1962  8 17.000000    10.2175764857      11.801894872  
1962  8 27.000000    10.2574698249      11.576748330  
1962  9  6.000000    10.2969920056      11.362325236  
1962  9 16.000000    10.3354573652      11.136025880  
1962  9 26.000000    10.3725288466      10.938259822  
1962 10  6.000000    10.4067385715      10.738592288  
1962 10 16.000000    10.4381786811      10.564985729  
1962 10 26.000000    10.4655273017      10.416055715  
1962 11  5.000000    10.4884517525      10.281117374  
1962 11 15.000000    10.5065331596      10.194149958  
1962 11 25.000000    10.5188192449      10.119658992  
1962 12  5.000000    10.5257428482      10.094080154  
1962 12 15.000000    10.5263841269      10.097207179  
1962 12 25.000000    10.5213659327      10.129340493  
1963  1  4.000000    10.5107265579      10.208581273  
1963  1 14.000000    10.4947159958      10.296619552  
1963  1 24.000000    10.4746691101      10.429116699  
1963  2  3.000000    10.4506130270      10.566908045  
1963  2 13.000000    10.4244981198      10.720236680  
1963  2 23.000000    10.3968995955      10.886834127  
1963  3  5.000000    10.3692277466      11.034248322  
1963  3 15.000000    10.3430715313      11.193644047  
1963  3 25.000000    10.3188229539      11.318681012  
1963  4  4.000000    10.2984829284      11.433854200  
1963  4 14.000000    10.2820238330      11.523281392  
1963  4 24.000000    10.2706591184      11.573318513  
1963  5  4.000000    10.2647720213      11.610682533  
1963  5 14.000000    10.2641938942      11.595585173  
1963  5 24.000000    10.2697519582      11.565156085  
1963  6  3.000000    10.2804412852      11.495222046  
1963  6 13.000000    10.2967716647      11.392790591  
1963  6 23.000000    10.3179405150      11.275044753  
1963  7  3.000000    10.3434536819      11.113456410  
1963  7 13.000000    10.3732207778      10.948758269  
1963  7 23.000000    10.4058900030      10.750771441  
1963  8  2.000000    10.4416203349      10.542559130  
1963  8 12.000000    10.4791052295      10.327783789  
1963  8 22.000000    10.5178800341      10.091422300  
1963  9  1.000000    10.5574284754       9.870261370  
1963  9 11.000000    10.5964184105       9.632031408  
1963  9 21.000000    10.6348789224       9.411412247  
1963 10  1.000000    10.6713683755       9.197758612  
1963 10 11.000000    10.7055346961       8.991410419  
1963 10 21.000000    10.7367108243       8.819295563  
1963 10 31.000000    10.7637619553       8.651189435  
1963 11 10.000000    10.7867669469       8.527754155  
1963 11 20.000000    10.8044609431       8.423865554  
1963 11 30.000000    10.8169080033       8.354084521  
1963 12 10.000000    10.8236551760       8.328758536  
1963 12 20.000000    10.8243097022       8.321690516  
1963 12 30.000000    10.8194777336       8.370214522  
1964  1  9.000000    10.8087047571       8.434549468  
1964  1 19.000000    10.7931428195       8.538116874  
1964  1 29.000000    10.7730323423       8.668805253  
1964  2  8.000000    10.7493924991       8.806456894  
1964  2 18.000000    10.7235492097       8.976489654  
1964  2 28.000000    10.6960880219       9.131038388  
1964  3  9.000000    10.6690260479       9.299643308  
1964  3 19.000000    10.6428075286       9.452582333  
1964  3 29.000000    10.6191250496       9.584623440  
1964  4  8.000000    10.5988435015       9.710002156  
1964  4 18.000000    10.5825033039       9.788902289  
1964  4 28.000000    10.5714422766       9.857861061  
1964  5  8.000000    10.5652455634       9.881542938  
1964  5 18.000000    10.5649415221       9.875487189  
1964  5 28.000000    10.5701277886       9.843795772  
1964  6  7.000000    10.5807158464       9.763678666  
1964  6 17.000000    10.5968798752       9.672425735  
1964  6 27.000000    10.6175485240       9.534672937  
1964  7  7.000000    10.6430248208       9.381459011  
1964  7 17.000000    10.6721875308       9.204558268  
1964  7 27.000000    10.7046855569       8.998486830  
1964  8  6.000000    10.7400289412       8.793275773  
1964  8 16.000000    10.7770646537       8.556901022  
1964  8 26.000000    10.8157405749       8.328762804  
1964  9  5.000000    10.8547155228       8.088913981  
1964  9 15.000000    10.8936529171       7.848255167  
1964  9 25.000000    10.9317515649       7.624696743  
1964 10  5.000000    10.9679620418       7.393787129  
1964 10 15.000000    11.0021240104       7.196797368  
1964 10 25.000000    11.0328553010       7.004691979  
1964 11  4.000000    11.0600159375       6.842683863  
1964 11 14.000000    11.0827526698       6.712616544  
1964 11 24.000000    11.1003501331       6.600470181  
1964 12  4.000000    11.1128927409       6.541252153  
1964 12 14.000000    11.1193612849       6.498740326  
1964 12 24.000000    11.1202922563       6.506533830  
1965  1  3.000000    11.1153079716       6.545915911  
1965  1 13.000000    11.1047129013       6.612717895  
1965  1 23.000000    11.0893368909       6.725935234  
1965  2  2.000000    11.0692425871       6.844518992  
1965  2 12.000000    11.0460608974       7.002423915  
1965  2 22.000000    11.0202102269       7.161098810  
1965  3  4.000000    10.9932332173       7.327073499  
1965  3 14.000000    10.9663178115       7.500800410  
1965  3 24.000000    10.9403469803       7.647101748  
1965  4  3.000000    10.9170410911       7.798516914  
1965  4 13.000000    10.8966838433       7.910083304  
1965  4 23.000000    10.8807751313       8.004332733  
1965  5  3.000000    10.8695238780       8.070035589  
1965  5 13.000000    10.8634553712       8.090870403  
1965  5 23.000000    10.8631275749       8.096732003  
1965  6  2.000000    10.8679873294       8.048654112  
1965  6 12.000000    10.8786860742       7.982499314  
1965  6 22.000000    10.8943407467       7.878399543  
1965  7  2.000000    10.9149344430       7.740358874  
1965  7 12.000000    10.9400947291       7.588971839  
1965  7 22.000000    10.9688389152       7.395304452  
1965  8  1.000000    11.0012606743       7.199876304  
1965  8 11.000000    11.0360616214       6.975244966  
1965  8 21.000000    11.0730066295       6.742178669  
1965  8 31.000000    11.1113350715       6.507533571  
1965  9 10.000000    11.1500184457       6.254785510  
1965  9 20.000000    11.1888909873       6.022043173  
1965  9 30.000000    11.2265779121       5.777692395  
1965 10 10.000000    11.2628277247       5.555254609  
1965 10 20.000000    11.2966994248       5.346655930  
1965 10 30.000000    11.3273289268       5.149533537  
1965 11  9.000000    11.3544909640       4.993236649  
1965 11 19.000000    11.3769305414       4.845896278  
1965 11 29.000000    11.3947213466       4.747477068  
1965 12  9.000000    11.4070050185       4.674145756  
1965 12 19.000000    11.4135630674       4.636407183  
1965 12 29.000000    11.4145530654       4.646820357  
1966  1  8.000000    11.4094222373       4.675488846  
1966  1 18.000000    11.3991836867       4.758920086  
1966  1 28.000000    11.3836463682       4.857112925  
1966  2  7.000000    11.3638986774       4.989265546  
1966  2 17.000000    11.3408417414       5.145183981  
1966  2 27.000000    11.3151099363       5.300878268  
1966  3  9.000000    11.2885565897       5.482405828  
1966  3 19.000000    11.2616064058       5.641748656  
1966  3 29.000000    11.2360915646       5.806672874  
1966  4  8.000000    11.2127913591       5.950490618  
1966  4 18.000000    11.1926476177       6.065683566  
1966  4 28.000000    11.1768854449       6.169689532  
1966  5  8.000000    11.1655132531       6.222445644  
1966  5 18.000000    11.1596630160       6.261083833  
1966  5 28.000000    11.1590173701       6.253235595  
1966  6  7.000000    11.1639438062       6.212271644  
1966  6 17.000000    11.1744028290       6.146487981  
1966  6 27.000000    11.1897829576       6.031378115  
1966  7  7.000000    11.2103481591       5.905803733  
1966  7 17.000000    11.2350039483       5.736165523  
1966  7 27.000000    11.2637351394       5.551365721  
1966  8  6.000000    11.2957842298       5.347189107  
1966  8 16.000000    11.3303191129       5.115644189  
1966  8 26.000000    11.3672147831       4.888911404  
1966  9  5.000000    11.4050895221       4.635505812  
1966  9 15.000000    11.4438333971       4.393597064  
1966  9 25.000000    11.4824035562       4.146122722  
1966 10  5.000000    11.5199574845       3.901677161  
1966 10 15.000000    11.5562287669       3.680474671  
1966 10 25.000000    11.5897779147       3.457040554  
1966 11  4.000000    11.6205721931       3.272766199  
1966 11 14.000000    11.6474829669       3.099368441  
1966 11 24.000000    11.6699451820       2.959950830  
1966 12  4.000000    11.6877542340       2.858254560  
1966 12 14.000000    11.6998343341       2.776997377  
1966 12 24.000000    11.7066340620       2.752185497  
1967  1  3.000000    11.7073753233       2.745807743  
1967  1 13.000000    11.7024713324       2.789045442  
1967  1 23.000000    11.6922205260       2.864396353  
1967  2  2.000000    11.6766892907       2.962764143  
1967  2 12.000000    11.6572732013       3.104762358  
1967  2 22.000000    11.6340615891       3.246550179  
1967  3  4.000000    11.6087810952       3.420413776  
1967  3 14.000000    11.5821995473       3.589694282  
1967  3 24.000000    11.5554712587       3.757069193  
1967  4  3.000000    11.5302261302       3.926288316  
1967  4 13.000000    11.5068281471       4.060765938  
1967  4 23.000000    11.4870712866       4.193685744  
1967  5  3.000000    11.4711174125       4.282713527  
1967  5 13.000000    11.4599117269       4.348625511  
1967  5 23.000000    11.4540083098       4.384139601  
1967  6  2.000000    11.4531708920       4.371694095  
1967  6 12.000000    11.4581806266       4.343282947  
1967  6 22.000000    11.4682477054       4.260993535  
1967  7  2.000000    11.4836554554       4.160074890  
1967  7 12.000000    11.5039061212       4.023725963  
1967  7 22.000000    11.5283549879       3.853818164  
1967  8  1.000000    11.5570158125       3.674008380  
1967  8 11.000000    11.5886506495       3.454429536  
1967  8 21.000000    11.6232584243       3.235976176  
1967  8 31.000000    11.6598050755       2.993369597  
1967  9 10.000000    11.6976111689       2.744887089  
1967  9 20.000000    11.7363367680       2.500905936  
1967  9 30.000000    11.7745885551       2.242818443  
1967 10 10.000000    11.8123668782       2.009840838  
1967 10 20.000000    11.8483342297       1.771371580  
1967 10 30.000000    11.8819690290       1.558809284  
1967 11  9.000000    11.9127894068       1.366753990  
1967 11 19.000000    11.9394616438       1.190134266  
1967 11 29.000000    11.9622153555       1.059563973  
1967 12  9.000000    11.9797096825       0.942074403  
1967 12 19.000000    11.9919794822       0.876231622  
1967 12 29.000000    11.9987339907       0.838777727  
1968  1  8.000000    11.9993525274       0.836836133  
1968  1 18.000000    11.9947186903       0.884080940  
1968  1 28.000000    11.9841939479       0.947071061  
1968  2  7.000000    11.9689998084       1.061978756  
1968  2 17.000000    11.9494734420       1.187836475  
1968  2 27.000000    11.9263996659       1.340581616  
1968  3  8.000000    11.9013406466       1.512294523  
1968  3 18.000000    11.8746372050       1.675081779  
1968  3 28.000000    11.8483377276       1.856977035  
1968  4  7.000000    11.8229042968       2.009932505  
1968  4 17.000000    11.7997957183       2.160199775  
1968  4 27.000000    11.7800534923       2.285340670  
1968  5  7.000000    11.7639982695       2.375131466  
1968  5 17.000000    11.7530399731       2.450583390  
1968  5 27.000000    11.7467744862       2.472165800  
1968  6  6.000000    11.7461202524       2.476646956  
1968  6 16.000000    11.7508741960       2.435366769  
1968  6 26.000000    11.7607790304       2.359558569  
1968  7  6.000000    11.7762101458       2.260758373  
1968  7 16.000000    11.7960359848       2.113872852  
1968  7 26.000000    11.8206016162       1.958388066  
1968  8  5.000000    11.8489210039       1.762345870  
1968  8 15.000000    11.8804875625       1.553267676  
1968  8 25.000000    11.9150723967       1.329664686  
1968  9  4.000000    11.9513202814       1.081673639  
1968  9 14.000000    11.9893404971       0.843582486  
1968  9 24.000000    12.0277668037       0.583498970  
1968 10  4.000000    12.0661652715       0.339124713  
1968 10 14.000000    12.1039326823       0.095679874  
1968 10 24.000000    12.1397500387      -0.141137255  
1968 11  3.000000    12.1736994466      -0.348157905  
1968 11 13.000000    12.2041987751      -0.552947993  
1968 11 23.000000    12.2311752252      -0.714163058  
1968 12  3.000000    12.2538225165      -0.858982816  
1968 12 13.000000    12.2712398532      -0.967745646  
1968 12 23.000000    12.2837927456      -1.034441043  
1969  1  2.000000    12.2901609607      -1.079805774  
1969  1 12.000000    12.2911540772      -1.067902068  
1969  1 22.000000    12.2862795508      -1.037709696  
1969  2  1.000000    12.2758091878      -0.961087800  
1969  2 11.000000    12.2608037173      -0.854522201  
1969  2 21.000000    12.2409950344      -0.730974192  
1969  3  3.000000    12.2183459498      -0.568839047  
1969  3 13.000000    12.1930205104      -0.413944124  
1969  3 23.000000    12.1665795627      -0.234712470  
1969  4  2.000000    12.1403177337      -0.066312615  
1969  4 12.000000    12.1147928695       0.091410076  
1969  4 22.000000    12.0919943970       0.245901506  
1969  5  2.000000    12.0719358367       0.358942829  
1969  5 12.000000    12.0561731194       0.465591928  
1969  5 22.000000    12.0449804147       0.525772593  
1969  6  1.000000    12.0386768643       0.558504138  
1969  6 11.000000    12.0380823905       0.561228290  
1969  6 21.000000    12.0424395447       0.514285279  
1969  7  1.000000    12.0525687811       0.452036672  
1969  7 11.000000    12.0675910342       0.337966690  
1969  7 21.000000    12.0874389300       0.205697754  
1969  7 31.000000    12.1119564837       0.042153222  
1969  8 10.000000    12.1399502971      -0.153124102  
1969  8 20.000000    12.1717905678      -0.354189168  
1969  8 30.000000    12.2060046020      -0.590957947  
1969  9  9.000000    12.2424528458      -0.822999046  
1969  9 19.000000    12.2804521764      -1.073598442  
1969  9 29.000000    12.3187491465      -1.326367412  
1969 10  9.000000    12.3575039827      -1.568548391  
1969 10 19.000000    12.3949795754      -1.820539899  
1969 10 29.000000    12.4311747177      -2.041910433  
1969 11  8.000000    12.4650372100      -2.263415760  
1969 11 18.000000    12.4955714308      -2.455204003  
1969 11 28.000000    12.5228361185      -2.620444986  
1969 12  8.000000    12.5451611454      -2.767927018  
1969 12 18.000000    12.5630157882      -2.864945017  
1969 12 28.000000    12.5752586913      -2.946733125  
1970  1  7.000000    12.5817686447      -2.976406756  
1970  1 17.000000    12.5828495218      -2.975915369  
1970  1 27.000000    12.5776419786      -2.942990490  
1970  2  6.000000    12.5676047936      -2.861951041  
1970  2 16.000000    12.5521412701      -2.769616509  
1970  2 26.000000    12.5326342880      -2.630928116  
1970  3  8.000000    12.5099087186      -2.486185197  
1970  3 18.000000    12.4844174722      -2.323057916  
1970  3 28.000000    12.4583462169      -2.146842415  
1970  4  7.000000    12.4316544439      -1.987832989  
1970  4 17.000000    12.4065161474      -1.816584314  
1970  4 27.000000    12.3834762021      -1.680199366  
1970  5  7.000000    12.3634124243      -1.553127862  
1970  5 17.000000    12.3477811418      -1.454280603  
1970  5 27.000000    12.3362050664      -1.395521970  
1970  6  6.000000    12.3301932276      -1.352328653  
1970  6 16.000000    12.3291845495      -1.364349838  
1970  6 26.000000    12.3336346844      -1.394230068  
1970  7  6.000000    12.3436632768      -1.467651907  
1970  7 16.000000    12.3584077347      -1.575739138  
1970  7 26.000000    12.3785118402      -1.702989321  
1970  8  5.000000    12.4025938604      -1.876197208  
1970  8 15.000000    12.4308724401      -2.054863103  
1970  8 25.000000    12.4625660447      -2.269062413  
1970  9  4.000000    12.4967241121      -2.493796288  
1970  9 14.000000    12.5335193061      -2.726941613  
1970  9 24.000000    12.5711850462      -2.980758251  
1970 10  4.000000    12.6099918048      -3.219490193  
1970 10 14.000000    12.6486054097      -3.474653145  
1970 10 24.000000    12.6862420136      -3.710032596  
1970 11  3.000000    12.7227849634      -3.938180137  
1970 11 13.000000    12.7563787730      -4.156043377  
1970 11 23.000000    12.7874867503      -4.338537156  
1970 12  3.000000    12.8144698167      -4.515189265  
1970 12 13.000000    12.8370613153      -4.644782900  
1970 12 23.000000    12.8550218304      -4.754401111  
1971  1  2.000000    12.8669996591      -4.827500040  
1971  1 12.000000    12.8739548940      -4.855990383  
1971  1 22.000000    12.8745381186      -4.865026636  
1971  2  1.000000    12.8696760623      -4.817732344  
1971  2 11.000000    12.8594219806      -4.754722703  
1971  2 21.000000    12.8438165002      -4.651016036  
1971  3  3.000000    12.8245924865      -4.520671320  
1971  3 13.000000    12.8013287442      -4.381637327  
1971  3 23.000000    12.7762943910      -4.209926166  
1971  4  2.000000    12.7498080478      -4.052654645  
1971  4 12.000000    12.7231986534      -3.879603285  
1971  4 22.000000    12.6981594485      -3.722458403  
1971  5  2.000000    12.6746842512      -3.584003873  
1971  5 12.000000    12.6550423724      -3.452906244  
1971  5 22.000000    12.6388877163      -3.367747646  
1971  6  1.000000    12.6275094124      -3.292611855  
1971  6 11.000000    12.6213709143      -3.264647985  
1971  6 21.000000    12.6200700539      -3.266295832  
1971  7  1.000000    12.6248108429      -3.296366163  
1971  7 11.000000    12.6343348770      -3.375847891  
1971  7 21.000000    12.6493924847      -3.468279837  
1971  7 31.000000    12.6692651155      -3.609516095  
1971  8 10.000000    12.6933226397      -3.766775197  
1971  8 20.000000    12.7218656150      -3.950042048  
1971  8 30.000000    12.7532294230      -4.162540241  
1971  9  9.000000    12.7879175450      -4.375197617  
1971  9 19.000000    12.8244850490      -4.619179328  
1971  9 29.000000    12.8624614047      -4.854233145  
1971 10  9.000000    12.9015382642      -5.101289785  
1971 10 19.000000    12.9399987691      -5.347298859  
1971 10 29.000000    12.9783174927      -5.576087041  
1971 11  8.000000    13.0145616915      -5.810586706  
1971 11 18.000000    13.0486677448      -6.009939614  
1971 11 28.000000    13.0798741821      -6.204150880  
1971 12  8.000000    13.1067505195      -6.366350541  
1971 12 18.000000    13.1299166750      -6.497287825  
1971 12 28.000000    13.1473828646      -6.609419691  
1972  1  7.000000    13.1598773916      -6.668979418  
1972  1 17.000000    13.1665776699      -6.713011127  
1972  1 27.000000    13.1670879813      -6.706558675  
1972  2  6.000000    13.1625014739      -6.670687615  
1972  2 16.000000    13.1516597819      -6.607513236  
1972  2 26.000000    13.1365296600      -6.499169609  
1972  3  7.000000    13.1167713560      -6.386172228  
1972  3 17.000000    13.0936285064      -6.233371398  
1972  3 27.000000    13.0685726342      -6.080382248  
1972  4  6.000000    13.0416510479      -5.918316052  
1972  4 16.000000    13.0154569041      -5.748190060  
1972  4 26.000000    12.9897761865      -5.603537020  
1972  5  6.000000    12.9666215857      -5.452314273  
1972  5 16.000000    12.9466961445      -5.340021723  
1972  5 26.000000    12.9303180240      -5.242846468  
1972  6  5.000000    12.9192115001      -5.174516246  
1972  6 15.000000    12.9124497623      -5.149378776  
1972  6 25.000000    12.9115708660      -5.139579468  
1972  7  5.000000    12.9158979773      -5.183918704  
1972  7 15.000000    12.9254443465      -5.245785350  
1972  7 25.000000    12.9406929959      -5.347275455  
1972  8  4.000000    12.9601478070      -5.481906790  
1972  8 14.000000    12.9847637058      -5.631066269  
1972  8 24.000000    13.0129564359      -5.822628314  
1972  9  3.000000    13.0446832156      -6.015467323  
1972  9 13.000000    13.0795631587      -6.238308151  
1972  9 23.000000    13.1160366465      -6.468179860  
1972 10  3.000000    13.1546980942      -6.699799998  
1972 10 13.000000    13.1935051506      -6.948432843  
1972 10 23.000000    13.2326279148      -7.176124291  
1972 11  2.000000    13.2710111921      -7.415073911  
1972 11 12.000000    13.3073934527      -7.630717824  
1972 11 22.000000    13.3421027838      -7.832772834  
1972 12  2.000000    13.3729461847      -8.022581653  
1972 12 12.000000    13.4005617566      -8.172150734  
1972 12 22.000000    13.4234326943      -8.313589035  
1973  1  1.000000    13.4410966937      -8.406889604  
1973  1 11.000000    13.4538554300      -8.477703314  
1973  1 21.000000    13.4600293640      -8.514231886  
1973  1 31.000000    13.4611540711      -8.505766155  
1973  2 10.000000    13.4559000994      -8.481505649  
1973  2 20.000000    13.4453132333      -8.404601753  
1973  3  2.000000    13.4300600426      -8.316036751  
1973  3 12.000000    13.4098376382      -8.194173243  
1973  3 22.000000    13.3871284112      -8.050434608  
1973  4  1.000000    13.3612968455      -7.906740876  
1973  4 11.000000    13.3347554120      -7.736539080  
1973  4 21.000000    13.3081501596      -7.587903677  
1973  5  1.000000    13.2822791307      -7.431009311  
1973  5 11.000000    13.2593227812      -7.293941949  
1973  5 21.000000    13.2387265125      -7.182414389  
1973  5 31.000000    13.2227965614      -7.080092862  
1973  6 10.000000    13.2111057474      -7.026814574  
1973  6 20.000000    13.2044597365      -6.985264456  
1973  6 30.000000    13.2035827659      -6.989278829  
1973  7 10.000000    13.2074786468      -7.024094141  
1973  7 20.000000    13.2175519967      -7.083444685  
1973  7 30.000000    13.2322471936      -7.190645050  
1973  8  9.000000    13.2521661130      -7.307472871  
1973  8 19.000000    13.2767587422      -7.468167140  
1973  8 29.000000    13.3048871179      -7.642277166  
1973  9  8.000000    13.3372708593      -7.835943746  
1973  9 18.000000    13.3717823850      -8.055373877  
1973  9 28.000000    13.4090438201      -8.269172016  
1973 10  8.000000    13.4476839899      -8.509093868  
1973 10 18.000000    13.4867782844      -8.735771809  
1973 10 28.000000    13.5265331754      -8.968013336  
1973 11  7.000000    13.5646736689      -9.196053978  
1973 11 17.000000    13.6019506697      -9.400659673  
1973 11 27.000000    13.6364296507      -9.607906007  
1973 12  7.000000    13.6677380552      -9.776193885  
1973 12 17.000000    13.6956346347      -9.935401026  
1973 12 27.000000    13.7182297931     -10.062254333  
1974  1  6.000000    13.7366065443     -10.154228591  
1974  1 16.000000    13.7487407574     -10.229045425  
1974  1 26.000000    13.7554141103     -10.251051805  
1974  2  5.000000    13.7562901818     -10.259071635  
1974  2 15.000000    13.7507552315     -10.221262900  
1974  2 25.000000    13.7405750164     -10.155854293  
1974  3  7.000000    13.7244552895     -10.070594965  
1974  3 17.000000    13.7047652803      -9.944669811  
1974  3 27.000000    13.6814191163      -9.821096192  
1974  4  6.000000    13.6554952581      -9.665653347  
1974  4 16.000000    13.6290675977      -9.515382423  
1974  4 26.000000    13.6016831246      -9.364962733  
1974  5  6.000000    13.5763325236      -9.210954381  
1974  5 16.000000    13.5525964660      -9.088942018  
1974  5 26.000000    13.5321752545      -8.964685749  
1974  6  5.000000    13.5161014492      -8.881682361  
1974  6 15.000000    13.5039402993      -8.817530525  
1974  6 25.000000    13.4977485537      -8.781003410  
1974  7  5.000000    13.4961732241      -8.789141642  
1974  7 15.000000    13.5005447997      -8.810267366  
1974  7 25.000000    13.5103612589      -8.883132919  
1974  8  4.000000    13.5250421215      -8.971783030  
1974  8 14.000000    13.5454332763      -9.094315252  
1974  8 24.000000    13.5695922129      -9.248001954  
1974  9  3.000000    13.5985410118      -9.409989291  
1974  9 13.000000    13.6306904908      -9.610024754  
1974  9 23.000000    13.6656656372      -9.806963892  
1974 10  3.000000    13.7034240770     -10.027033999  
1974 10 13.000000    13.7419037113     -10.251009763  
1974 10 23.000000    13.7820224084     -10.469684302  
1974 11  2.000000    13.8214992439     -10.701575047  
1974 11 12.000000    13.8603888206     -10.907566727  
1974 11 22.000000    13.8979516014     -11.119702539  
1974 12  2.000000    13.9323845482     -11.306213119  
1974 12 12.000000    13.9645624840     -11.473908682  
1974 12 22.000000    13.9919467777     -11.628712680  
1975  1  1.000000    14.0152958818     -11.740181173  
1975  1 11.000000    14.0334494122     -11.843159373  
1975  1 21.000000    14.0455546003     -11.898952216  
1975  1 31.000000    14.0526416333     -11.931742491  
1975  2 10.000000    14.0527676733     -11.935049176  
1975  2 20.000000    14.0478702390     -11.894501755  
1975  3  2.000000    14.0369478974     -11.844112415  
1975  3 12.000000    14.0209343202     -11.746433474  
1975  3 22.000000    14.0011802895     -11.641868010  
1975  4  1.000000    13.9771183635     -11.513153722  
1975  4 11.000000    13.9517248915     -11.366889393  
1975  4 21.000000    13.9243131675     -11.229605696  
1975  5  1.000000    13.8972747517     -11.071735707  
1975  5 11.000000    13.8715219313     -10.940687456  
1975  5 21.000000    13.8473491641     -10.808386678  
1975  5 31.000000    13.8273216722     -10.697628974  
1975  6 10.000000    13.8103344738     -10.617416009  
1975  6 20.000000    13.7987218410     -10.546791787  
1975  6 30.000000    13.7919979885     -10.525835762  
1975  7 10.000000    13.7904078187     -10.516847994  
1975  7 20.000000    13.7950805846     -10.550006764  
1975  7 30.000000    13.8043319333     -10.613406894  
1975  8  9.000000    13.8197790369     -10.696085185  
1975  8 19.000000    13.8397284895     -10.823817901  
1975  8 29.000000    13.8643927335     -10.956552751  
1975  9  8.000000    13.8936257960     -11.127304676  
1975  9 18.000000    13.9256855428     -11.308296729  
1975  9 28.000000    13.9616166285     -11.501273629  
1975 10  8.000000    13.9990593815     -11.716695252  
1975 10 18.000000    14.0384830263     -11.920145165  
1975 10 28.000000    14.0787571295     -12.144333675  
1975 11  7.000000    14.1184898932     -12.351879217  
1975 11 17.000000    14.1582750677     -12.558150222  
1975 11 27.000000    14.1954614315     -12.758495572  
1975 12  7.000000    14.2309579476     -12.930102160  
1975 12 17.000000    14.2628910747     -13.102165545  
1975 12 27.000000    14.2906186126     -13.233768714  
1976  1  6.000000    14.3144361885     -13.353444210  
1976  1 16.000000    14.3320163943     -13.442774859  
1976  1 26.000000    14.3449746402     -13.495695810  
1976  2  5.000000    14.3513031577     -13.534974916  
1976  2 15.000000    14.3517781592     -13.523645712  
1976  2 25.000000    14.3467558563     -13.501599765  
1976  3  6.000000    14.3352427165     -13.440342744  
1976  3 16.000000    14.3197640729     -13.354608158  
1976  3 26.000000    14.2989734397     -13.257832788  
1976  4  5.000000    14.2753707608     -13.125332487  
1976  4 15.000000    14.2493769859     -13.002451062  
1976  4 25.000000    14.2216605506     -12.855621227  
1976  5  5.000000    14.1948501760     -12.717948504  
1976  5 15.000000    14.1681204618     -12.588650370  
1976  5 25.000000    14.1445367922     -12.458180860  
1976  6  4.000000    14.1236714282     -12.364537208  
1976  6 14.000000    14.1067948498     -12.271614826  
1976  6 24.000000    14.0951940748     -12.219427727  
1976  7  4.000000    14.0878243896     -12.188694945  
1976  7 14.000000    14.0869473811     -12.182092688  
1976  7 24.000000    14.0908594562     -12.219715399  
1976  8  3.000000    14.1006872243     -12.266934261  
1976  8 13.000000    14.1161162134     -12.361394547  
1976  8 23.000000    14.1359485051     -12.469115054  
1976  9  2.000000    14.1614627349     -12.603749479  
1976  9 12.000000    14.1902305952     -12.766535448  
1976  9 22.000000    14.2232985290     -12.930873567  
1976 10  2.000000    14.2592226372     -13.128247688  
1976 10 12.000000    14.2970765458     -13.317908970  
1976 10 22.000000    14.3373195537     -13.523563727  
1976 11  1.000000    14.3773645931     -13.730465892  
1976 11 11.000000    14.4182912101     -13.924962908  
1976 11 21.000000    14.4578540559     -14.129861519  
1976 12  1.000000    14.4957462272     -14.304849151  
1976 12 11.000000    14.5316746546     -14.481591867  
1976 12 21.000000    14.5633842071     -14.632632858  
1976 12 31.000000    14.5921189810     -14.760509064  
1977  1 10.000000    14.6152564312     -14.877155264  
1977  1 20.000000    14.6335712313     -14.949560129  
1977  1 30.000000    14.6463169796     -15.014519913  
1977  2  9.000000    14.6523637446     -15.036280716  
1977  2 19.000000    14.6534234158     -15.035838043  
1977  3  1.000000    14.6473650019     -15.012876151  
1977  3 11.000000    14.6365396030     -14.949061027  
1977  3 21.000000    14.6202945165     -14.882136292  
1977  3 31.000000    14.5993748228     -14.774787518  
1977  4 10.000000    14.5759087648     -14.665389173  
1977  4 20.000000    14.5489108788     -14.541194052  
1977  4 30.000000    14.5218229309     -14.403274508  
1977  5 10.000000    14.4939803879     -14.282372964  
1977  5 20.000000    14.4674528021     -14.145589291  
1977  5 30.000000    14.4436272695     -14.039105205  
1977  6  9.000000    14.4221255000     -13.936934862  
1977  6 19.000000    14.4058027143     -13.855538109  
1977  6 29.000000    14.3932286146     -13.808180879  
1977  7  9.000000    14.3864629665     -13.768593221  
1977  7 19.000000    14.3851816987     -13.777197786  
1977  7 29.000000    14.3890331338     -13.796937458  
1977  8  8.000000    14.3994364002     -13.852972365  
1977  8 18.000000    14.4142383940     -13.937966270  
1977  8 28.000000    14.4350985035     -14.035582737  
1977  9  7.000000    14.4602696727     -14.174068889  
1977  9 17.000000    14.4895915198     -14.312805750  
1977  9 27.000000    14.5232709831     -14.482323944  
1977 10  7.000000    14.5589880668     -14.658956536  
1977 10 17.000000    14.5981108586     -14.839675708  
1977 10 27.000000    14.6380443509     -15.039346232  
1977 11  6.000000    14.6790468455     -15.221324399  
1977 11 16.000000    14.7203597235     -15.418854924  
1977 11 26.000000    14.7599702564     -15.597442789  
1977 12  6.000000    14.7989652174     -15.768703672  
1977 12 16.000000    14.8343869536     -15.933945347  
1977 12 26.000000    14.8671179922     -16.066516671  
1978  1  5.000000    14.8956538862     -16.199138728  
1978  1 15.000000    14.9189078004     -16.292147220  
1978  1 25.000000    14.9377912051     -16.371776031  
1978  2  4.000000    14.9497350630     -16.425974196  
1978  2 14.000000    14.9566595923     -16.443766884  
1978  2 24.000000    14.9568630970     -16.453436901  
1978  3  6.000000    14.9510222731     -16.417007283  
1978  3 16.000000    14.9401601756     -16.373660841  
1978  3 26.000000    14.9230609867     -16.299791474  
1978  4  5.000000    14.9028358352     -16.204728238  
1978  4 15.000000    14.8781504759     -16.107682131  
1978  4 25.000000    14.8515835090     -15.980228230  
1978  5  5.000000    14.8239952368     -15.868270596  
1978  5 15.000000    14.7955834795     -15.739924701  
1978  5 25.000000    14.7695265091     -15.622952444  
1978  6  4.000000    14.7445295954     -15.521212968  
1978  6 14.000000    14.7236758870     -15.419025323  
1978  6 24.000000    14.7066299933     -15.356221573  
1978  7  4.000000    14.6940069865     -15.295358380  
1978  7 14.000000    14.6875329377     -15.272449275  
1978  7 24.000000    14.6854976616     -15.272094126  
1978  8  3.000000    14.6902454780     -15.290291807  
1978  8 13.000000    14.6999978657     -15.350960286  
1978  8 23.000000    14.7154036251     -15.416555293  
1978  9  2.000000    14.7365073706     -15.523248208  
1978  9 12.000000    14.7615236421     -15.640458195  
1978  9 22.000000    14.7919700631     -15.776084797  
1978 10  2.000000    14.8251888348     -15.936747546  
1978 10 12.000000    14.8620537149     -16.091996535  
1978 10 22.000000    14.9013181569     -16.274569636  
1978 11  1.000000    14.9415716018     -16.445828221  
1978 11 11.000000    14.9836573293     -16.625615831  
1978 11 21.000000    15.0245552554     -16.805038712  
1978 12  1.000000    15.0654784286     -16.965986837  
1978 12 11.000000    15.1042438715     -17.135337095  
1978 12 21.000000    15.1401655323     -17.272813613  
1978 12 31.000000    15.1735065328     -17.408860347  
1979  1 10.000000    15.2015014004     -17.521415968  
1979  1 20.000000    15.2258285679     -17.608283757  
1979  1 30.000000    15.2439233224     -17.687767279  
1979  2  9.000000    15.2564005948     -17.724318935  
1979  2 19.000000    15.2632155203     -17.756128918  
1979  3  1.000000    15.2628514723     -17.751186389  
1979  3 11.000000    15.2576841085     -17.725723160  
1979  3 21.000000    15.2456381186     -17.686569848  
1979  3 31.000000    15.2291718211     -17.610346050  
1979  4 10.000000    15.2082129691     -17.537887529  
1979  4 20.000000    15.1832214438     -17.432798949  
1979  4 30.000000    15.1569395734     -17.329148049  
1979  5 10.000000    15.1281505467     -17.220018835  
1979  5 20.000000    15.1004868556     -17.099615457  
1979  5 30.000000    15.0733620099     -17.002333732  
1979  6  9.000000    15.0484890404     -16.892942080  

