v15.04    Планета: Уран  (INPOP13C)
          Спутник: U1 Ариэль  (Emelyanov,Nikonchuk(2013),DOI:10.1093/mnras/stt1851..)
                            - эфемериды на инт. 1787/02/12.0-2032/01/09.0
   Обсерватория N:  84 - Pulkovo
    Шкала времени: UTC
Средний экватор и равноденствие эпохи J2000.  ICRF. 
Координаты астрометрические 
Год  Месяц День       alpha (h)          delta (º)
1952  2  1.000000     6.8321898342      23.336435750  
1952  2 11.000000     6.8085489284      23.364355759  
1952  2 21.000000     6.7896877960      23.385575649  
1952  3  2.000000     6.7764151327      23.399679132  
1952  3 12.000000     6.7692984329      23.406390335  
1952  3 22.000000     6.7685956993      23.405738486  
1952  4  1.000000     6.7744073463      23.397719647  
1952  4 11.000000     6.7865867286      23.382393127  
1952  4 21.000000     6.8047903160      23.359956145  
1952  5  1.000000     6.8285993537      23.330481966  
1952  5 11.000000     6.8574144389      23.294208341  
1952  5 21.000000     6.8905739680      23.251467470  
1952  5 31.000000     6.9273936044      23.202568400  
1952  6 10.000000     6.9670758045      23.148122743  
1952  6 20.000000     7.0088509100      23.088819839  
1952  6 30.000000     7.0519298824      23.025475768  
1952  7 10.000000     7.0954653885      22.959267195  
1952  7 20.000000     7.1386793307      22.891388166  
1952  7 30.000000     7.1807557949      22.823284077  
1952  8  9.000000     7.2208748126      22.756656528  
1952  8 19.000000     7.2582978904      22.693134200  
1952  8 29.000000     7.2922466260      22.634590766  
1952  9  8.000000     7.3220071877      22.582887019  
1952  9 18.000000     7.3469576630      22.539667087  
1952  9 28.000000     7.3664823084      22.506626689  
1952 10  8.000000     7.3801253369      22.485040505  
1952 10 18.000000     7.3875545404      22.475778525  
1952 10 28.000000     7.3885502800      22.479407786  
1952 11  7.000000     7.3831593921      22.495696313  
1952 11 17.000000     7.3715989004      22.523915052  
1952 11 27.000000     7.3543161336      22.562780190  
1952 12  7.000000     7.3320675715      22.610223921  
1952 12 17.000000     7.3057681864      22.663944865  
1952 12 27.000000     7.2765749867      22.721271625  
1953  1  6.000000     7.2458253759      22.779313892  
1953  1 16.000000     7.2148722967      22.835509415  
1953  1 26.000000     7.1851519084      22.887361210  
1953  2  5.000000     7.1580099064      22.932794066  
1953  2 15.000000     7.1346165510      22.970322979  
1953  2 25.000000     7.1160267439      22.998692544  
1953  3  7.000000     7.1030007660      23.017213460  
1953  3 17.000000     7.0960606975      23.025547502  
1953  3 27.000000     7.0955360618      23.023451157  
1953  4  6.000000     7.1014488633      23.011088804  
1953  4 16.000000     7.1136673508      22.988648990  
1953  4 26.000000     7.1318962771      22.956372560  
1953  5  6.000000     7.1556390837      22.914784191  
1953  5 16.000000     7.1843595109      22.864313737  
1953  5 26.000000     7.2174044053      22.805568085  
1953  6  5.000000     7.2540360551      22.739382623  
1953  6 15.000000     7.2935416290      22.666537785  
1953  6 25.000000     7.3351173856      22.588154125  
1953  7  5.000000     7.3779598992      22.505510622  
1953  7 15.000000     7.4212986053      22.419922258  
1953  7 25.000000     7.4642909195      22.333122199  
1953  8  4.000000     7.5061486820      22.246864090  
1953  8 14.000000     7.5460974208      22.163019826  
1953  8 24.000000     7.5833255496      22.083773070  
1953  9  3.000000     7.6171166224      22.011130837  
1953  9 13.000000     7.6467575902      21.947203317  
1953  9 23.000000     7.6715702657      21.894089882  
1953 10  3.000000     7.6910183986      21.853440189  
1953 10 13.000000     7.7046018591      21.826829469  
1953 10 23.000000     7.7119721111      21.815314262  
1953 11  2.000000     7.7129821060      21.819244127  
1953 11 12.000000     7.7076041237      21.838593962  
1953 11 22.000000     7.6960882558      21.872411567  
1953 12  2.000000     7.6789202508      21.919036694  
1953 12 12.000000     7.6567767185      21.976338692  
1953 12 22.000000     7.6306438598      22.041363464  
1954  1  1.000000     7.6016606791      22.110971415  
1954  1 11.000000     7.5711072855      22.181897347  
1954  1 21.000000     7.5404142296      22.250714379  
1954  1 31.000000     7.5109441469      22.314543356  
1954  2 10.000000     7.4840292715      22.370786818  
1954  2 20.000000     7.4608925893      22.417265666  
1954  3  2.000000     7.4424917179      22.452587358  
1954  3 12.000000     7.4296252909      22.475630379  
1954  3 22.000000     7.4228268835      22.485787303  
1954  4  1.000000     7.4223478243      22.482949659  
1954  4 11.000000     7.4282856957      22.467048335  
1954  4 21.000000     7.4404780334      22.438443664  
1954  5  1.000000     7.4585981810      22.397644898  
1954  5 11.000000     7.4822315736      22.345144148  
1954  5 21.000000     7.5107813787      22.281820401  
1954  5 31.000000     7.5436142181      22.208532898  
1954  6 10.000000     7.5800501632      22.126254989  
1954  6 20.000000     7.6193058613      22.036328824  
1954  6 30.000000     7.6606372146      21.940029305  
1954  7 10.000000     7.7032553865      21.838935376  
1954  7 20.000000     7.7463328420      21.734904338  
1954  7 30.000000     7.7891057486      21.629734645  
1954  8  9.000000     7.8307550744      21.525633227  
1954  8 19.000000     7.8704808071      21.424894071  
1954  8 29.000000     7.9075456789      21.329750643  
1954  9  8.000000     7.9411682881      21.242765517  
1954  9 18.000000     7.9706519332      21.166274023  
1954  9 28.000000     7.9953662368      21.102471284  
1954 10  8.000000     8.0146988844      21.053544026  
1954 10 18.000000     8.0282066603      21.021028625  
1954 10 28.000000     8.0355466437      21.006129739  
1954 11  7.000000     8.0365121503      21.009500584  
1954 11 17.000000     8.0311571486      21.030796126  
1954 11 27.000000     8.0196905133      21.069160306  
1954 12  7.000000     8.0025781005      21.122797338  
1954 12 17.000000     7.9805724447      21.189008649  
1954 12 27.000000     7.9545806126      21.264764781  
1955  1  6.000000     7.9257686591      21.346303137  
1955  1 16.000000     7.8954505154      21.429707384  
1955  1 26.000000     7.8649654941      21.511284335  
1955  2  5.000000     7.8357377759      21.587289179  
1955  2 15.000000     7.8090750028      21.654648153  
1955  2 25.000000     7.7861339747      21.710856122  
1955  3  7.000000     7.7679453713      21.753794561  
1955  3 17.000000     7.7552384045      21.782232992  
1955  3 27.000000     7.7485348398      21.795317067  
1955  4  6.000000     7.7481442294      21.792598137  
1955  4 16.000000     7.7540816206      21.774252630  
1955  4 26.000000     7.7662288096      21.740503802  
1955  5  6.000000     7.7842822903      21.691937706  
1955  5 16.000000     7.8077606382      21.629458434  
1955  5 26.000000     7.8361451749      21.553902555  
1955  6  5.000000     7.8687826971      21.466519200  
1955  6 15.000000     7.9049615560      21.368678409  
1955  6 25.000000     7.9439802864      21.261766671  
1955  7  5.000000     7.9850397612      21.147647210  
1955  7 15.000000     8.0273626611      21.028168447  
1955  7 25.000000     8.0701804516      20.905357627  
1955  8  4.000000     8.1126581343      20.781664688  
1955  8 14.000000     8.1540268030      20.659427989  
1955  8 24.000000     8.1935061525      20.541266885  
1955  9  3.000000     8.2302957463      20.430002840  
1955  9 13.000000     8.2636888476      20.328224399  
1955  9 23.000000     8.2929642159      20.238738325  
1955 10  3.000000     8.3174596702      20.164123079  
1955 10 13.000000     8.3366400791      20.106525420  
1955 10 23.000000     8.3500023250      20.067990517  
1955 11  2.000000     8.3572175401      20.049766606  
1955 11 12.000000     8.3581349883      20.052420080  
1955 11 22.000000     8.3527335328      20.075935825  
1955 12  2.000000     8.3412810460      20.119077258  
1955 12 12.000000     8.3242546642      20.179886330  
1955 12 22.000000     8.3023421427      20.255591613  
1956  1  1.000000     8.2765312318      20.342399671  
1956  1 11.000000     8.2479416090      20.436307854  
1956  1 21.000000     8.2178549348      20.532870291  
1956  1 31.000000     8.1876770562      20.627520111  
1956  2 10.000000     8.1587404044      20.716257152  
1956  2 20.000000     8.1323656352      20.795255503  
1956  3  1.000000     8.1097350363      20.861390345  
1956  3 11.000000     8.0917817725      20.912395290  
1956  3 21.000000     8.0792910608      20.946394618  
1956  3 31.000000     8.0727636974      20.962404956  
1956  4 10.000000     8.0724484886      20.959977714  
1956  4 20.000000     8.0784371059      20.938956622  
1956  4 30.000000     8.0905555990      20.899878588  
1956  5 10.000000     8.1084949324      20.843411177  
1956  5 20.000000     8.1318404948      20.770464671  
1956  5 30.000000     8.1600028114      20.682433057  
1956  6  9.000000     8.1923735521      20.580647456  
1956  6 19.000000     8.2282739720      20.466772799  
1956  6 29.000000     8.2669400150      20.342789730  
1956  7  9.000000     8.3076482116      20.210609813  
1956  7 19.000000     8.3496110236      20.072596008  
1956  7 29.000000     8.3920248027      19.931249046  
1956  8  8.000000     8.4341365746      19.789085298  
1956  8 18.000000     8.4751290948      19.649081304  
1956  8 28.000000     8.5142264556      19.514137152  
1956  9  7.000000     8.5506923753      19.387220486  
1956  9 17.000000     8.5837507911      19.271560360  
1956  9 27.000000     8.6127257211      19.170013758  
1956 10  7.000000     8.6369823659      19.085419799  
1956 10 17.000000     8.6559205641      19.020400098  
1956 10 27.000000     8.6691127238      18.976835651  
1956 11  6.000000     8.6762123334      18.956282018  
1956 11 16.000000     8.6770332442      18.959430050  
1956 11 26.000000     8.6716372611      18.985902577  
1956 12  6.000000     8.6602328380      19.034657913  
1956 12 16.000000     8.6433061308      19.103368235  
1956 12 26.000000     8.6216010701      19.188765443  
1957  1  5.000000     8.5960198400      19.286983542  
1957  1 15.000000     8.5677293506      19.393207367  
1957  1 25.000000     8.5380104478      19.502502451  
1957  2  4.000000     8.5081846855      19.609939532  
1957  2 14.000000     8.4796490197      19.710582883  
1957  2 24.000000     8.4536628844      19.800319290  
1957  3  6.000000     8.4313616391      19.875547153  
1957  3 16.000000     8.4137370182      19.933349999  
1957  3 26.000000     8.4014826094      19.971890721  
1957  4  5.000000     8.3951122203      19.989787838  
1957  4 15.000000     8.3949081967      19.986449024  
1957  4 25.000000     8.4008792721      19.962002813  
1957  5  5.000000     8.4129162442      19.916773708  
1957  5 15.000000     8.4307069801      19.851733594  
1957  5 25.000000     8.4537894854      19.768155294  
1957  6  4.000000     8.4816609256      19.667406136  
1957  6 14.000000     8.5136742022      19.551390123  
1957  6 24.000000     8.5491497584      19.422046528  
1957  7  4.000000     8.5873990413      19.281500196  
1957  7 14.000000     8.6276380318      19.132316904  
1957  7 24.000000     8.6691214112      18.976987724  
1957  8  3.000000     8.7110868277      18.818321606  
1957  8 13.000000     8.7527190691      18.659423768  
1957  8 23.000000     8.7932730104      18.503278200  
1957  9  2.000000     8.8319691200      18.353234345  
1957  9 12.000000     8.8680290451      18.212665258  
1957  9 22.000000     8.9007578779      18.084757449  
1957 10  2.000000     8.9294346322      17.972899937  
1957 10 12.000000     8.9534198659      17.880060546  
1957 10 22.000000     8.9721806178      17.808838677  
1957 11  1.000000     8.9852189996      17.761576163  
1957 11 11.000000     8.9922286898      17.739634077  
1957 11 21.000000     8.9930548480      17.743695436  
1957 12  1.000000     8.9876883378      17.773575411  
1957 12 11.000000     8.9764113058      17.827720454  
1957 12 21.000000     8.9596888188      17.903768352  
1957 12 31.000000     8.9382170149      17.998207305  
1958  1 10.000000     8.9129733770      18.106466381  
1958  1 20.000000     8.8850493803      18.223616890  
1958  1 30.000000     8.8557156603      18.344086848  
1958  2  9.000000     8.8263346754      18.462295294  
1958  2 19.000000     8.7981979531      18.573151196  
1958  3  1.000000     8.7725972156      18.671779674  
1958  3 11.000000     8.7506591763      18.754257637  
1958  3 21.000000     8.7332876430      18.817542963  
1958  3 31.000000     8.7212421062      18.859234027  
1958  4 10.000000     8.7149886485      18.878063082  
1958  4 20.000000     8.7147763724      18.873371413  
1958  4 30.000000     8.7206884077      18.845092420  
1958  5 10.000000     8.7325484646      18.793974352  
1958  5 20.000000     8.7500731596      18.720959415  
1958  5 30.000000     8.7728528184      18.627472012  
1958  6  9.000000     8.8003199862      18.515393287  
1958  6 19.000000     8.8319000740      18.386598761  
1958  6 29.000000     8.8669246302      18.243435207  
1958  7  9.000000     8.9046620963      18.088444473  
1958  7 19.000000     8.9444163792      17.924188554  
1958  7 29.000000     8.9854102903      17.753701245  
1958  8  8.000000     9.0268733952      17.580034794  
1958  8 18.000000     9.0680663653      17.406354395  
1958  8 28.000000     9.1081820403      17.236218515  
1958  9  7.000000     9.1464715384      17.073029276  
1958  9 17.000000     9.1821989190      16.920340594  
1958  9 27.000000     9.2145996958      16.781824765  
1958 10  7.000000     9.2430157000      16.660766111  
1958 10 17.000000     9.2668059223      16.560435096  
1958 10 27.000000     9.2853861032      16.483703110  
1958 11  6.000000     9.2983374709      16.432698504  
1958 11 16.000000     9.3053086853      16.409122334  
1958 11 26.000000     9.3061334188      16.413598998  
1958 12  6.000000     9.3008715497      16.445677144  
1958 12 16.000000     9.2897293410      16.504023721  
1958 12 26.000000     9.2732055484      16.585834098  
1959  1  5.000000     9.2520235860      16.687338453  
1959  1 15.000000     9.2270753317      16.803911960  
1959  1 25.000000     9.1995148162      16.929914733  
1959  2  4.000000     9.1705771229      17.059577395  
1959  2 14.000000     9.1415589801      17.186985673  
1959  2 24.000000     9.1138159935      17.306334934  
1959  3  6.000000     9.0885544074      17.412684709  
1959  3 16.000000     9.0668851464      17.501638747  
1959  3 26.000000     9.0497558762      17.569740605  
1959  4  5.000000     9.0378316222      17.614669551  
1959  4 15.000000     9.0316220566      17.634741987  
1959  4 25.000000     9.0313875858      17.629300554  
1959  5  5.000000     9.0371458785      17.598452773  
1959  5 15.000000     9.0488034412      17.542699473  
1959  5 25.000000     9.0660515316      17.463322843  
1959  6  4.000000     9.0884620264      17.361901405  
1959  6 14.000000     9.1155530012      17.240271246  
1959  6 24.000000     9.1466959551      17.100811732  
1959  7  4.000000     9.1812506049      16.945927935  
1959  7 14.000000     9.2185427346      16.778318010  
1959  7 24.000000     9.2578119191      16.601051129  
1959  8  3.000000     9.2983444471      16.417131489  
1959  8 13.000000     9.3393819704      16.229936335  
1959  8 23.000000     9.3801326746      16.043035269  
1959  9  2.000000     9.4198685797      15.859925201  
1959  9 12.000000     9.4578074330      15.684459217  
1959  9 22.000000     9.4931918517      15.520416459  
1959 10  2.000000     9.5253299146      15.371459153  
1959 10 12.000000     9.5534983374      15.241359669  
1959 10 22.000000     9.5770767670      15.133402491  
1959 11  1.000000     9.5955259867      15.050529688  
1959 11 11.000000     9.6083537152      14.995271676  
1959 11 21.000000     9.6152697058      14.969117686  
1959 12  1.000000     9.6161099046      14.972834273  
1959 12 11.000000     9.6108785609      15.006117643  
1959 12 21.000000     9.5998633094      15.067240889  
1959 12 31.000000     9.5835155623      15.153531977  
1960  1 10.000000     9.5625389241      15.260989532  
1960  1 20.000000     9.5378905997      15.384510986  
1960  1 30.000000     9.5106354811      15.518482339  
1960  2  9.000000     9.4820296593      15.656563059  
1960  2 19.000000     9.4533860793      15.792435076  
1960  2 29.000000     9.4259618764      15.920173060  
1960  3 10.000000     9.4010180926      16.034148766  
1960  3 20.000000     9.3796284143      16.129789527  
1960  3 30.000000     9.3626775755      16.203417585  
1960  4  9.000000     9.3509018975      16.252200602  
1960  4 19.000000     9.3447418580      16.274554637  
1960  4 29.000000     9.3444572577      16.269601930  
1960  5  9.000000     9.3501262304      16.237264136  
1960  5 19.000000     9.3615815254      16.178341138  
1960  5 29.000000     9.3785693759      16.093937182  
1960  6  8.000000     9.4006869667      15.985771766  
1960  6 18.000000     9.4273964642      15.856024003  
1960  6 28.000000     9.4581530086      15.706970232  
1960  7  8.000000     9.4922979198      15.541393600  
1960  7 18.000000     9.5291340927      15.362263088  
1960  7 28.000000     9.5679830861      15.172636477  
1960  8  7.000000     9.6080771005      14.976024407  
1960  8 17.000000     9.6486746849      14.775942610  
1960  8 27.000000     9.6890393473      14.576080051  
1960  9  6.000000     9.7283736722      14.380453893  
1960  9 16.000000     9.7659482171      14.192929589  
1960  9 26.000000     9.8010197632      14.017554201  
1960 10  6.000000     9.8328365487      13.858405032  
1960 10 16.000000     9.8607508418      13.719174518  
1960 10 26.000000     9.8841128340      13.603522333  
1960 11  5.000000     9.9023568488      13.514603150  
1960 11 15.000000     9.9150673577      13.454816055  
1960 11 25.000000     9.9218916682      13.426038997  
1960 12  5.000000     9.9226857190      13.428959642  
1960 12 15.000000     9.9175048692      13.463134098  
1960 12 25.000000     9.9065604851      13.527070879  
1961  1  4.000000     9.8903638796      13.617707081  
1961  1 14.000000     9.8696177567      13.730909944  
1961  1 24.000000     9.8452118384      13.861527142  
1961  2  3.000000     9.8182836731      14.003325521  
1961  2 13.000000     9.7900270582      14.149857378  
1961  2 23.000000     9.7617196830      14.294434549  
1961  3  5.000000     9.7346727257      14.430508895  
1961  3 15.000000     9.7100479407      14.552383164  
1961  3 25.000000     9.6889340153      14.654949203  
1961  4  4.000000     9.6722338202      14.734161324  
1961  4 14.000000     9.6605932667      14.787187455  
1961  4 24.000000     9.6545155286      14.811968926  
1961  5  4.000000     9.6542396405      14.807632205  
1961  5 14.000000     9.6597979472      14.774160689  
1961  5 24.000000     9.6711058101      14.712088357  
1961  6  3.000000     9.6878581959      14.622835314  
1961  6 13.000000     9.7096608986      14.508193861  
1961  6 23.000000     9.7360442619      14.370330091  
1961  7  3.000000     9.7663986487      14.211985573  
1961  7 13.000000     9.8001187558      14.035980388  
1961  7 23.000000     9.8365372068      13.845488002  
1961  8  2.000000     9.8749185733      13.644039516  
1961  8 12.000000     9.9145730554      13.435131369  
1961  8 22.000000     9.9547433941      13.222661301  
1961  9  1.000000     9.9946625458      13.010681921  
1961  9 11.000000    10.0336121678      12.803186379  
1961  9 21.000000    10.0708097266      12.604519233  
1961 10  1.000000    10.1055195269      12.418908774  
1961 10 11.000000    10.1370476766      12.250449185  
1961 10 21.000000    10.1646758356      12.103314814  
1961 10 31.000000    10.1878018751      11.981127315  
1961 11 10.000000    10.2058799823      11.887136058  
1961 11 20.000000    10.2184330702      11.824089722  
1961 11 30.000000    10.2251850348      11.793619262  
1961 12 10.000000    10.2259662145      11.796563193  
1961 12 20.000000    10.2208026613      11.832553111  
1961 12 30.000000    10.2099842718      11.899707716  
1962  1  9.000000    10.1939542401      11.995094708  
1962  1 19.000000    10.1734274479      12.114304117  
1962  1 29.000000    10.1493368070      12.251749216  
1962  2  8.000000    10.1227268033      12.401221480  
1962  2 18.000000    10.0948365907      12.555687929  
1962  2 28.000000    10.0669274621      12.708126314  
1962  3 10.000000    10.0402272191      12.851865934  
1962  3 20.000000    10.0159596422      12.980547938  
1962  3 30.000000     9.9951465323      13.088951976  
1962  4  9.000000     9.9786556610      13.172823318  
1962  4 19.000000     9.9671920046      13.228858770  
1962  4 29.000000     9.9611743772      13.255155154  
1962  5  9.000000     9.9608699174      13.250625684  
1962  5 19.000000     9.9663454428      13.215132263  
1962  5 29.000000     9.9774469089      13.149537513  
1962  6  8.000000     9.9939436555      13.055104205  
1962  6 18.000000    10.0154375676      12.933831133  
1962  6 28.000000    10.0414246204      12.788230826  
1962  7  8.000000    10.0713832084      12.620961249  
1962  7 18.000000    10.1046670427      12.435266743  
1962  7 28.000000    10.1406165518      12.234562925  
1962  8  7.000000    10.1785662316      12.022383415  
1962  8 17.000000    10.2177636622      11.802744695  
1962  8 27.000000    10.2574969189      11.579624872  
1962  9  6.000000    10.2970302099      11.357189666  
1962  9 16.000000    10.3355827362      11.139920802  
1962  9 26.000000    10.3724417451      10.932093081  
1962 10  6.000000    10.4068570189      10.738165780  
1962 10 16.000000    10.4380950690      10.562580531  
1962 10 26.000000    10.4655130670      10.409327478  
1962 11  5.000000    10.4884561448      10.282359806  
1962 11 15.000000    10.5063792081      10.185023341  
1962 11 25.000000    10.5188650294      10.119845463  
1962 12  5.000000    10.5255654912      10.088789729  
1962 12 15.000000    10.5263564124      10.092492850  
1962 12 25.000000    10.5212859117      10.130404021  
1963  1  4.000000    10.5105763313      10.200843565  
1963  1 14.000000    10.4947445406      10.300412306  
1963  1 24.000000    10.4744726553      10.424620562  
1963  2  3.000000    10.4506510630      10.567835098  
1963  2 13.000000    10.4243915323      10.723254833  
1963  2 23.000000    10.3968488221      10.883876986  
1963  3  5.000000    10.3692807839      11.042371940  
1963  3 15.000000    10.3429463419      11.191568251  
1963  3 25.000000    10.3189674762      11.325211170  
1963  4  4.000000    10.2984073672      11.437635671  
1963  4 14.000000    10.2821212706      11.524367267  
1963  4 24.000000    10.2707422439      11.582242499  
1963  5  4.000000    10.2647623737      11.608942259  
1963  5 14.000000    10.2644029500      11.603515092  
1963  5 24.000000    10.2697160124      11.565937554  
1963  6  3.000000    10.2806228450      11.496824605  
1963  6 13.000000    10.2968305901      11.397831055  
1963  6 23.000000    10.3179812183      11.270993436  
1963  7  3.000000    10.3436174948      11.118789194  
1963  7 13.000000    10.3731587375      10.944360144  
1963  7 23.000000    10.4060327341      10.750877357  
1963  8  2.000000    10.4415820462      10.541938518  
1963  8 12.000000    10.4791034642      10.321494903  
1963  8 22.000000    10.5179259083      10.093413960  
1963  9  1.000000    10.5572965506       9.862023212  
1963  9 11.000000    10.5964750391       9.631735460  
1963  9 21.000000    10.6347445863       9.406876220  
1963 10  1.000000    10.6713244841       9.192158985  
1963 10 11.000000    10.7054965608       8.992064735  
1963 10 21.000000    10.7365565716       8.810952151  
1963 10 31.000000    10.7637921413       8.653237151  
1963 11 10.000000    10.7866109198       8.522655333  
1963 11 20.000000    10.8044553785       8.422600394  
1963 11 30.000000    10.8168639043       8.355877973  
1963 12 10.000000    10.8235650383       8.324062774  
1963 12 20.000000    10.8243838710       8.327975161  
1963 12 30.000000    10.8193673396       8.367091967  
1964  1  9.000000    10.8088001824       8.439305729  
1964  1 19.000000    10.7931224534       8.541490185  
1964  1 29.000000    10.7730563443       8.668877651  
1964  2  8.000000    10.7495076882       8.815535695  
1964  2 18.000000    10.7235067747       8.974897888  
1964  2 28.000000    10.6962702173       9.139459311  
1964  3  9.000000    10.6690109274       9.301811741  
1964  3 19.000000    10.6429338313       9.454854451  
1964  3 29.000000    10.6192216584       9.591777708  
1964  4  8.000000    10.5988541114       9.707058154  
1964  4 18.000000    10.5826877300       9.796081708  
1964  4 28.000000    10.5713967092       9.855290254  
1964  5  8.000000    10.5653912251       9.882665634  
1964  5 18.000000    10.5649492011       9.876978804  
1964  5 28.000000    10.5701306391       9.838108559  
1964  6  7.000000    10.5808062850       9.767011367  
1964  6 17.000000    10.5967678634       9.665030551  
1964  6 27.000000    10.6176279491       9.534401334  
1964  7  7.000000    10.6429217821       9.377857091  
1964  7 17.000000    10.6721460396       9.198283906  
1964  7 27.000000    10.7046716097       8.999272442  
1964  8  6.000000    10.7398735731       8.784491316  
1964  8 16.000000    10.7770926794       8.557773264  
1964  8 26.000000    10.8155929905       8.323480875  
1964  9  5.000000    10.8546821415       8.085817627  
1964  9 15.000000    10.8936185856       7.849260412  
1964  9 25.000000    10.9316353858       7.618568283  
1964 10  5.000000    10.9680225492       7.398186683  
1964 10 15.000000    11.0020191891       7.192857171  
1964 10 25.000000    11.0329045088       7.007172072  
1964 11  4.000000    11.0600278090       6.845232922  
1964 11 14.000000    11.0827291896       6.711173173  
1964 11 24.000000    11.1004781928       6.608349209  
1964 12  4.000000    11.1128481927       6.539323951  
1964 12 14.000000    11.1194999561       6.506102167  
1964 12 24.000000    11.1203240054       6.509203878  
1965  1  3.000000    11.1153609760       6.548048737  
1965  1 13.000000    11.1048504375       6.620846744  
1965  1 23.000000    11.0893107352       6.724002171  
1965  2  2.000000    11.0694096479       6.852935617  
1965  2 12.000000    11.0460430449       7.001774421  
1965  2 22.000000    11.0202957039       7.163480186  
1965  3  4.000000    10.9932943232       7.330886082  
1965  3 14.000000    10.9662798758       7.496314491  
1965  3 24.000000    10.9404638673       7.652332535  
1965  4  3.000000    10.9169420138       7.792439489  
1965  4 13.000000    10.8967537041       7.910585757  
1965  4 23.000000    10.8807176542       8.002090314  
1965  5  3.000000    10.8694650818       8.063537160  
1965  5 13.000000    10.8634774529       8.092352964  
1965  5 23.000000    10.8629701225       8.087521052  
1965  6  2.000000    10.8680188989       8.048877246  
1965  6 12.000000    10.8785484706       7.977002731  
1965  6 22.000000    10.8942855142       7.873648570  
1965  7  2.000000    10.9149032222       7.740854655  
1965  7 12.000000    10.9399520554       7.581275682  
1965  7 22.000000    10.9688808155       7.398238932  
1965  8  1.000000    11.0011388417       7.195043421  
1965  8 11.000000    11.0360734874       6.975580160  
1965  8 21.000000    11.0730083480       6.744000983  
1965  8 31.000000    11.1112770790       6.504368983  
1965  9 10.000000    11.1501278838       6.261337576  
1965  9 20.000000    11.1888380507       6.019481542  
1965  9 30.000000    11.2266812910       5.783351460  
1965 10 10.000000    11.2628779048       5.557938294  
1965 10 20.000000    11.2967174792       5.347818735  
1965 10 30.000000    11.3274809806       5.157565582  
1965 11  9.000000    11.3544629232       4.991749390  
1965 11 19.000000    11.3770730280       4.854139106  
1965 11 29.000000    11.3947449017       4.748293225  
1965 12  9.000000    11.4070341828       4.677027571  
1965 12 19.000000    11.4136698267       4.641912044  
1965 12 29.000000    11.4144800592       4.643863929  
1966  1  8.000000    11.4095333264       4.682248466  
1966  1 18.000000    11.3991091933       4.754959849  
1966  1 28.000000    11.3836547093       4.858872996  
1966  2  7.000000    11.3638987257       4.989051227  
1966  2 17.000000    11.3407249011       5.139551656  
1966  2 27.000000    11.3151596683       5.303677188  
1966  3  9.000000    11.2883967482       5.473686468  
1966  3 19.000000    11.2616115986       5.642073198  
1966  3 29.000000    11.2359947485       5.801423074  
1966  4  8.000000    11.2126898288       5.944632002  
1966  4 18.000000    11.1926477032       6.065968562  
1966  4 28.000000    11.1767171179       6.160418246  
1966  5  8.000000    11.1655446420       6.224182892  
1966  5 18.000000    11.1595403260       6.255032210  
1966  5 28.000000    11.1589889911       6.251437204  
1966  6  7.000000    11.1639457903       6.213221790  
1966  6 17.000000    11.1743062039       6.141233635  
1966  6 27.000000    11.1898749273       6.036740954  
1966  7  7.000000    11.2102758709       5.902128056  
1966  7 17.000000    11.2350763755       5.740139476  
1966  7 27.000000    11.2637813702       5.553811759  
1966  8  6.000000    11.2957787691       5.346987005  
1966  8 16.000000    11.3304680097       5.123436973  
1966  8 26.000000    11.3671888596       4.887281306  
1966  9  5.000000    11.4052217023       4.643138621  
1966  9 15.000000    11.4438833803       4.395365243  
1966  9 25.000000    11.4824246264       4.148768407  
1966 10  5.000000    11.5200916030       3.908282394  
1966 10 15.000000    11.5561693354       3.678522341  
1966 10 25.000000    11.5898888092       3.464502931  
1966 11  4.000000    11.6205401984       3.270876948  
1966 11 14.000000    11.6474610499       3.101897149  
1966 11 24.000000    11.6699915349       2.961857573  
1966 12  4.000000    11.6876124965       2.854065736  
1966 12 14.000000    11.6998883940       2.781210257  
1966 12 24.000000    11.7064930286       2.745319087  
1967  1  3.000000    11.7073270372       2.746815305  
1967  1 13.000000    11.7024276931       2.785224086  
1967  1 23.000000    11.6920532807       2.858661006  
1967  2  2.000000    11.6767201137       2.963462216  
1967  2 12.000000    11.6570894307       3.095101401  
1967  2 22.000000    11.6340629457       3.247513333  
1967  3  4.000000    11.6086995462       3.413597885  
1967  3 14.000000    11.5821091606       3.586094961  
1967  3 24.000000    11.5555164726       3.757021596  
1967  4  3.000000    11.5300926324       3.918825265  
1967  4 13.000000    11.5069173428       4.064716149  
1967  4 23.000000    11.4870060982       4.188305259  
1967  5  3.000000    11.4711495658       4.284747429  
1967  5 13.000000    11.4599808817       4.350271784  
1967  5 23.000000    11.4539680854       4.382084282  
1967  6  2.000000    11.4533265049       4.379081329  
1967  6 12.000000    11.4581519003       4.340857974  
1967  6 22.000000    11.4683692713       4.268015959  
1967  7  2.000000    11.4837271049       4.162347056  
1967  7 12.000000    11.5039225787       4.025853602  
1967  7 22.000000    11.5285131535       3.861420863  
1967  8  1.000000    11.5569763635       3.672495470  
1967  8 11.000000    11.5887761415       3.462518391  
1967  8 21.000000    11.6232667857       3.235706882  
1967  8 31.000000    11.6597953315       2.996340894  
1967  9 10.000000    11.6976951906       2.748736575  
1967  9 20.000000    11.7362186536       2.497842347  
1967  9 30.000000    11.7746545113       2.248319794  
1967 10 10.000000    11.8122639269       2.004997439  
1967 10 20.000000    11.8482694829       1.773026391  
1967 10 30.000000    11.8819604924       1.557021860  
1967 11  9.000000    11.9126018888       1.361768708  
1967 11 19.000000    11.9394936738       1.191831153  
1967 11 29.000000    11.9620392056       1.050967489  
1967 12  9.000000    11.9796638955       0.942835823  
1967 12 19.000000    11.9919363629       0.870097768  
1967 12 29.000000    11.9985796540       0.834308524  
1968  1  8.000000    11.9994269909       0.836373535  
1968  1 18.000000    11.9945633415       0.875459977  
1968  1 28.000000    11.9842612263       0.949495484  
1968  2  7.000000    11.9689780818       1.055272701  
1968  2 17.000000    11.9494464549       1.187702461  
1968  2 27.000000    11.9265330462       1.340912952  
1968  3  8.000000    11.9012650043       1.508041601  
1968  3 18.000000    11.8748152018       1.681253611  
1968  3 28.000000    11.8483330565       1.853049389  
1968  4  7.000000    11.8229992295       2.015745866  
1968  4 17.000000    11.7999244255       2.162172311  
1968  4 27.000000    11.7800428253       2.286472420  
1968  5  7.000000    11.7641970841       2.383344914  
1968  5 17.000000    11.7530131378       2.448968144  
1968  5 27.000000    11.7469087770       2.480942657  
1968  6  6.000000    11.7461742923       2.477590060  
1968  6 16.000000    11.7508666155       2.438813782  
1968  6 26.000000    11.7609081106       2.365354127  
1968  7  6.000000    11.7761142282       2.258550341  
1968  7 16.000000    11.7961253657       2.120943814  
1968  7 26.000000    11.8205385595       1.955274271  
1968  8  5.000000    11.8488648512       1.764815857  
1968  8 15.000000    11.8805114206       1.553581185  
1968  8 25.000000    11.9148958752       1.325412199  
1968  9  4.000000    11.9513548558       1.084731045  
1968  9 14.000000    11.9891821079       0.836254379  
1968  9 24.000000    12.0276948313       0.584445086  
1968 10  4.000000    12.0661326948       0.334355620  
1968 10 14.000000    12.1037469081       0.090898668  
1968 10 24.000000    12.1398076470      -0.141210585  
1968 11  3.000000    12.1735337231      -0.356863545  
1968 11 13.000000    12.2042153812      -0.551547999  
1968 11 23.000000    12.2311704401      -0.720961740  
1968 12  3.000000    12.2537354273      -0.860907840  
1968 12 13.000000    12.2713925885      -0.968283183  
1968 12 23.000000    12.2836943195      -1.040401603  
1969  1  2.000000    12.2903255133      -1.075463706  
1969  1 12.000000    12.2911912865      -1.073184476  
1969  1 22.000000    12.2863285382      -1.034044601  
1969  2  1.000000    12.2760145917      -0.960137597  
1969  2 11.000000    12.2607637809      -0.855093318  
1969  2 21.000000    12.2412393923      -0.723394370  
1969  3  3.000000    12.2183518445      -0.571204099  
1969  3 13.000000    12.1931410845      -0.405423748  
1969  3 23.000000    12.1667120738      -0.233283792  
1969  4  2.000000    12.1402792676      -0.062780302  
1969  4 12.000000    12.1149853473       0.098729873  
1969  4 22.000000    12.0919053218       0.244368158  
1969  5  2.000000    12.0720378652       0.367747988  
1969  5 12.000000    12.0561583342       0.464096841  
1969  5 22.000000    12.0449082686       0.529461653  
1969  6  1.000000    12.0387482193       0.561094641  
1969  6 11.000000    12.0379021757       0.557864743  
1969  6 21.000000    12.0424859276       0.519225437  
1969  7  1.000000    12.0524278574       0.445907699  
1969  7 11.000000    12.0675003409       0.339640513  
1969  7 21.000000    12.0874191190       0.202421193  
1969  7 31.000000    12.1117483818       0.037308225  
1969  8 10.000000    12.1399896346      -0.152305416  
1969  8 20.000000    12.1716122855      -0.362862080  
1969  8 30.000000    12.2059738793      -0.590001659  
1969  9  9.000000    12.2424344026      -0.829500987  
1969  9 19.000000    12.2803163710      -1.076876794  
1969  9 29.000000    12.3188695041      -1.327150360  
1969 10  9.000000    12.3573815446      -1.575729815  
1969 10 19.000000    12.3950914129      -1.817666620  
1969 10 29.000000    12.4312167481      -2.047930196  
1969 11  8.000000    12.4650355732      -2.262005813  
1969 11 18.000000    12.4957908875      -2.455106584  
1969 11 28.000000    12.5227824446      -2.622938126  
1969 12  8.000000    12.5454013942      -2.761844461  
1969 12 18.000000    12.5630646057      -2.868291319  
1969 12 28.000000    12.5753513860      -2.939922448  
1970  1  7.000000    12.5819792214      -2.975205358  
1970  1 17.000000    12.5827912750      -2.973385240  
1970  1 27.000000    12.5778895002      -2.935441947  
1970  2  6.000000    12.5675453937      -2.863302010  
1970  2 16.000000    12.5522341823      -2.760207699  
1970  2 26.000000    12.5326955439      -2.631108037  
1970  3  8.000000    12.5097896991      -2.481572905  
1970  3 18.000000    12.4845529221      -2.318372528  
1970  3 28.000000    12.4581443450      -2.149005561  
1970  4  7.000000    12.4317007741      -1.980723678  
1970  4 17.000000    12.4064014283      -1.821128221  
1970  4 27.000000    12.3833334338      -1.677110261  
1970  5  7.000000    12.3634268799      -1.554507594  
1970  5 17.000000    12.3475238518      -1.458642954  
1970  5 27.000000    12.3362371624      -1.393219708  
1970  6  6.000000    12.3299981890      -1.360826259  
1970  6 16.000000    12.3291026636      -1.363181039  
1970  6 26.000000    12.3336110980      -1.400386842  
1970  7  6.000000    12.3434699689      -1.471930523  
1970  7 16.000000    12.3584998379      -1.576436939  
1970  7 26.000000    12.3783541165      -1.711424528  
1970  8  5.000000    12.4026498075      -1.874296463  
1970  8 15.000000    12.4308957993      -2.061668334  
1970  8 25.000000    12.4625111542      -2.269625069  
1970  9  4.000000    12.4969193538      -2.494360303  
1970  9 14.000000    12.5334458531      -2.731350581  
1970  9 24.000000    12.5713892395      -2.976019766  
1970 10  4.000000    12.6100562753      -3.223872962  
1970 10 14.000000    12.6486703614      -3.469859799  
1970 10 24.000000    12.6864804757      -3.709250799  
1970 11  3.000000    12.7227352579      -3.937311312  
1970 11 13.000000    12.7566403553      -4.149086379  
1970 11 23.000000    12.7874819600      -4.340285535  
1970 12  3.000000    12.8145567433      -4.506633344  
1970 12 13.000000    12.8372008576      -4.644209685  
1970 12 23.000000    12.8548972914      -4.750085144  
1971  1  2.000000    12.8671891272      -4.821616062  
1971  1 12.000000    12.8737778339      -4.857250772  
1971  1 22.000000    12.8745741160      -4.856692747  
1971  2  1.000000    12.8696200952      -4.820370610  
1971  2 11.000000    12.8592168887      -4.750409194  
1971  2 21.000000    12.8438798018      -4.650130214  
1971  3  3.000000    12.8242811621      -4.523820989  
1971  3 13.000000    12.8013440859      -4.377397861  
1971  3 23.000000    12.7760952361      -4.217287715  
1971  4  2.000000    12.7496429663      -4.050514888  
1971  4 12.000000    12.7231958351      -3.884740476  
1971  4 22.000000    12.6978769914      -3.726993747  
1971  5  2.000000    12.6747639577      -3.584124209  
1971  5 12.000000    12.6548425599      -3.462321438  
1971  5 22.000000    12.6388805453      -3.366348243  
1971  6  1.000000    12.6275297506      -3.300317396  
1971  6 11.000000    12.6212433461      -3.266937245  
1971  6 21.000000    12.6202566405      -3.267558008  
1971  7  1.000000    12.6247009355      -3.302898176  
1971  7 11.000000    12.6345039883      -3.372250521  
1971  7 21.000000    12.6494599083      -3.474137132  
1971  7 31.000000    12.6692945881      -3.606619790  
1971  8 10.000000    12.6935736137      -3.766666877  
1971  8 20.000000    12.7218173948      -3.951075687  
1971  8 30.000000    12.7534926901      -4.156222836  
1971  9  9.000000    12.7879562537      -4.377809414  
1971  9 19.000000    12.8245757206      -4.611718351  
1971  9 29.000000    12.8626571295      -4.853365389  
1971 10  9.000000    12.9014463236      -5.097907022  
1971 10 19.000000    12.9402250641      -5.340812792  
1971 10 29.000000    12.9782080430      -5.577110412  
1971 11  8.000000    13.0146081959      -5.801999874  
1971 11 18.000000    13.0486888693      -6.011027807  
1971 11 28.000000    13.0796720998      -6.199523156  
1971 12  8.000000    13.1068581783      -6.363470413  
1971 12 18.000000    13.1296236469      -6.499273490  
1971 12 28.000000    13.1473795680      -6.603612763  
1972  1  7.000000    13.1597152339      -6.674328149  
1972  1 17.000000    13.1663406901      -6.709872763  
1972  1 27.000000    13.1671120825      -6.709639939  
1972  2  6.000000    13.1621458383      -6.674556846  
1972  2 16.000000    13.1517116323      -6.606347453  
1972  2 26.000000    13.1363056776      -6.508193250  
1972  3  7.000000    13.1166723136      -6.384674634  
1972  3 17.000000    13.0936682102      -6.241028210  
1972  3 27.000000    13.0683434153      -6.083787097  
1972  4  6.000000    13.0418441971      -5.919969339  
1972  4 16.000000    13.0153031544      -5.756588858  
1972  4 26.000000    12.9899031447      -5.601043004  
1972  5  6.000000    12.9667124740      -5.459919848  
1972  5 16.000000    12.9466662694      -5.339095716  
1972  5 26.000000    12.9306089979      -5.243835146  
1972  6  5.000000    12.9191451243      -5.177825147  
1972  6 15.000000    12.9127249729      -5.143873059  
1972  6 25.000000    12.9116490117      -5.143707895  
1972  7  5.000000    12.9159844644      -5.177580959  
1972  7 15.000000    12.9257017298      -5.245167876  
1972  7 25.000000    12.9406238186      -5.345075297  
1972  8  4.000000    12.9604185183      -5.474994750  
1972  8 14.000000    12.9847191419      -5.632390818  
1972  8 24.000000    13.0130294439      -5.813822787  
1972  9  3.000000    13.0447812150      -6.015526542  
1972  9 13.000000    13.0793980434      -6.233645216  
1972  9 23.000000    13.1161918387      -6.463638548  
1972 10  3.000000    13.1544657170      -6.701067815  
1972 10 13.000000    13.1935087754      -6.941378759  
1972 10 23.000000    13.2325266829      -7.179624451  
1972 11  2.000000    13.2707634816      -7.411240941  
1972 11 12.000000    13.3074391644      -7.631512498  
1972 11 22.000000    13.3417452407      -7.835749079  
1972 12  2.000000    13.3729585394      -8.019847519  
1972 12 12.000000    13.4003485256      -8.179677246  
1972 12 22.000000    13.4232498226      -8.311672106  
1973  1  1.000000    13.4411388569      -8.413056054  
1973  1 11.000000    13.4535460042      -8.481380634  
1973  1 21.000000    13.4601868540      -8.515354079  
1973  1 31.000000    13.4609710406      -8.514663445  
1973  2 10.000000    13.4559453636      -8.479814062  
1973  2 20.000000    13.4454320101      -8.412895177  
1973  3  2.000000    13.4299437197      -8.316952722  
1973  3 12.000000    13.4101668324      -8.196134282  
1973  3 22.000000    13.3870368349      -8.056000618  
1973  4  1.000000    13.3615710370      -7.902555503  
1973  4 11.000000    13.3348924076      -7.742566865  
1973  4 21.000000    13.3082074544      -7.583246053  
1973  5  1.000000    13.2826307550      -7.431314403  
1973  5 11.000000    13.2592553354      -7.293457355  
1973  5 21.000000    13.2390597607      -7.175562029  
1973  5 31.000000    13.2228172197      -7.082362690  
1973  6 10.000000    13.2111983547      -7.017930916  
1973  6 20.000000    13.2046535708      -6.984872129  
1973  6 30.000000    13.2034392267      -6.984683609  
1973  7 10.000000    13.2077033103      -7.018067547  
1973  7 20.000000    13.2173756049      -7.084325842  
1973  7 30.000000    13.2322752795      -7.182140997  
1973  8  9.000000    13.2521342286      -7.309511222  
1973  8 19.000000    13.2765195177      -7.463470108  
1973  8 29.000000    13.3049676952      -7.640900079  
1973  9  8.000000    13.3369349546      -7.838104417  
1973  9 18.000000    13.3717749647      -8.050905706  
1973  9 28.000000    13.4088543346      -8.275226800  
1973 10  8.000000    13.4474532573      -8.506495517  
1973 10 18.000000    13.4868092421      -8.740078405  
1973 10 28.000000    13.5261859312      -8.971523435  
1973 11  7.000000    13.5647652556      -9.196031446  
1973 11 17.000000    13.6017503500      -9.409120708  
1973 11 27.000000    13.6363767793      -9.606510116  
1973 12  7.000000    13.6678408551      -9.783886968  
1973 12 17.000000    13.6954381354      -9.937611101  
1973 12 27.000000    13.7185204338     -10.064336490  
1974  1  6.000000    13.7364933673     -10.161171228  
1974  1 16.000000    13.7489511889     -10.226239027  
1974  1 26.000000    13.7555922845     -10.258173483  
1974  2  5.000000    13.7562899175     -10.256638450  
1974  2 15.000000    13.7511715926     -10.222544914  
1974  2 25.000000    13.7405080020     -10.157562412  
1974  3  7.000000    13.7248237654     -10.064770303  
1974  3 17.000000    13.7048690933      -9.948358397  
1974  3 27.000000    13.6815081454      -9.813237522  
1974  4  6.000000    13.6558143896      -9.665492990  
1974  4 16.000000    13.6289294012      -9.511565158  
1974  4 26.000000    13.6019976806      -9.358073741  
1974  5  6.000000    13.5762152462      -9.211899786  
1974  5 16.000000    13.5526433168      -9.079190860  
1974  5 26.000000    13.5322376251      -8.965593052  
1974  6  5.000000    13.5158493237      -8.876019505  
1974  6 15.000000    13.5040850035      -8.814007816  
1974  6 25.000000    13.4974217306      -8.782319445  
1974  7  5.000000    13.4961622174      -8.782533414  
1974  7 15.000000    13.5003859981      -8.814966070  
1974  7 25.000000    13.5100852605      -8.879324148  
1974  8  4.000000    13.5250783491      -8.974187336  
1974  8 14.000000    13.5450473459      -9.097405068  
1974  8 24.000000    13.5696312013      -9.246457772  
1974  9  3.000000    13.5983193322      -9.417977488  
1974  9 13.000000    13.6305504201      -9.608381396  
1974  9 23.000000    13.6657328835      -9.813849840  
1974 10  3.000000    13.7031564211     -10.030033015  
1974 10 13.000000    13.7421186489     -10.252709132  
1974 10 23.000000    13.7818767638     -10.477461654  
1974 11  2.000000    13.8216125031     -10.699683120  
1974 11 12.000000    13.8605543401     -10.915094221  
1974 11 22.000000    13.8978842674     -11.119284122  
1974 12  2.000000    13.9327785399     -11.308038487  
1974 12 12.000000    13.9644961885     -11.477611527  
1974 12 22.000000    13.9922785923     -11.624309006  
1975  1  1.000000    14.0154627489     -11.745058068  
1975  1 11.000000    14.0335143235     -11.837407601  
1975  1 21.000000    14.0459578727     -11.899297506  
1975  1 31.000000    14.0525292778     -11.929722692  
1975  2 10.000000    14.0531369218     -11.928454884  
1975  2 20.000000    14.0478446783     -11.896099951  
1975  3  2.000000    14.0370008213     -11.834586617  
1975  3 12.000000    14.0211207179     -11.746655704  
1975  3 22.000000    14.0009188616     -11.636124639  
1975  4  1.000000    13.9773464813     -11.507944944  
1975  4 11.000000    13.9514221957     -11.367521108  
1975  4 21.000000    13.9242957363     -11.221028100  
1975  5  1.000000    13.8971747478     -11.074931656  
1975  5 11.000000    13.8711780731     -10.935405185  
1975  5 21.000000    13.8474211635     -10.808603728  
1975  5 31.000000    13.8268771731     -10.699911933  
1975  6 10.000000    13.8103341750     -10.613811303  
1975  6 20.000000    13.7984796314     -10.554105032  
1975  6 30.000000    13.7917603395     -10.523258050  
1975  7 10.000000    13.7904556060     -10.522791013  
1975  7 20.000000    13.7947203456     -10.553362157  
1975  7 30.000000    13.8044828995     -10.614380954  
1975  8  9.000000    13.8195824089     -10.704675227  
1975  8 19.000000    13.8397424334     -10.822316052  
1975  8 29.000000    13.8645275472     -10.964568162  
1975  9  8.000000    13.8934795386     -11.128481988  
1975  9 18.000000    13.9260309612     -11.310521937  
1975  9 28.000000    13.9615291271     -11.506807856  
1975 10  8.000000    13.9993266203     -11.713459701  
1975 10 18.000000    14.0386703546     -11.926173556  
1975 10 28.000000    14.0787878381     -12.140686845  
1975 11  7.000000    14.1189138453     -12.352821558  
1975 11 17.000000    14.1581978806     -12.558196290  
1975 11 27.000000    14.1958340874     -12.752769126  
1975 12  7.000000    14.2310261470     -12.932649040  
1975 12 17.000000    14.2629524917     -13.094039444  
1975 12 27.000000    14.2909070992     -13.233743468  
1976  1  6.000000    14.3142207042     -13.348832460  
1976  1 16.000000    14.3323047863     -13.436863874  
1976  1 26.000000    14.3447619158     -13.496232013  
1976  2  5.000000    14.3512868171     -13.525803723  
1976  2 15.000000    14.3517802300     -13.525369036  
1976  2 25.000000    14.3463803720     -13.495714563  
1976  3  6.000000    14.3353685739     -13.438332717  
1976  3 16.000000    14.3193016915     -13.355928808  
1976  3 26.000000    14.2989326099     -13.252115663  
1976  4  5.000000    14.2751419042     -13.131220083  
1976  4 15.000000    14.2490240382     -12.998586614  
1976  4 25.000000    14.2217141345     -12.859882919  
1976  5  5.000000    14.1943765831     -12.721059171  
1976  5 15.000000    14.1682145860     -12.588272481  
1976  5 25.000000    14.1442847136     -12.467119097  
1976  6  4.000000    14.1235672353     -12.362826502  
1976  6 14.000000    14.1069131827     -12.279929678  
1976  6 24.000000    14.0949352111     -12.221817958  
1976  7  4.000000    14.0881349891     -12.191167128  
1976  7 14.000000    14.0868115310     -12.189529125  
1976  7 24.000000    14.0910586490     -12.217363504  
1976  8  3.000000    14.1008829715     -12.274474913  
1976  8 13.000000    14.1160937726     -12.359619847  
1976  8 23.000000    14.1363870131     -12.470894549  
1976  9  2.000000    14.1613971886     -12.605946634  
1976  9 12.000000    14.1905990574     -12.761668076  
1976  9 22.000000    14.2234360292     -12.934741126  
1976 10  2.000000    14.2592927710     -13.121560913  
1976 10 12.000000    14.2974405605     -13.318094263  
1976 10 22.000000    14.3371686657     -13.520415687  
1976 11  1.000000    14.3776978476     -13.724413723  
1976 11 11.000000    14.4181933424     -13.925886583  
1976 11 21.000000    14.4578648235     -14.120918488  
1976 12  1.000000    14.4958588605     -14.305528367  
1976 12 11.000000    14.5313446873     -14.475978275  
1976 12 21.000000    14.5635612656     -14.628939820  
1976 12 31.000000    14.5917298716     -14.761197511  
1977  1 10.000000    14.6151955777     -14.870118446  
1977  1 20.000000    14.6334115711     -14.953586743  
1977  1 30.000000    14.6459053812     -15.009878740  
1977  2  9.000000    14.6524329589     -15.038160954  
1977  2 19.000000    14.6528988774     -15.038244231  
1977  3  1.000000    14.6473885198     -15.010669963  
1977  3 11.000000    14.6362683336     -14.957083491  
1977  3 21.000000    14.6200532498     -14.879822957  
1977  3 31.000000    14.5994847477     -14.782177316  
1977  4 10.000000    14.5755190218     -14.668408091  
1977  4 20.000000    14.5491763396     -14.543220792  
1977  4 30.000000    14.5216307885     -14.412043640  
1977  5 10.000000    14.4940841486     -14.280593420  
1977  5 20.000000    14.4676666468     -14.154423905  
1977  5 30.000000    14.4435134627     -14.039117484  
1977  6  9.000000    14.4225937346     -13.939616497  
1977  6 19.000000    14.4057200153     -13.860128002  
1977  6 29.000000    14.3935937928     -13.804235638  
1977  7  9.000000    14.3866653206     -13.774331357  
1977  7 19.000000    14.3852434894     -13.771968722  
1977  7 29.000000    14.3894861498     -13.797837655  
1977  8  8.000000    14.3993287181     -13.851499333  
1977  8 18.000000    14.4146308317     -13.931941135  
1977  8 28.000000    14.4351045333     -14.037390283  
1977  9  7.000000    14.4603185828     -14.165331014  
1977  9 17.000000    14.4898161011     -14.313009281  
1977  9 27.000000    14.5230050909     -14.477107522  
1977 10  7.000000    14.5592298368     -14.654006144  
1977 10 17.000000    14.5978230397     -14.840067261  
1977 10 27.000000    14.6379999631     -15.031300700  
1977 11  6.000000    14.6789784683     -15.223782623  
1977 11 16.000000    14.7199585135     -15.413687908  
1977 11 26.000000    14.7600619376     -15.597065883  
1977 12  6.000000    14.7984705963     -15.770320794  
1977 12 16.000000    14.8343523237     -15.930024173  
1977 12 26.000000    14.8668729299     -16.072890085  
1978  1  5.000000    14.8953179896     -16.196205512  
1978  1 15.000000    14.9189952722     -16.297502123  
1978  1 25.000000    14.9373252317     -16.374769543  
1978  2  4.000000    14.9499078766     -16.426720798  
1978  2 14.000000    14.9564346306     -16.452457402  
1978  2 24.000000    14.9568301448     -16.451871057  
1978  3  6.000000    14.9512317692     -16.425680527  
1978  3 16.000000    14.9399324018     -16.375177176  
1978  3 26.000000    14.9235139785     -16.302695013  
1978  4  5.000000    14.9027255567     -16.211320792  
1978  4 15.000000    14.8784680362     -16.104769756  
1978  4 25.000000    14.8518521949     -15.987661681  
1978  5  5.000000    14.8240107014     -15.864919038  
1978  5 15.000000    14.7961357588     -15.741767696  
1978  5 25.000000    14.7694387423     -15.623665219  
1978  6  4.000000    14.7449854608     -15.515607140  
1978  6 14.000000    14.7237893052     -15.422335036  
1978  6 24.000000    14.7067061970     -15.347978827  
1978  7  4.000000    14.6943710309     -15.295658613  
1978  7 14.000000    14.6873139455     -15.267885112  
1978  7 24.000000    14.6858351076     -15.266110596  
1978  8  3.000000    14.6900540070     -15.290790927  
1978  8 13.000000    14.6999879322     -15.341774511  
1978  8 23.000000    14.7154415582     -15.417901910  
1978  9  2.000000    14.7361267221     -15.517400645  
1978  9 12.000000    14.7616652069     -15.638061769  
1978  9 22.000000    14.7915191081     -15.776965706  
1978 10  2.000000    14.8251300967     -15.931018717  
1978 10 12.000000    14.8618493773     -16.096848983  
1978 10 22.000000    14.9009293704     -16.270732891  
1978 11  1.000000    14.9416396494     -16.449085743  
1978 11 11.000000    14.9831576186     -16.628173682  
1978 11 21.000000    15.0246296074     -16.804247061  
1978 12  1.000000    15.0652347902     -16.973885565  
1978 12 11.000000    15.1040815837     -17.133633348  
1978 12 21.000000    15.1403288857     -17.280338484  
1978 12 31.000000    15.1731864619     -17.411261526  
1979  1 10.000000    15.2018572688     -17.523768730  
1979  1 20.000000    15.2256904004     -17.615801654  
1979  1 30.000000    15.2441213686     -17.685742739  
1979  2  9.000000    15.2566853750     -17.732277607  
1979  2 19.000000    15.2631522603     -17.754887529  
1979  3  1.000000    15.2634233321     -17.753526747  
1979  3 11.000000    15.2576102331     -17.728731843  
1979  3 21.000000    15.2460925127     -17.681965780  
1979  3 31.000000    15.2293926643     -17.615188913  
1979  4 10.000000    15.2082842388     -17.531178494  
1979  4 20.000000    15.1837281200     -17.433510510  
1979  4 30.000000    15.1567615314     -17.326112442  
1979  5 10.000000    15.1285874507     -17.213601660  
1979  5 20.000000    15.1004086679     -17.100828842  
1979  5 30.000000    15.0733832235     -16.992536802  
1979  6  9.000000    15.0486697469     -16.893588122  

