v15.04    Планета: Уран  (INPOP13C)
          Спутник: U3 Титани  (Lainey V., 2015..)
                            - эфемериды на инт. 1847/01/00.5-2145/12/03.2
   Обсерватория N:  84 - Pulkovo
    Шкала времени: UTC
Средний экватор и равноденствие эпохи J2000.  ICRF. 
Координаты астрометрические 
Год  Месяц День       alpha (h)          delta (º)
1952  2  1.000000     6.8318856141      23.340251630  
1952  2 11.000000     6.8082954796      23.359037843  
1952  2 21.000000     6.7898942112      23.374949196  
1952  3  2.000000     6.7771021843      23.391184395  
1952  3 12.000000     6.7700785676      23.405098424  
1952  3 22.000000     6.7689861962      23.410397571  
1952  4  1.000000     6.7742146735      23.401970017  
1952  4 11.000000     6.7860535389      23.380075254  
1952  4 21.000000     6.8043878374      23.350155518  
1952  5  1.000000     6.8286434161      23.318299290  
1952  5 11.000000     6.8578181454      23.286664871  
1952  5 21.000000     6.8909307576      23.252005246  
1952  5 31.000000     6.9273103452      23.208490630  
1952  6 10.000000     6.9664889771      23.152878674  
1952  6 20.000000     7.0080795262      23.087321666  
1952  6 30.000000     7.0514209340      23.018220566  
1952  7 10.000000     7.0954427196      22.951944583  
1952  7 20.000000     7.1389773533      22.890311951  
1952  7 30.000000     7.1809641344      22.830331548  
1952  8  9.000000     7.2206733778      22.767713900  
1952  8 19.000000     7.2577151317      22.701272208  
1952  8 29.000000     7.2916460575      22.635527237  
1952  9  8.000000     7.3217995767      22.578449212  
1952  9 18.000000     7.3472712911      22.536271031  
1952  9 28.000000     7.3670627650      22.509977713  
1952 10  8.000000     7.3805373778      22.495453034  
1952 10 18.000000     7.3875265181      22.487629229  
1952 10 28.000000     7.3881992256      22.485469462  
1952 11  7.000000     7.3829011908      22.492986982  
1952 11 17.000000     7.3718048802      22.516148064  
1952 11 27.000000     7.3550051623      22.557297191  
1952 12  7.000000     7.3328744165      22.612014434  
1952 12 17.000000     7.3062279250      22.671464392  
1952 12 27.000000     7.2764974774      22.727617928  
1953  1  6.000000     7.2454509099      22.777919395  
1953  1 16.000000     7.2146701592      22.825571503  
1953  1 26.000000     7.1854283231      22.874628125  
1953  2  5.000000     7.1586467116      22.924886413  
1953  2 15.000000     7.1351661442      22.970609523  
1953  2 25.000000     7.1160764438      23.003761113  
1953  3  7.000000     7.1025054093      23.019850826  
1953  3 17.000000     7.0953800176      23.020736018  
1953  3 27.000000     7.0951371768      23.012551311  
1953  4  6.000000     7.1015288519      23.000693458  
1953  4 16.000000     7.1140080778      22.985255987  
1953  4 26.000000     7.1320572876      22.961303025  
1953  5  6.000000     7.1553198748      22.923268189  
1953  5 16.000000     7.1836435354      22.869396601  
1953  5 26.000000     7.2166936141      22.803698625  
1953  6  5.000000     7.2537291926      22.733197133  
1953  6 15.000000     7.2937232195      22.662597755  
1953  6 25.000000     7.3355064035      22.591590876  
1953  7  5.000000     7.3781449192      22.515918053  
1953  7 15.000000     7.4210673994      22.431560123  
1953  7 25.000000     7.4638000934      22.339375620  
1953  8  4.000000     7.5057963839      22.245485975  
1953  8 14.000000     7.5461997048      22.157846307  
1953  8 24.000000     7.5838670756      22.081517854  
1953  9  3.000000     7.6177607790      22.015936502  
1953  9 13.000000     7.6471103270      21.957158088  
1953  9 23.000000     7.6714911383      21.902574812  
1953 10  3.000000     7.6907302660      21.854396640  
1953 10 13.000000     7.7045079708      21.819625837  
1953 10 23.000000     7.7123265087      21.805403597  
1953 11  2.000000     7.7136722499      21.813786141  
1953 11 12.000000     7.7082303800      21.840639250  
1953 11 22.000000     7.6962778156      21.878399507  
1953 12  2.000000     7.6786237149      21.921659581  
1953 12 12.000000     7.6563171555      21.970545566  
1953 12 22.000000     7.6304532570      22.028748812  
1954  1  1.000000     7.6019189635      22.098627846  
1954  1 11.000000     7.5715892535      22.176705956  
1954  1 21.000000     7.5406717929      22.253905332  
1954  1 31.000000     7.5106717667      22.320778396  
1954  2 10.000000     7.4833238653      22.372636166  
1954  2 20.000000     7.4601809499      22.411428715  
1954  3  2.000000     7.4421826521      22.442618012  
1954  3 12.000000     7.4297835142      22.468949384  
1954  3 22.000000     7.4231333374      22.487660293  
1954  4  1.000000     7.4223725063      22.492303763  
1954  4 11.000000     7.4278435002      22.477409320  
1954  4 21.000000     7.4397810980      22.443150833  
1954  5  1.000000     7.4580829107      22.395140965  
1954  5 11.000000     7.4822060540      22.340034358  
1954  5 21.000000     7.5111887468      22.280933818  
1954  5 31.000000     7.5440903015      22.215351991  
1954  6 10.000000     7.5802198241      22.138081297  
1954  6 20.000000     7.6190800058      22.046363139  
1954  6 30.000000     7.6602748887      21.942742818  
1954  7 10.000000     7.7031465951      21.834362435  
1954  7 20.000000     7.7466818159      21.728539884  
1954  7 30.000000     7.7897671602      21.628019000  
1954  8  9.000000     7.8313503332      21.530730883  
1954  8 19.000000     7.8706949451      21.432925728  
1954  8 29.000000     7.9073664479      21.333843031  
1954  9  8.000000     7.9408923884      21.238549499  
1954  9 18.000000     7.9706403253      21.155560808  
1954  9 28.000000     7.9957472877      21.091904646  
1954 10  8.000000     8.0152619276      21.049288309  
1954 10 18.000000     8.0285660224      21.023933733  
1954 10 28.000000     8.0354428553      21.010982063  
1954 11  7.000000     8.0360262542      21.009254030  
1954 11 17.000000     8.0306521835      21.022497463  
1954 11 27.000000     8.0195184416      21.056587262  
1954 12  7.000000     8.0027951421      21.113537735  
1954 12 17.000000     7.9808877547      21.188441355  
1954 12 27.000000     7.9545918400      21.271693054  
1955  1  6.000000     7.9252972822      21.353936439  
1955  1 16.000000     7.8947027513      21.431241187  
1955  1 26.000000     7.8643750235      21.505522396  
1955  2  5.000000     7.8356156858      21.579651660  
1955  2 15.000000     7.8093584496      21.652636264  
1955  2 25.000000     7.7864455259      21.717872248  
1955  3  7.000000     7.7679089710      21.766369057  
1955  3 17.000000     7.7547915918      21.792809523  
1955  3 27.000000     7.7479825228      21.798300765  
1955  4  6.000000     7.7479070983      21.788732475  
1955  4 16.000000     7.7543522381      21.769767029  
1955  4 26.000000     7.7668222704      21.741853057  
1955  5  6.000000     7.7847929722      21.700537274  
1955  5 16.000000     7.8078874619      21.640559370  
1955  5 26.000000     7.8359214946      21.560376204  
1955  6  5.000000     7.8685381689      21.464506074  
1955  6 15.000000     7.9050443373      21.360627784  
1955  6 25.000000     7.9444714233      21.254353898  
1955  7  5.000000     7.9856926895      21.146343568  
1955  7 15.000000     8.0278008861      21.032999694  
1955  7 25.000000     8.0701880520      20.910884381  
1955  8  4.000000     8.1123446935      20.781388571  
1955  8 14.000000     8.1537314496      20.651157950  
1955  8 24.000000     8.1935187175      20.528998357  
1955  9  3.000000     8.2306294753      20.420790732  
1955  9 13.000000     8.2640709134      20.326673217  
1955  9 23.000000     8.2930539457      20.243346359  
1955 10  3.000000     8.3171213918      20.168512357  
1955 10 13.000000     8.3360563963      20.104675895  
1955 10 23.000000     8.3495328308      20.059239862  
1955 11  2.000000     8.3571161165      20.039586252  
1955 11 12.000000     8.3583460559      20.048085083  
1955 11 22.000000     8.3529382486      20.080647394  
1955 12  2.000000     8.3411568057      20.129316124  
1955 12 12.000000     8.3237431856      20.188165314  
1955 12 22.000000     8.3017149482      20.256484676  
1956  1  1.000000     8.2761791927      20.337059108  
1956  1 11.000000     8.2480562770      20.431476880  
1956  1 21.000000     8.2182716106      20.535255174  
1956  1 31.000000     8.1880095023      20.638231755  
1956  2 10.000000     8.1586980031      20.729758450  
1956  2 20.000000     8.1319971605      20.803739593  
1956  3  1.000000     8.1093921493      20.861046868  
1956  3 11.000000     8.0918254449      20.906369240  
1956  3 21.000000     8.0797902603      20.941982396  
1956  3 31.000000     8.0734402092      20.964973789  
1956  4 10.000000     8.0729026141      20.968683088  
1956  4 20.000000     8.0784643308      20.947437819  
1956  4 30.000000     8.0903023530      20.901421274  
1956  5 10.000000     8.1083257874      20.836393504  
1956  5 20.000000     8.1320302169      20.759584756  
1956  5 30.000000     8.1605173452      20.674845872  
1956  6  9.000000     8.1929011856      20.580326998  
1956  6 19.000000     8.2284758905      20.471476262  
1956  6 29.000000     8.2667162948      20.345994712  
1956  7  9.000000     8.3072093144      20.206917363  
1956  7 19.000000     8.3493015716      20.062135940  
1956  7 29.000000     8.3920502683      19.919710986  
1956  8  8.000000     8.4344063610      19.783215798  
1956  8 18.000000     8.4753392558      19.651356576  
1956  8 28.000000     8.5141073941      19.520869557  
1956  9  7.000000     8.5502223195      19.391551713  
1956  9 17.000000     8.5831794814      19.269002069  
1956  9 27.000000     8.6123787509      19.162244505  
1956 10  7.000000     8.6370051450      19.078979400  
1956 10 17.000000     8.6561694259      19.021399022  
1956 10 27.000000     8.6692740435      18.986023399  
1956 11  6.000000     8.6760535557      18.968240448  
1956 11 16.000000     8.6765985553      18.966789600  
1956 11 26.000000     8.6712222945      18.985303525  
1956 12  6.000000     8.6601498632      19.029492503  
1956 12 16.000000     8.6436302434      19.100935604  
1956 12 26.000000     8.6221030408      19.194231504  
1957  1  5.000000     8.5963458035      19.299004318  
1957  1 15.000000     8.5676886401      19.404800864  
1957  1 25.000000     8.5377373541      19.506595128  
1957  2  4.000000     8.5080303555      19.605094738  
1957  2 14.000000     8.4798856608      19.702104780  
1957  2 24.000000     8.4542518641      19.795791997  
1957  3  6.000000     8.4319777899      19.878645842  
1957  3 16.000000     8.4140288663      19.940918222  
1957  3 26.000000     8.4013550395      19.976580427  
1957  4  5.000000     8.3947972239      19.986146614  
1957  4 15.000000     8.3947645176      19.975345440  
1957  4 25.000000     8.4010947559      19.949935169  
1957  5  5.000000     8.4133576930      19.910629528  
1957  5 15.000000     8.4310354264      19.853388702  
1957  5 25.000000     8.4537369876      19.773218087  
1957  6  4.000000     8.4812397124      19.668933202  
1957  6 14.000000     8.5131644019      19.545570006  
1957  6 24.000000     8.5488708719      19.411378564  
1957  7  4.000000     8.5874588989      19.272764838  
1957  7 14.000000     8.6278622386      19.131128815  
1957  7 24.000000     8.6692059635      18.983450354  
1957  8  3.000000     8.7108423598      18.826933719  
1957  8 13.000000     8.7522242257      18.663499500  
1957  8 23.000000     8.7928116995      18.500378454  
1957  9  2.000000     8.8318047271      18.347120230  
1957  9 12.000000     8.8682039973      18.210184181  
1957  9 22.000000     8.9010665056      18.090301512  
1957 10  2.000000     8.9295894357      17.984713397  
1957 10 12.000000     8.9532808592      17.891470125  
1957 10 22.000000     8.9718679744      17.813499747  
1957 11  1.000000     8.9850183503      17.758539903  
1957 11 11.000000     8.9923623987      17.734131535  
1957 11 21.000000     8.9934987936      17.742805787  
1957 12  1.000000     8.9881846001      17.780359681  
1957 12 11.000000     8.9766678847      17.838563281  
1957 12 21.000000     8.9596132920      17.911115324  
1957 12 31.000000     8.9379966451      17.996643883  
1958  1 10.000000     8.9129229407      18.097183073  
1958  1 20.000000     8.8853461122      18.213494246  
1958  1 30.000000     8.8562427928      18.340087418  
1958  2  9.000000     8.8267676051      18.465842858  
1958  2 19.000000     8.7982655012      18.579053364  
1958  3  1.000000     8.7723031224      18.672547800  
1958  3 11.000000     8.7502815484      18.746336217  
1958  3 21.000000     8.7331460395      18.804331163  
1958  3 31.000000     8.7214315768      18.848338254  
1958  4 10.000000     8.7153070278      18.875180114  
1958  4 20.000000     8.7148967648      18.877956043  
1958  4 30.000000     8.7204266692      18.850954869  
1958  5 10.000000     8.7320150412      18.794423145  
1958  5 20.000000     8.7495818733      18.714315092  
1958  5 30.000000     8.7726657903      18.618359754  
1958  6  9.000000     8.8004498403      18.510901948  
1958  6 19.000000     8.8321136826      18.390625933  
1958  6 29.000000     8.8669405148      18.253569641  
1958  7  9.000000     8.9043783691      18.097916675  
1958  7 19.000000     8.9439884588      17.927293280  
1958  7 29.000000     8.9851223265      17.750268494  
1958  8  8.000000     9.0269140025      17.575492062  
1958  8 18.000000     9.0683841731      17.407195201  
1958  8 28.000000     9.1085342135      17.244654592  
1958  9  7.000000     9.1466167601      17.085102192  
1958  9 17.000000     9.1820819857      16.928953213  
1958  9 27.000000     9.2143913952      16.782336155  
1958 10  7.000000     9.2429723763      16.654755683  
1958 10 17.000000     9.2670610301      16.554381753  
1958 10 27.000000     9.2858418577      16.483665770  
1958 11  6.000000     9.2987382241      16.439373329  
1958 11 16.000000     9.3054370028      16.417123985  
1958 11 26.000000     9.3059821171      16.415715223  
1958 12  6.000000     9.3006521480      16.438792775  
1958 12 16.000000     9.2897006360      16.491815226  
1958 12 26.000000     9.2734582030      16.575892846  
1959  1  5.000000     9.2523978541      16.685075220  
1959  1 15.000000     9.2272836568      16.808270971  
1959  1 25.000000     9.1993741025      16.934240905  
1959  2  4.000000     9.1701667976      17.057128522  
1959  2 14.000000     9.1411630799      17.176648140  
1959  2 24.000000     9.1136882876      17.293657585  
1959  3  6.000000     9.0887103962      17.405409795  
1959  3 16.000000     9.0670902285      17.503547156  
1959  3 26.000000     9.0497229663      17.577704228  
1959  4  5.000000     9.0374637635      17.621302312  
1959  4 15.000000     9.0310966171      17.634481928  
1959  4 25.000000     9.0310116195      17.622837073  
1959  5  5.000000     9.0371094812      17.592076088  
1959  5 15.000000     9.0490335051      17.543053649  
1959  5 25.000000     9.0662834882      17.471999964  
1959  6  4.000000     9.0884603566      17.374196706  
1959  6 14.000000     9.1152960317      17.248929831  
1959  6 24.000000     9.1463887760      17.101735433  
1959  7  4.000000     9.1811537763      16.941380947  
1959  7 14.000000     9.2187619355      16.774870420  
1959  7 24.000000     9.2582212098      16.604102123  
1959  8  3.000000     9.2986916122      16.426566663  
1959  8 13.000000     9.3394825746      16.240097814  
1959  8 23.000000     9.3800084922      16.047194166  
1959  9  2.000000     9.4197204135      15.855705633  
1959  9 12.000000     9.4578481723      15.675743678  
1959  9 22.000000     9.4934771864      15.514164036  
1959 10  2.000000     9.5257148909      15.372099706  
1959 10 12.000000     9.5537499685      15.247215130  
1959 10 22.000000     9.5770534170      15.137985353  
1959 11  1.000000     9.5952876381      15.047814052  
1959 11 11.000000     9.6081144041      14.984740245  
1959 11 21.000000     9.6152265996      14.956381559  
1959 12  1.000000     9.6162847904      14.965217705  
1959 12 11.000000     9.6110969349      15.006836238  
1959 12 21.000000     9.5998912535      15.072834705  
1959 12 31.000000     9.5832517239      15.156683523  
1960  1 10.000000     9.5621074282      15.256604352  
1960  1 20.000000     9.5375482555      15.374033412  
1960  1 30.000000     9.5105644386      15.508885943  
1960  2  9.000000     9.4821857311      15.654724891  
1960  2 19.000000     9.4535343025      15.799572053  
1960  2 29.000000     9.4258742659      15.930884475  
1960  3 10.000000     9.4006674081      16.040777098  
1960  3 20.000000     9.3792206695      16.128592342  
1960  3 30.000000     9.3624841650      16.197566392  
1960  4  9.000000     9.3510348823      16.248982019  
1960  4 19.000000     9.3450674653      16.279271426  
1960  4 29.000000     9.3447112640      16.281325855  
1960  5  9.000000     9.3501280009      16.249483281  
1960  5 19.000000     9.3613785245      16.184145742  
1960  5 29.000000     9.3783901812      16.091514759  
1960  6  8.000000     9.4007470648      15.979656329  
1960  6 18.000000     9.4277261371      15.853201891  
1960  6 28.000000     9.4585770833      15.711209469  
1960  7  8.000000     9.4925769456      15.550207333  
1960  7 18.000000     9.5291492167      15.368924104  
1960  7 28.000000     9.5678197217      15.171625962  
1960  8  7.000000     9.6079458083      14.967475172  
1960  8 17.000000     9.6487401278      14.765565058  
1960  8 27.000000     9.6892923097      14.570546868  
1960  9  6.000000     9.7286440504      14.382085583  
1960  9 16.000000     9.7660397276      14.197910794  
1960  9 26.000000     9.8008607454      14.019058894  
1960 10  6.000000     9.8325348730      13.852229567  
1960 10 16.000000     9.8605082976      13.707335820  
1960 10 26.000000     9.8840682333      13.592783893  
1960 11  5.000000     9.9024804239      13.511114029  
1960 11 15.000000     9.9151866438      13.459217426  
1960 11 25.000000     9.9218289030      13.432946463  
1960 12  5.000000     9.9224026671      13.431313620  
1960 12 15.000000     9.9171429745      13.458035570  
1960 12 25.000000     9.9063339499      13.518320998  
1961  1  4.000000     9.8903872305      13.612768456  
1961  1 14.000000     9.8698109645      13.734816044  
1961  1 24.000000     9.8453630583      13.872794714  
1961  2  3.000000     9.8182225526      14.014962643  
1961  2 13.000000     9.7897740131      14.154933486  
1961  2 23.000000     9.7614772829      14.291704710  
1961  3  5.000000     9.7346569576      14.425288428  
1961  3 15.000000     9.7103077134      14.552019649  
1961  3 25.000000     9.6893071106      14.662770203  
1961  4  4.000000     9.6724790742      14.746670086  
1961  4 14.000000     9.6605889861      14.796821394  
1961  4 24.000000     9.6543561822      14.813184447  
1961  5  4.000000     9.6541500169      14.801220777  
1961  5 14.000000     9.6599436430      14.766490866  
1961  5 24.000000     9.6714562100      14.709804934  
1961  6  3.000000     9.6882150438      14.627519847  
1961  6 13.000000     9.7098183896      14.515228931  
1961  6 23.000000     9.7359467757      14.372715143  
1961  7  3.000000     9.7661774429      14.206045505  
1961  7 13.000000     9.7999788202      14.024413624  
1961  7 23.000000     9.8365928343      13.835173917  
1961  8  2.000000     9.8751108110      13.640537760  
1961  8 12.000000     9.9147252581      13.438384264  
1961  8 22.000000     9.9547017437      13.227148164  
1961  9  1.000000     9.9944151684      13.009978778  
1961  9 11.000000    10.0332963544      12.795313602  
1961  9 21.000000    10.0706043199      12.593674108  
1961 10  1.000000    10.1055100856      12.412124585  
1961 10 11.000000    10.1371672902      12.251974962  
1961 10 21.000000    10.1647623698      12.111230104  
1961 10 31.000000    10.1877254016      11.988822487  
1961 11 10.000000    10.2056470639      11.888644563  
1961 11 20.000000    10.2181858238      11.819029623  
1961 11 30.000000    10.2250909092      11.787551556  
1961 12 10.000000    10.2260864583      11.796448603  
1961 12 20.000000    10.2210404230      11.841048771  
1961 12 30.000000    10.2101575785      11.912819521  
1962  1  9.000000    10.1939431491      12.005204487  
1962  1 19.000000    10.1732771284      12.116267030  
1962  1 29.000000    10.1492248129      12.246973139  
1962  2  8.000000    10.1228166380      12.396489608  
1962  2 18.000000    10.0951349253      12.557483718  
1962  2 28.000000    10.0672713943      12.717238470  
1962  3 10.000000    10.0404157265      12.862673050  
1962  3 20.000000    10.0159183601      12.985488964  
1962  3 30.000000     9.9949909995      13.084609194  
1962  4  9.000000     9.9785911423      13.162704084  
1962  4 19.000000     9.9673366886      13.220443584  
1962  4 29.000000     9.9614607351      13.253806671  
1962  5  9.000000     9.9611028639      13.255471921  
1962  5 19.000000     9.9663601394      13.219888802  
1962  5 29.000000     9.9772412246      13.147738189  
1962  6  8.000000     9.9936745622      13.045472458  
1962  6 18.000000    10.0152897023      12.921332746  
1962  6 28.000000    10.0414663431      12.780055599  
1962  7  8.000000    10.0715217971      12.620862114  
1962  7 18.000000    10.1047314238      12.440706471  
1962  7 28.000000    10.1404951976      12.238901983  
1962  8  7.000000    10.1782930406      12.020342141  
1962  8 17.000000    10.2174882960      11.794747012  
1962  8 27.000000    10.2573684127      11.571475614  
1962  9  6.000000    10.2970876190      11.355350437  
1962  9 16.000000    10.3357331986      11.146304886  
1962  9 26.000000    10.3725362541      10.942490673  
1962 10  6.000000    10.4068051396      10.745575102  
1962 10 16.000000    10.4379332155      10.562851006  
1962 10 26.000000    10.4653750160      10.404506029  
1962 11  5.000000    10.4884694823      10.279014218  
1962 11 15.000000    10.5065655426      10.188809010  
1962 11 25.000000    10.5191205726      10.130772324  
1962 12  5.000000    10.5257384574      10.101024635  
1962 12 15.000000    10.5263637777      10.098876299  
1962 12 25.000000    10.5211824984      10.128175717  
1963  1  4.000000    10.5105132311      10.193920209  
1963  1 14.000000    10.4948434261      10.296135114  
1963  1 24.000000    10.4747198350      10.427666591  
1963  2  3.000000    10.4509022701      10.576422409  
1963  2 13.000000    10.4244849285      10.730408268  
1963  2 23.000000    10.3967423449      10.883069880  
1963  3  5.000000    10.3690914493      11.032944781  
1963  3 15.000000    10.3428506591      11.179300872  
1963  3 25.000000    10.3190512271      11.317650815  
1963  4  4.000000    10.2985915078      11.438123412  
1963  4 14.000000    10.2822284354      11.529483336  
1963  4 24.000000    10.2706464593      11.584754590  
1963  5  4.000000    10.2644949415      11.603832097  
1963  5 14.000000    10.2641248502      11.592110294  
1963  5 24.000000    10.2695859027      11.554888344  
1963  6  3.000000    10.2806719399      11.492725930  
1963  6 13.000000    10.2969471482      11.402028424  
1963  6 23.000000    10.3180079489      11.278672734  
1963  7  3.000000    10.3434784992      11.122959102  
1963  7 13.000000    10.3729175534      10.941525565  
1963  7 23.000000    10.4058384822      10.743847622  
1963  8  2.000000    10.4415523088      10.537434838  
1963  8 12.000000    10.4792388766      10.324628479  
1963  8 22.000000    10.5181167744      10.103545037  
1963  9  1.000000    10.5574089315       9.873220391  
1963  9 11.000000    10.5964495926       9.637467203  
1963  9 21.000000    10.6346372737       9.405233208  
1963 10  1.000000    10.6712597231       9.187346088  
1963 10 11.000000    10.7055698485       8.990850021  
1963 10 21.000000    10.7367614611       8.817039520  
1963 10 31.000000    10.7640240270       8.664199424  
1963 11 10.000000    10.7867416239       8.531665334  
1963 11 20.000000    10.8044296463       8.423856904  
1963 11 30.000000    10.8167434119       8.349365105  
1963 12 10.000000    10.8234802701       8.315568709  
1963 12 20.000000    10.8244304473       8.324379130  
1963 12 30.000000    10.8195257827       8.370783100  
1964  1  9.000000    10.8089458994       8.446163134  
1964  1 19.000000    10.7931248576       8.544166013  
1964  1 29.000000    10.7728905250       8.662868853  
1964  2  8.000000    10.7492802219       8.802956193  
1964  2 18.000000    10.7233705594       8.962966933  
1964  2 28.000000    10.6962941588       9.134724810  
1964  3  9.000000    10.6691203218       9.304966898  
1964  3 19.000000    10.6429741611       9.460333979  
1964  3 29.000000    10.6190913461       9.592380226  
1964  4  8.000000    10.5985949941       9.699901574  
1964  4 18.000000    10.5824518245       9.785070006  
1964  4 28.000000    10.5713182848       9.847901990  
1964  5  8.000000    10.5654787221       9.883913467  
1964  5 18.000000    10.5650853136       9.885513460  
1964  5 28.000000    10.5701721725       9.847354307  
1964  6  7.000000    10.5807014172       9.770489479  
1964  6 17.000000    10.5965948422       9.661560957  
1964  6 27.000000    10.6175274551       9.528904476  
1964  7  7.000000    10.6429839629       9.377155968  
1964  7 17.000000    10.6723440827       9.205498996  
1964  7 27.000000    10.7048870328       9.011292725  
1964  8  6.000000    10.7399865229       8.794387038  
1964  8 16.000000    10.7770689099       8.560305023  
1964  8 26.000000    10.8155033949       8.319268504  
1964  9  5.000000    10.8546430414       8.080687901  
1964  9 15.000000    10.8937025493       7.849387682  
1964  9 25.000000    10.9318173235       7.625421468  
1964 10  5.000000    10.9681973638       7.407261873  
1964 10 15.000000    11.0020777626       7.197234125  
1964 10 25.000000    11.0328148043       7.003159534  
1964 11  4.000000    11.0598591202       6.835382215  
1964 11 14.000000    11.0826022101       6.702313818  
1964 11 24.000000    11.1004729855       6.606062616  
1964 12  4.000000    11.1129407780       6.543427281  
1964 12 14.000000    11.1195787331       6.510810798  
1964 12 24.000000    11.1202770509       6.507822256  
1965  1  3.000000    11.1151708464       6.538557977  
1965  1 13.000000    11.1046162663       6.607815899  
1965  1 23.000000    11.0891704884       6.715005958  
1965  2  2.000000    11.0694258953       6.852504352  
1965  2 12.000000    11.0461503270       7.007886544  
1965  2 22.000000    11.0203533055       7.169171981  
1965  3  4.000000    10.9932084282       7.329985486  
1965  3 14.000000    10.9660881963       7.488598925  
1965  3 24.000000    10.9403047059       7.643737886  
1965  4  3.000000    10.9169358111       7.790190535  
1965  4 13.000000    10.8969018620       7.917372221  
1965  4 23.000000    10.8809032838       8.013886426  
1965  5  3.000000    10.8695528454       8.072825059  
1965  5 13.000000    10.8634257049       8.094132920  
1965  5 23.000000    10.8628609204       8.083215713  
1965  6  2.000000    10.8679851120       8.044964733  
1965  6 12.000000    10.8786635528       7.979559707  
1965  6 22.000000    10.8945070760       7.883379501  
1965  7  2.000000    10.9151087881       7.752499562  
1965  7 12.000000    10.9400336042       7.587793095  
1965  7 22.000000    10.9688239651       7.396441873  
1965  8  1.000000    11.0010269490       7.188042389  
1965  8 11.000000    11.0360199204       6.970150429  
1965  8 21.000000    11.0730703497       6.745019413  
1965  8 31.000000    11.1114148956       6.510887990  
1965  9 10.000000    11.1502355601       6.267399384  
1965  9 20.000000    11.1888210226       6.018943570  
1965  9 30.000000    11.2265273409       5.774948474  
1965 10 10.000000    11.2626689446       5.546426140  
1965 10 20.000000    11.2965711202       5.340158426  
1965 10 30.000000    11.3274643050       5.157328807  
1965 11  9.000000    11.3545433434       4.996369000  
1965 11 19.000000    11.3771399763       4.856947797  
1965 11 29.000000    11.3946957286       4.744042135  
1965 12  9.000000    11.4068603536       4.666386866  
1965 12 19.000000    11.4134703539       4.631087525  
1965 12 29.000000    11.4143865183       4.639674656  
1966  1  8.000000    11.4096045082       4.686696081  
1966  1 18.000000    11.3992789073       4.763562525  
1966  1 28.000000    11.3837831359       4.864277390  
1966  2  7.000000    11.3638895600       4.987053086  
1966  2 17.000000    11.3406083331       5.132552157  
1966  2 27.000000    11.3150682189       5.298780297  
1966  3  9.000000    11.2884499447       5.476833963  
1966  3 19.000000    11.2618121036       5.653153296  
1966  3 29.000000    11.2362253521       5.814266500  
1966  4  8.000000    11.2128125808       5.951872086  
1966  4 18.000000    11.1926195227       6.064890897  
1966  4 28.000000    11.1766220220       6.155015086  
1966  5  8.000000    11.1655170323       6.221689589  
1966  5 18.000000    11.1596505646       6.259921234  
1966  5 28.000000    11.1591878685       6.261802178  
1966  6  7.000000    11.1641068535       6.222305744  
1966  6 17.000000    11.1743269544       6.142848116  
1966  6 27.000000    11.1897553231       6.030238634  
1966  7  7.000000    11.2101135228       5.892840053  
1966  7 17.000000    11.2349874911       5.734962767  
1966  7 27.000000    11.2638128305       5.555656154  
1966  8  6.000000    11.2958775524       5.352613897  
1966  8 16.000000    11.3305228657       5.126133716  
1966  8 26.000000    11.3671153399       4.882404221  
1966  9  5.000000    11.4050279861       4.632022662  
1966  9 15.000000    11.4436665556       4.384276852  
1966  9 25.000000    11.4823016356       4.143899275  
1966 10  5.000000    11.5201153869       3.910867542  
1966 10 15.000000    11.5562886090       3.683905278  
1966 10 25.000000    11.5899847187       3.465979750  
1966 11  4.000000    11.6205174826       3.265275234  
1966 11 14.000000    11.6473246619       3.092250416  
1966 11 24.000000    11.6698497490       2.955100479  
1966 12  4.000000    11.6875949857       2.855412048  
1966 12 14.000000    11.7000416757       2.789901237  
1966 12 24.000000    11.7067372072       2.755171872  
1967  1  3.000000    11.7075135427       2.751136837  
1967  1 13.000000    11.7024574440       2.782249152  
1967  1 23.000000    11.6919611739       2.853069492  
1967  2  2.000000    11.6766461577       2.962484003  
1967  2 12.000000    11.6571589560       3.102518128  
1967  2 22.000000    11.6342788331       3.260493657  
1967  3  4.000000    11.6089357849       3.424749812  
1967  3 14.000000    11.5822159741       3.589316604  
1967  3 24.000000    11.5554473145       3.752388699  
1967  4  3.000000    11.5299407447       3.912404350  
1967  4 13.000000    11.5068318848       4.063484587  
1967  4 23.000000    11.4870651290       4.194439433  
1967  5  3.000000    11.4712985768       4.293903270  
1967  5 13.000000    11.4600819084       4.355081129  
1967  5 23.000000    11.4539156285       4.378136429  
1967  6  2.000000    11.4531329369       4.368521180  
1967  6 12.000000    11.4579334959       4.330584562  
1967  6 22.000000    11.4682516333       4.264119160  
1967  7  2.000000    11.4837498758       4.165353853  
1967  7 12.000000    11.5040140950       4.030494275  
1967  7 22.000000    11.5285501224       3.861043935  
1967  8  1.000000    11.5568816098       3.664602141  
1967  8 11.000000    11.5885783076       3.450816113  
1967  8 21.000000    11.6230810158       3.227179360  
1967  8 31.000000    11.6597381423       2.995640245  
1967  9 10.000000    11.6977980419       2.754530762  
1967  9 20.000000    11.7364035391       2.504009017  
1967  9 30.000000    11.7747900818       2.248926343  
1967 10 10.000000    11.8122637377       1.999174381  
1967 10 20.000000    11.8481621209       1.765762719  
1967 10 30.000000    11.8818706577       1.555055637  
1967 11  9.000000    11.9126539369       1.368065435  
1967 11 19.000000    11.9397120981       1.203174098  
1967 11 29.000000    11.9623191557       1.060352659  
1967 12  9.000000    11.9798453159       0.945082961  
1967 12 19.000000    11.9919303449       0.866082391  
1967 12 29.000000    11.9984427821       0.830208496  
1968  1  8.000000    11.9993167942       0.838541618  
1968  1 18.000000    11.9946093075       0.885136957  
1968  1 28.000000    11.9844538782       0.961594561  
1968  2  7.000000    11.9691716749       1.062302494  
1968  2 17.000000    11.9494789148       1.185768727  
1968  2 27.000000    11.9263636281       1.332868759  
1968  3  8.000000    11.9010099346       1.501144814  
1968  3 18.000000    11.8746485331       1.681207761  
1968  3 28.000000    11.8483414257       1.859385470  
1968  4  7.000000    11.8231138977       2.022233167  
1968  4 17.000000    11.7999844307       2.161894657  
1968  4 27.000000    11.7799340402       2.277544365  
1968  5  7.000000    11.7639468663       2.370487480  
1968  5 17.000000    11.7527645763       2.439728753  
1968  5 27.000000    11.7468022700       2.479692944  
1968  6  6.000000    11.7462381380       2.482207584  
1968  6 16.000000    11.7510014226       2.442621434  
1968  6 26.000000    11.7609705983       2.362630690  
1968  7  6.000000    11.7760315581       2.249257380  
1968  7 16.000000    11.7959520761       2.110791491  
1968  7 26.000000    11.8204117755       1.951042567  
1968  8  5.000000    11.8488972853       1.768921618  
1968  8 15.000000    11.8807067958       1.562301797  
1968  8 25.000000    11.9151428272       1.331859723  
1968  9  4.000000    11.9515086019       1.084447319  
1968  9 14.000000    11.9891746696       0.830833692  
1968  9 24.000000    12.0275876653       0.580119991  
1968 10  4.000000    12.0660690992       0.336840596  
1968 10 14.000000    12.1038414601       0.100707417  
1968 10 24.000000    12.1400509765      -0.129319263  
1968 11  3.000000    12.1737899327      -0.349769019  
1968 11 13.000000    12.2043215920      -0.552248469  
1968 11 23.000000    12.2310642321      -0.726211947  
1968 12  3.000000    12.2535100817      -0.863876700  
1968 12 13.000000    12.2712267928      -0.964244512  
1968 12 23.000000    12.2837089407      -1.030702496  
1969  1  2.000000    12.2904822513      -1.066591137  
1969  1 12.000000    12.2913183430      -1.071649590  
1969  1 22.000000    12.2862604212      -1.041052809  
1969  2  1.000000    12.2757349054      -0.970510656  
1969  2 11.000000    12.2604246471      -0.861459662  
1969  2 21.000000    12.2410383564      -0.722154843  
1969  3  3.000000    12.2183706705      -0.565401751  
1969  3 13.000000    12.1932807686      -0.402263345  
1969  3 23.000000    12.1667797177      -0.238207323  
1969  4  2.000000    12.1401537115      -0.074860847  
1969  4 12.000000    12.1147194731       0.086166695  
1969  4 22.000000    12.0916776976       0.238393315  
1969  5  2.000000    12.0720025091       0.370252320  
1969  5 12.000000    12.0563230703       0.470500346  
1969  5 22.000000    12.0451332104       0.532496311  
1969  6  1.000000    12.0388630511       0.556789853  
1969  6 11.000000    12.0378439431       0.548819927  
1969  6 21.000000    12.0423437958       0.512390058  
1969  7  1.000000    12.0523648939       0.446920604  
1969  7 11.000000    12.0676234904       0.348344544  
1969  7 21.000000    12.0876944349       0.213009566  
1969  7 31.000000    12.1120257690       0.043004127  
1969  8 10.000000    12.1401176836      -0.153818445  
1969  8 20.000000    12.1715521633      -0.367753989  
1969  8 30.000000    12.2058285695      -0.591518309  
1969  9  9.000000    12.2423671716      -0.823601136  
1969  9 19.000000    12.2804219399      -1.065571630  
1969  9 29.000000    12.3190959884      -1.316946834  
1969 10  9.000000    12.3575639675      -1.572501394  
1969 10 19.000000    12.3950757101      -1.821941579  
1969 10 29.000000    12.4309850440      -2.054486979  
1969 11  8.000000    12.4647269548      -2.264223410  
1969 11 18.000000    12.4955967992      -2.450407105  
1969 11 28.000000    12.5227978274      -2.614896907  
1969 12  8.000000    12.5455445718      -2.757436308  
1969 12 18.000000    12.5631376149      -2.872221009  
1969 12 28.000000    12.5752026760      -2.950650234  
1970  1  7.000000    12.5816358927      -2.986077242  
1970  1 17.000000    12.5824455878      -2.977959838  
1970  1 27.000000    12.5777480389      -2.932656020  
1970  2  6.000000    12.5676615326      -2.858294994  
1970  2 16.000000    12.5524624233      -2.760135781  
1970  2 26.000000    12.5328118606      -2.639173597  
1970  3  8.000000    12.5096812222      -2.494187768  
1970  3 18.000000    12.4843126705      -2.327952417  
1970  3 28.000000    12.4579893298      -2.150023908  
1970  4  7.000000    12.4317902067      -1.974072718  
1970  4 17.000000    12.4067053028      -1.813335317  
1970  4 27.000000    12.3836595414      -1.674992422  
1970  5  7.000000    12.3635810943      -1.559595096  
1970  5 17.000000    12.3474644705      -1.466030093  
1970  5 27.000000    12.3361003478      -1.395617484  
1970  6  6.000000    12.3299781342      -1.354557242  
1970  6 16.000000    12.3292917940      -1.351149968  
1970  6 26.000000    12.3339277340      -1.389729657  
1970  7  6.000000    12.3437244541      -1.468380280  
1970  7 16.000000    12.3585421614      -1.579822159  
1970  7 26.000000    12.3781905724      -1.715984875  
1970  8  5.000000    12.4024340129      -1.873584539  
1970  8 15.000000    12.4308051093      -2.053862725  
1970  8 25.000000    12.4626100646      -2.258946017  
1970  9  4.000000    12.4971067371      -2.487786444  
1970  9 14.000000    12.5335311455      -2.732997136  
1970  9 24.000000    12.5712438389      -2.983814818  
1970 10  4.000000    12.6097200107      -3.231324140  
1970 10 14.000000    12.6483264484      -3.471336956  
1970 10 24.000000    12.6863192333      -3.704514318  
1970 11  3.000000    12.7228055194      -3.931697673  
1970 11 13.000000    12.7568072331      -4.149168516  
1970 11 23.000000    12.7875312344      -4.348435977  
1970 12  3.000000    12.8143703318      -4.518943615  
1970 12 13.000000    12.8368622197      -4.653508111  
1970 12 23.000000    12.8546334404      -4.751672547  
1971  1  2.000000    12.8671922620      -4.817006381  
1971  1 12.000000    12.8740472183      -4.852927393  
1971  1 22.000000    12.8749098390      -4.858792299  
1971  2  1.000000    12.8697825007      -4.829499418  
1971  2 11.000000    12.8591249827      -4.760956453  
1971  2 21.000000    12.8436796486      -4.654714458  
1971  3  3.000000    12.8242224855      -4.519252066  
1971  3 13.000000    12.8015695959      -4.367269325  
1971  3 23.000000    12.7765189023      -4.209092656  
1971  4  2.000000    12.7500189363      -4.049626813  
1971  4 12.000000    12.7233187697      -3.890042951  
1971  4 22.000000    12.6977481023      -3.731849585  
1971  5  2.000000    12.6745799906      -3.581954492  
1971  5 12.000000    12.6548242524      -3.452040741  
1971  5 22.000000    12.6390939900      -3.353225934  
1971  6  1.000000    12.6278353203      -3.291899204  
1971  6 11.000000    12.6214119086      -3.267035643  
1971  6 21.000000    12.6201563941      -3.273299904  
1971  7  1.000000    12.6243996822      -3.307312046  
1971  7 11.000000    12.6342088393      -3.370019874  
1971  7 21.000000    12.6493544043      -3.465882072  
1971  7 31.000000    12.6693968268      -3.598362895  
1971  8 10.000000    12.6937255129      -3.764945846  
1971  8 20.000000    12.7218129017      -3.957639181  
1971  8 30.000000    12.7532432746      -4.166674725  
1971  9  9.000000    12.7875666306      -4.385145435  
1971  9 19.000000    12.8242670089      -4.611976669  
1971  9 29.000000    12.8625976562      -4.848701760  
1971 10  9.000000    12.9016208966      -5.094731197  
1971 10 19.000000    12.9404446558      -5.344535043  
1971 10 29.000000    12.9782566186      -5.587603923  
1971 11  8.000000    13.0144203823      -5.813546001  
1971 11 18.000000    13.0484099720      -6.016877070  
1971 11 28.000000    13.0795479450      -6.197270272  
1971 12  8.000000    13.1070398188      -6.356921912  
1971 12 18.000000    13.1300384401      -6.495378318  
1971 12 28.000000    13.1477781268      -6.606772913  
1972  1  7.000000    13.1598668758      -6.682649175  
1972  1 17.000000    13.1662228848      -6.716569258  
1972  1 27.000000    13.1669302257      -6.708560529  
1972  2  6.000000    13.1621626558      -6.665227062  
1972  2 16.000000    13.1520280075      -6.594439483  
1972  2 26.000000    13.1367679234      -6.501121201  
1972  3  7.000000    13.1169909451      -6.385608762  
1972  3 17.000000    13.0936561890      -6.246303031  
1972  3 27.000000    13.0680689202      -6.086034206  
1972  4  6.000000    13.0415668314      -5.914236810  
1972  4 16.000000    13.0152580842      -5.744480716  
1972  4 26.000000    12.9901092868      -5.589558564  
1972  5  6.000000    12.9669619236      -5.455892762  
1972  5 16.000000    12.9467023563      -5.343718292  
1972  5 26.000000    12.9303371854      -5.251870921  
1972  6  5.000000    12.9187079471      -5.181935305  
1972  6 15.000000    12.9123828347      -5.140624362  
1972  6 25.000000    12.9115726682      -5.136245799  
1972  7  5.000000    12.9161271013      -5.172949700  
1972  7 15.000000    12.9258454337      -5.248599029  
1972  7 25.000000    12.9405570383      -5.355689545  
1972  8  4.000000    12.9601099016      -5.486488760  
1972  8 14.000000    12.9843431203      -5.638153531  
1972  8 24.000000    13.0128290293      -5.812132424  
1972  9  3.000000    13.0448811145      -6.010689447  
1972  9 13.000000    13.0797062617      -6.232433969  
1972  9 23.000000    13.1164690346      -6.469684502  
1972 10  3.000000    13.1545143058      -6.711795111  
1972 10 13.000000    13.1933324030      -6.950042654  
1972 10 23.000000    13.2323289394      -7.180731695  
1972 11  2.000000    13.2707883167      -7.404907741  
1972 11 12.000000    13.3077734412      -7.623342734  
1972 11 22.000000    13.3422376348      -7.832337875  
1972 12  2.000000    13.3733275029      -8.023401310  
1972 12 12.000000    13.4004037250      -8.186146160  
1972 12 22.000000    13.4230476171      -8.314051468  
1973  1  1.000000    13.4409378274      -8.407133056  
1973  1 11.000000    13.4535976395      -8.469270793  
1973  1 21.000000    13.4605245479      -8.504001859  
1973  1 31.000000    13.4613704632      -8.510367416  
1973  2 10.000000    13.4561018506      -8.483123501  
1973  2 20.000000    13.4452104631      -8.418216827  
1973  3  2.000000    13.4294944957      -8.317159186  
1973  3 12.000000    13.4098037770      -8.188526684  
1973  3 22.000000    13.3869800251      -8.044653424  
1973  4  1.000000    13.3617691997      -7.895116919  
1973  4 11.000000    13.3350712930      -7.744173464  
1973  4 21.000000    13.3081005886      -7.592305881  
1973  5  1.000000    13.2822059423      -7.440811528  
1973  5 11.000000    13.2587395843      -7.296727380  
1973  5 21.000000    13.2387503695      -7.171626754  
1973  5 31.000000    13.2228480681      -7.076503202  
1973  6 10.000000    13.2114403377      -7.017369992  
1973  6 20.000000    13.2048272358      -6.992774447  
1973  6 30.000000    13.2033470282      -6.997496324  
1973  7 10.000000    13.2073877662      -7.028419327  
1973  7 20.000000    13.2170777468      -7.086888193  
1973  7 30.000000    13.2322425550      -7.177716001  
1973  8  9.000000    13.2524242690      -7.304196750  
1973  8 19.000000    13.2769542069      -7.463604667  
1973  8 29.000000    13.3052724062      -7.647867057  
1973  9  8.000000    13.3369537228      -7.847222797  
1973  9 18.000000    13.3715923187      -8.055234184  
1973  9 28.000000    13.4087248280      -8.271186827  
1973 10  8.000000    13.4475967992      -8.496706951  
1973 10 18.000000    13.4872307621      -8.731270413  
1973 10 28.000000    13.5266600096      -8.969161663  
1973 11  7.000000    13.5650056738      -9.199917294  
1973 11 17.000000    13.6016363096      -9.413611755  
1973 11 27.000000    13.6360526889      -9.605184781  
1973 12  7.000000    13.6676033561      -9.774863752  
1973 12 17.000000    13.6954976861      -9.925218134  
1973 12 27.000000    13.7188251616     -10.055795659  
1974  1  6.000000    13.7367613491     -10.160903483  
1974  1 16.000000    13.7488944911     -10.232247971  
1974  1 26.000000    13.7551593803     -10.263665310  
1974  2  5.000000    13.7557181178     -10.255647191  
1974  2 15.000000    13.7507991190     -10.214891015  
1974  2 25.000000    13.7405050171     -10.149075486  
1974  3  7.000000    13.7250529924     -10.062734582  
1974  3 17.000000    13.7049995212      -9.955510711  
1974  3 27.000000    13.6812968512      -9.825380077  
1974  4  6.000000    13.6553141669      -9.674893635  
1974  4 16.000000    13.6284437504      -9.513144010  
1974  4 26.000000    13.6018360649      -9.353418502  
1974  5  6.000000    13.5764426438      -9.207866359  
1974  5 16.000000    13.5530334646      -9.082185757  
1974  5 26.000000    13.5324650349      -8.976210624  
1974  6  5.000000    13.5157543538      -8.888519322  
1974  6 15.000000    13.5037974115      -8.820886063  
1974  6 25.000000    13.4972448354      -8.780314365  
1974  7  5.000000    13.4963227905      -8.775059832  
1974  7 15.000000    13.5008529977      -8.809202609  
1974  7 25.000000    13.5105957816      -8.880385625  
1974  8  4.000000    13.5253435349      -8.981003121  
1974  8 14.000000    13.5449795162      -9.103676783  
1974  8 24.000000    13.5694056430      -9.245893603  
1974  9  3.000000    13.5982270136      -9.409387677  
1974  9 13.000000    13.6307640825      -9.596596204  
1974  9 23.000000    13.6661650707      -9.805916337  
1974 10  3.000000    13.7035214882     -10.029632840  
1974 10 13.000000    13.7421557483     -10.257275218  
1974 10 23.000000    13.7815588857     -10.480398163  
1974 11  2.000000    13.8211713037     -10.695850763  
1974 11 12.000000    13.8602984837     -10.905052761  
1974 11 22.000000    13.8979563893     -11.108925170  
1974 12  2.000000    13.9330356794     -11.304007481  
1974 12 12.000000    13.9646180331     -11.481963157  
1974 12 22.000000    13.9920299927     -11.632787599  
1975  1  1.000000    14.0148956107     -11.750586420  
1975  1 11.000000    14.0329365959     -11.835808543  
1975  1 21.000000    14.0456971067     -11.892734265  
1975  1 31.000000    14.0526695617     -11.925036007  
1975  2 10.000000    14.0534467372     -11.931604413  
1975  2 20.000000    14.0479669894     -11.907139510  
1975  3  2.000000    14.0367503972     -11.847458673  
1975  3 12.000000    14.0206453557     -11.753924070  
1975  3 22.000000    14.0005817317     -11.634965215  
1975  4  1.000000    13.9774278047     -11.502356236  
1975  4 11.000000    13.9518886243     -11.364963977  
1975  4 21.000000    13.9248286925     -11.226277958  
1975  5  1.000000    13.8974281072     -11.086000572  
1975  5 11.000000    13.8710620850     -10.945050401  
1975  5 21.000000    13.8471646565     -10.810245931  
1975  5 31.000000    13.8268262025     -10.692895009  
1975  6 10.000000    13.8106673382     -10.603778251  
1975  6 20.000000    13.7990625213     -10.548466364  
1975  6 30.000000    13.7922534504     -10.525196666  
1975  7 10.000000    13.7905873174     -10.528790241  
1975  7 20.000000    13.7944982386     -10.556263512  
1975  7 30.000000    13.8041748489     -10.609323129  
1975  8  9.000000    13.8194960690     -10.693034855  
1975  8 19.000000    13.8399798292     -10.810610597  
1975  8 29.000000    13.8649039964     -10.959309938  
1975  9  8.000000    13.8936702425     -11.131049337  
1975  9 18.000000    13.9258320360     -11.316205388  
1975  9 28.000000    13.9610232039     -11.508800597  
1975 10  8.000000    13.9988194206     -11.708426817  
1975 10 18.000000    14.0384536957     -11.916954491  
1975 10 28.000000    14.0789115754     -12.134045892  
1975 11  7.000000    14.1191445430     -12.354034888  
1975 11 17.000000    14.1582066459     -12.566749300  
1975 11 27.000000    14.1954664667     -12.762755845  
1975 12  7.000000    14.2304392183     -12.937480002  
1975 12 17.000000    14.2625008158     -13.091734418  
1975 12 27.000000    14.2908648020     -13.228502727  
1976  1  6.000000    14.3145599866     -13.347603334  
1976  1 16.000000    14.3327134118     -13.443680731  
1976  1 26.000000    14.3448899799     -13.508687343  
1976  2  5.000000    14.3510399363     -13.536768249  
1976  2 15.000000    14.3514034529     -13.528694089  
1976  2 25.000000    14.3462581849     -13.491150048  
1976  3  6.000000    14.3357115941     -13.431651530  
1976  3 16.000000    14.3199642666     -13.354306114  
1976  3 26.000000    14.2995206551     -13.258127671  
1976  4  5.000000    14.2753335595     -13.140570559  
1976  4 15.000000    14.2488304719     -13.003596440  
1976  4 25.000000    14.2214572079     -12.855754063  
1976  5  5.000000    14.1944178968     -12.709793033  
1976  5 15.000000    14.1686535779     -12.577106568  
1976  5 25.000000    14.1448758734     -12.462712895  
1976  6  4.000000    14.1239212878     -12.365932499  
1976  6 14.000000    14.1068123216     -12.284974226  
1976  6 24.000000    14.0945032471     -12.221621968  
1976  7  4.000000    14.0877264524     -12.182918923  
1976  7 14.000000    14.0867226822     -12.177067521  
1976  7 24.000000    14.0912964059     -12.208109162  
1976  8  3.000000    14.1011668804     -12.273549822  
1976  8 13.000000    14.1160871353     -12.365816807  
1976  8 23.000000    14.1359717999     -12.477827722  
1976  9  2.000000    14.1607705150     -12.607333023  
1976  9 12.000000    14.1901183361     -12.756368235  
1976  9 22.000000    14.2233409658     -12.927569753  
1976 10  2.000000    14.2595210003     -13.119345014  
1976 10 12.000000    14.2976807833     -13.324168222  
1976 10 22.000000    14.3371111531     -13.531834195  
1976 11  1.000000    14.3772911137     -13.734276188  
1976 11 11.000000    14.4176930487     -13.928859300  
1976 11 21.000000    14.4576340250     -14.117404477  
1976 12  1.000000    14.4960837298     -14.301198580  
1976 12 11.000000    14.5318784162     -14.477204193  
1976 12 21.000000    14.5640309171     -14.637481798  
1976 12 31.000000    14.5918352339     -14.772560323  
1977  1 10.000000    14.6149560592     -14.877096066  
1977  1 20.000000    14.6331501227     -14.951978174  
1977  1 30.000000    14.6459904634     -15.001870305  
1977  2  9.000000    14.6529701901     -15.030640857  
1977  2 19.000000    14.6536284877     -15.037228052  
1977  3  1.000000    14.6478845701     -15.016306621  
1977  3 11.000000    14.6362799841     -14.963477884  
1977  3 21.000000    14.6197097537     -14.879799041  
1977  3 31.000000    14.5991851467     -14.773269868  
1977  4 10.000000    14.5755986060     -14.654998303  
1977  4 20.000000    14.5496285043     -14.533128203  
1977  4 30.000000    14.5221106328     -14.410318508  
1977  5 10.000000    14.4941901636     -14.285451942  
1977  5 20.000000    14.4672743202     -14.158840824  
1977  5 30.000000    14.4428734491     -14.036766950  
1977  6  9.000000    14.4221219114     -13.930098760  
1977  6 19.000000    14.4056650223     -13.849276470  
1977  6 29.000000    14.3938467256     -13.799455522  
1977  7  9.000000    14.3868595925     -13.778650448  
1977  7 19.000000    14.3850617856     -13.781634580  
1977  7 29.000000    14.3889213978     -13.805483103  
1977  8  8.000000    14.3986874279     -13.852123186  
1977  8 18.000000    14.4142882011     -13.926786746  
1977  8 28.000000    14.4352138737     -14.032735918  
1977  9  7.000000    14.4606952938     -14.167352176  
1977  9 17.000000    14.4900885438     -14.322696564  
1977  9 27.000000    14.5229167838     -14.489391650  
1977 10  7.000000    14.5588469705     -14.661849197  
1977 10 17.000000    14.5974785414     -14.839977411  
1977 10 27.000000    14.6380314549     -15.025971351  
1977 11  6.000000    14.6794557249     -15.219828322  
1977 11 16.000000    14.7206177879     -15.416230275  
1977 11 26.000000    14.7605091063     -15.605492715  
1977 12  6.000000    14.7984910075     -15.778733179  
1977 12 16.000000    14.8340842975     -15.931905637  
1977 12 26.000000    14.8666960118     -16.066383826  
1978  1  5.000000    14.8955426429     -16.185650867  
1978  1 15.000000    14.9196014734     -16.290023047  
1978  1 25.000000    14.9379632423     -16.374626958  
1978  2  4.000000    14.9501659308     -16.431792782  
1978  2 14.000000    14.9561758750     -16.455929084  
1978  2 24.000000    14.9563074612     -16.447899940  
1978  3  6.000000    14.9508813235     -16.414300338  
1978  3 16.000000    14.9400204226     -16.362438241  
1978  3 26.000000    14.9239141749     -16.296029833  
1978  4  5.000000    14.9030172031     -16.213540263  
1978  4 15.000000    14.8782875323     -16.111762630  
1978  4 25.000000    14.8511995712     -15.991859558  
1978  5  5.000000    14.8232512166     -15.861567746  
1978  5 15.000000    14.7957062121     -15.732857726  
1978  5 25.000000    14.7694989246     -15.616332961  
1978  6  4.000000    14.7452986701     -15.516332549  
1978  6 14.000000    14.7239270870     -15.431618736  
1978  6 24.000000    14.7064079084     -15.359928750  
1978  7  4.000000    14.6937571922     -15.302811325  
1978  7 14.000000    14.6867818229     -15.267144083  
1978  7 24.000000    14.6857397554     -15.261027657  
1978  8  3.000000    14.6904289915     -15.288491511  
1978  8 13.000000    14.7005243043     -15.347056643  
1978  8 23.000000    14.7157403081     -15.429266045  
1978  9  2.000000    14.7360164628     -15.528272917  
1978  9 12.000000    14.7613335206     -15.642042382  
1978  9 22.000000    14.7913541800     -15.772855541  
1978 10  2.000000    14.8254055684     -15.923610688  
1978 10 12.000000    14.8625011588     -16.092964537  
1978 10 22.000000    14.9015998101     -16.273761903  
1978 11  1.000000    14.9419517489     -16.456233546  
1978 11 11.000000    14.9830145642     -16.632743466  
1978 11 21.000000    15.0242887725     -16.801127326  
1978 12  1.000000    15.0650954368     -16.963691998  
1978 12 11.000000    15.1043645005     -17.122243051  
1978 12 21.000000    15.1408876446     -17.274385553  
1978 12 31.000000    15.1736105316     -17.412832440  
1979  1 10.000000    15.2018007542     -17.528728769  
1979  1 20.000000    15.2251569995     -17.617243460  
1979  1 30.000000    15.2434663427     -17.679653888  
1979  2  9.000000    15.2563386751     -17.720959257  
1979  2 19.000000    15.2632709342     -17.745322553  
1979  3  1.000000    15.2637593031     -17.751863036  
1979  3 11.000000    15.2577112172     -17.735270109  
1979  3 21.000000    15.2456794565     -17.690868963  
1979  3 31.000000    15.2286021766     -17.619206132  
1979  4 10.000000    15.2075668552     -17.527614013  
1979  4 20.000000    15.1834873597     -17.426451348  
1979  4 30.000000    15.1570309117     -17.323102255  
1979  5 10.000000    15.1290090749     -17.219433044  
1979  5 20.000000    15.1005324780     -17.113456289  
1979  5 30.000000    15.0730427855     -17.004649331  
1979  6  9.000000    15.0481162756     -16.898513460  

