v15.04    Планета: Уран  (INPOP13C)
          Спутник: U1 Ариэль  (Lainey V., 2015..)
                            - эфемериды на инт. 1847/01/00.5-2145/01/02.0
   Обсерватория N:  84 - Pulkovo
    Шкала времени: UTC
Средний экватор и равноденствие эпохи J2000.  ICRF. 
Координаты астрометрические 
Год  Месяц День       alpha (h)          delta (º)
1952  2  1.000000     6.8321898607      23.336442297  
1952  2 11.000000     6.8085490195      23.364361920  
1952  2 21.000000     6.7896879386      23.385581217  
1952  3  2.000000     6.7764153131      23.399683898  
1952  3 12.000000     6.7692986310      23.406394222  
1952  3 22.000000     6.7685958903      23.405741415  
1952  4  1.000000     6.7744075218      23.397721734  
1952  4 11.000000     6.7865868786      23.382394450  
1952  4 21.000000     6.8047904353      23.359956719  
1952  5  1.000000     6.8285994371      23.330481849  
1952  5 11.000000     6.8574144824      23.294207660  
1952  5 21.000000     6.8905739699      23.251466247  
1952  5 31.000000     6.9273935608      23.202566610  
1952  6 10.000000     6.9670757137      23.148120470  
1952  6 20.000000     7.0088507683      23.088817289  
1952  6 30.000000     7.0519296939      23.025472869  
1952  7 10.000000     7.0954651524      22.959264078  
1952  7 20.000000     7.1386790429      22.891385006  
1952  7 30.000000     7.1807554557      22.823281028  
1952  8  9.000000     7.2208744307      22.756653781  
1952  8 19.000000     7.2582974735      22.693132019  
1952  8 29.000000     7.2922461816      22.634589401  
1952  9  8.000000     7.3220067327      22.582886643  
1952  9 18.000000     7.3469572250      22.539667831  
1952  9 28.000000     7.3664818943      22.506628592  
1952 10  8.000000     7.3801249654      22.485043547  
1952 10 18.000000     7.3875542313      22.475782656  
1952 10 28.000000     7.3885500438      22.479412859  
1952 11  7.000000     7.3831592331      22.495702088  
1952 11 17.000000     7.3715988252      22.523921280  
1952 11 27.000000     7.3543161441      22.562786591  
1952 12  7.000000     7.3320676575      22.610230161  
1952 12 17.000000     7.3057683323      22.663950575  
1952 12 27.000000     7.2765751761      22.721276777  
1953  1  6.000000     7.2458255902      22.779318321  
1953  1 16.000000     7.2148725214      22.835513009  
1953  1 26.000000     7.1851521267      22.887363959  
1953  2  5.000000     7.1580101032      22.932796045  
1953  2 15.000000     7.1346167199      22.970324193  
1953  2 25.000000     7.1160268768      22.998692993  
1953  3  7.000000     7.1030008543      23.017213239  
1953  3 17.000000     7.0960607341      23.025546711  
1953  3 27.000000     7.0955360556      23.023449784  
1953  4  6.000000     7.1014488098      23.011086944  
1953  4 16.000000     7.1136672485      22.988646624  
1953  4 26.000000     7.1318961255      22.956369742  
1953  5  6.000000     7.1556388827      22.914781048  
1953  5 16.000000     7.1843592553      22.864310366  
1953  5 26.000000     7.2174040925      22.805564634  
1953  6  5.000000     7.2540356923      22.739379361  
1953  6 15.000000     7.2935412283      22.666535021  
1953  6 25.000000     7.3351169511      22.588151947  
1953  7  5.000000     7.3779594483      22.505509276  
1953  7 15.000000     7.4212981527      22.419921942  
1953  7 25.000000     7.4642904807      22.333122971  
1953  8  4.000000     7.5061482767      22.246865945  
1953  8 14.000000     7.5460970689      22.163022787  
1953  8 24.000000     7.5833252662      22.083777077  
1953  9  3.000000     7.6171164194      22.011135648  
1953  9 13.000000     7.6467574763      21.947208601  
1953  9 23.000000     7.6715702347      21.894095501  
1953 10  3.000000     7.6910184473      21.853445796  
1953 10 13.000000     7.7046019801      21.826834815  
1953 10 23.000000     7.7119722883      21.815319197  
1953 11  2.000000     7.7129823215      21.819248547  
1953 11 12.000000     7.7076043644      21.838597747  
1953 11 22.000000     7.6960885042      21.872414617  
1953 12  2.000000     7.6789204860      21.919038980  
1953 12 12.000000     7.6567769242      21.976340224  
1953 12 22.000000     7.6306440335      22.041364351  
1954  1  1.000000     7.6016608065      22.110971696  
1954  1 11.000000     7.5711073657      22.181897029  
1954  1 21.000000     7.5404142614      22.250713527  
1954  1 31.000000     7.5109441290      22.314541981  
1954  2 10.000000     7.4840292025      22.370784821  
1954  2 20.000000     7.4608924666      22.417263074  
1954  3  2.000000     7.4424915398      22.452584349  
1954  3 12.000000     7.4296250567      22.475627084  
1954  3 22.000000     7.4228265941      22.485783727  
1954  4  1.000000     7.4223474819      22.482946136  
1954  4 11.000000     7.4282853023      22.467045014  
1954  4 21.000000     7.4404775990      22.438440719  
1954  5  1.000000     7.4585977186      22.397642576  
1954  5 11.000000     7.4822310941      22.345142716  
1954  5 21.000000     7.5107808986      22.281820025  
1954  5 31.000000     7.5436137615      22.208533648  
1954  6 10.000000     7.5800497539      22.126256853  
1954  6 20.000000     7.6193055089      22.036331736  
1954  6 30.000000     7.6606369407      21.940033053  
1954  7 10.000000     7.7032551987      21.838939787  
1954  7 20.000000     7.7463327398      21.734909176  
1954  7 30.000000     7.7891057295      21.629739678  
1954  8  9.000000     7.8307551361      21.525638221  
1954  8 19.000000     7.8704809383      21.424898797  
1954  8 29.000000     7.9075458628      21.329754883  
1954  9  8.000000     7.9411685074      21.242769125  
1954  9 18.000000     7.9706521731      21.166277038  
1954  9 28.000000     7.9953664763      21.102473590  
1954 10  8.000000     8.0146991105      21.053545678  
1954 10 18.000000     8.0282068597      21.021029740  
1954 10 28.000000     8.0355468090      21.006130352  
1954 11  7.000000     8.0365122764      21.009500631  
1954 11 17.000000     8.0311572273      21.030795642  
1954 11 27.000000     8.0196905378      21.069159350  
1954 12  7.000000     8.0025780689      21.122795881  
1954 12 17.000000     7.9805723584      21.189006633  
1954 12 27.000000     7.9545804635      21.264762370  
1955  1  6.000000     7.9257684495      21.346300261  
1955  1 16.000000     7.8954502490      21.429704130  
1955  1 26.000000     7.8649651702      21.511280827  
1955  2  5.000000     7.8357373920      21.587285566  
1955  2 15.000000     7.8090745665      21.654644687  
1955  2 25.000000     7.7861334995      21.710853127  
1955  3  7.000000     7.7679448690      21.753792272  
1955  3 17.000000     7.7552378874      21.782231568  
1955  3 27.000000     7.7485343372      21.795316722  
1955  4  6.000000     7.7481437558      21.792598901  
1955  4 16.000000     7.7540811948      21.774254427  
1955  4 26.000000     7.7662284492      21.740506580  
1955  5  6.000000     7.7842820100      21.691941370  
1955  5 16.000000     7.8077604449      21.629462740  
1955  5 26.000000     7.8361450719      21.553907194  
1955  6  5.000000     7.8687826825      21.466523897  
1955  6 15.000000     7.9049616205      21.368682981  
1955  6 25.000000     7.9439804182      21.261770776  
1955  7  5.000000     7.9850399431      21.147650791  
1955  7 15.000000     8.0273628724      21.028171470  
1955  7 25.000000     8.0701806792      20.905360094  
1955  8  4.000000     8.1126583654      20.781666545  
1955  8 14.000000     8.1540270212      20.659429268  
1955  8 24.000000     8.1935063456      20.541267644  
1955  9  3.000000     8.2302959068      20.430003120  
1955  9 13.000000     8.2636889693      20.328224237  
1955  9 23.000000     8.2929642850      20.238737761  
1955 10  3.000000     8.3174596877      20.164122093  
1955 10 13.000000     8.3366400428      20.106524064  
1955 10 23.000000     8.3500022320      20.067988689  
1955 11  2.000000     8.3572173858      20.049764242  
1955 11 12.000000     8.3581347716      20.052417304  
1955 11 22.000000     8.3527332529      20.075932767  
1955 12  2.000000     8.3412807022      20.119073948  
1955 12 12.000000     8.3242542599      20.179882938  
1955 12 22.000000     8.3023416902      20.255588538  
1956  1  1.000000     8.2765307399      20.342396993  
1956  1 11.000000     8.2479410953      20.436305764  
1956  1 21.000000     8.2178544134      20.532869049  
1956  1 31.000000     8.1876765428      20.627519902  
1956  2 10.000000     8.1587399215      20.716257998  
1956  2 20.000000     8.1323652057      20.795257373  
1956  3  1.000000     8.1097346759      20.861393177  
1956  3 11.000000     8.0917814944      20.912398922  
1956  3 21.000000     8.0792908796      20.946398713  
1956  3 31.000000     8.0727636075      20.962409318  
1956  4 10.000000     8.0724484827      20.959982046  
1956  4 20.000000     8.0784371769      20.938960751  
1956  4 30.000000     8.0905557359      20.899882327  
1956  5 10.000000     8.1084951169      20.843414396  
1956  5 20.000000     8.1318407104      20.770467320  
1956  5 30.000000     8.1600030430      20.682435137  
1956  6  9.000000     8.1923737841      20.580648969  
1956  6 19.000000     8.2282741860      20.466773723  
1956  6 29.000000     8.2669402039      20.342790207  
1956  7  9.000000     8.3076483654      20.210609942  
1956  7 19.000000     8.3496111408      20.072595748  
1956  7 29.000000     8.3920248771      19.931248376  
1956  8  8.000000     8.4341365993      19.789084275  
1956  8 18.000000     8.4751290660      19.649079891  
1956  8 28.000000     8.5142263698      19.514135258  
1956  9  7.000000     8.5506922273      19.387218161  
1956  9 17.000000     8.5837505774      19.271557782  
1956  9 27.000000     8.6127254449      19.170010887  
1956 10  7.000000     8.6369820323      19.085416811  
1956 10 17.000000     8.6559201734      19.020397114  
1956 10 27.000000     8.6691122823      18.976832846  
1956 11  6.000000     8.6762118571      18.956279631  
1956 11 16.000000     8.6770327480      18.959428296  
1956 11 26.000000     8.6716367576      18.985901610  
1956 12  6.000000     8.6602323485      19.034657893  
1956 12 16.000000     8.6433056831      19.103369232  
1956 12 26.000000     8.6216006752      19.188767366  
1957  1  5.000000     8.5960195151      19.286986223  
1957  1 15.000000     8.5677291077      19.393210725  
1957  1 25.000000     8.5380102928      19.502506281  
1957  2  4.000000     8.5081846184      19.609943545  
1957  2 14.000000     8.4796490375      19.710586852  
1957  2 24.000000     8.4536629791      19.800323062  
1957  3  6.000000     8.4313617980      19.875550501  
1957  3 16.000000     8.4137372234      19.933352712  
1957  3 26.000000     8.4014828424      19.971892897  
1957  4  5.000000     8.3951124623      19.989789458  
1957  4 15.000000     8.3949084382      19.986450135  
1957  4 25.000000     8.4008794996      19.962003470  
1957  5  5.000000     8.4129164457      19.916773996  
1957  5 15.000000     8.4307071509      19.851733542  
1957  5 25.000000     8.4537896197      19.768154877  
1957  6  4.000000     8.4816610134      19.667405344  
1957  6 14.000000     8.5136742359      19.551388967  
1957  6 24.000000     8.5491497394      19.422044980  
1957  7  4.000000     8.5873989643      19.281498333  
1957  7 14.000000     8.6276378930      19.132314619  
1957  7 24.000000     8.6691212087      18.976985090  
1957  8  3.000000     8.7110865632      18.818318776  
1957  8 13.000000     8.7527187435      18.659420814  
1957  8 23.000000     8.7932726275      18.503275232  
1957  9  2.000000     8.8319686917      18.353231664  
1957  9 12.000000     8.8680285884      18.212663141  
1957  9 22.000000     8.9007574053      18.084755939  
1957 10  2.000000     8.9294341649      17.972899189  
1957 10 12.000000     8.9534194187      17.880060679  
1957 10 22.000000     8.9721802084      17.808839668  
1957 11  1.000000     8.9852186461      17.761577913  
1957 11 11.000000     8.9922284060      17.739636519  
1957 11 21.000000     8.9930546422      17.743698476  
1957 12  1.000000     8.9876882179      17.773578801  
1957 12 11.000000     8.9764112737      17.827723877  
1957 12 21.000000     8.9596888654      17.903771665  
1957 12 31.000000     8.9382171320      17.998210243  
1958  1 10.000000     8.9129735556      18.106468882  
1958  1 20.000000     8.8850496037      18.223618891  
1958  1 30.000000     8.8557159118      18.344088368  
1958  2  9.000000     8.8263349424      18.462296387  
1958  2 19.000000     8.7981982216      18.573151886  
1958  3  1.000000     8.7725974698      18.671779941  
1958  3 11.000000     8.7506594035      18.754257528  
1958  3 21.000000     8.7332878383      18.817542600  
1958  3 31.000000     8.7212422580      18.859233417  
1958  4 10.000000     8.7149887543      18.878062135  
1958  4 20.000000     8.7147764259      18.873370162  
1958  4 30.000000     8.7206884041      18.845090831  
1958  5 10.000000     8.7325484008      18.793972293  
1958  5 20.000000     8.7500730309      18.720956895  
1958  5 30.000000     8.7728526215      18.627469208  
1958  6  9.000000     8.8003197224      18.515390318  
1958  6 19.000000     8.8318997485      18.386595691  
1958  6 29.000000     8.8669242520      18.243432334  
1958  7  9.000000     8.9046616727      18.088441909  
1958  7 19.000000     8.9444159274      17.924186466  
1958  7 29.000000     8.9854098287      17.753699790  
1958  8  8.000000     9.0268729384      17.580034089  
1958  8 18.000000     9.0680659304      17.406354515  
1958  8 28.000000     9.1081816490      17.236219463  
1958  9  7.000000     9.1464712081      17.073030941  
1958  9 17.000000     9.1821986572      16.920342808  
1958  9 27.000000     9.2145995137      16.781827305  
1958 10  7.000000     9.2430156005      16.660768849  
1958 10 17.000000     9.2668059022      16.560437784  
1958 10 27.000000     9.2853861570      16.483705581  
1958 11  6.000000     9.2983375927      16.432700678  
1958 11 16.000000     9.3053088651      16.409124122  
1958 11 26.000000     9.3061336437      16.413600284  
1958 12  6.000000     9.3008718055      16.445677918  
1958 12 16.000000     9.2897296147      16.504024117  
1958 12 26.000000     9.2732058243      16.585834086  
1959  1  5.000000     9.2520238544      16.687338128  
1959  1 15.000000     9.2270755785      16.803911441  
1959  1 25.000000     9.1995150335      16.929914054  
1959  2  4.000000     9.1705773045      17.059576474  
1959  2 14.000000     9.1415591154      17.186984468  
1959  2 24.000000     9.1138160720      17.306333414  
1959  3  6.000000     9.0885544239      17.412682817  
1959  3 16.000000     9.0668850978      17.501636453  
1959  3 26.000000     9.0497557548      17.569738019  
1959  4  5.000000     9.0378314272      17.614666618  
1959  4 15.000000     9.0316217928      17.634738898  
1959  4 25.000000     9.0313872574      17.629297418  
1959  5  5.000000     9.0371454897      17.598449691  
1959  5 15.000000     9.0488030055      17.542696709  
1959  5 25.000000     9.0660510673      17.463320673  
1959  6  4.000000     9.0884615509      17.361899937  
1959  6 14.000000     9.1155525319      17.240270524  
1959  6 24.000000     9.1466955167      17.100811846  
1959  7  4.000000     9.1812502117      16.945928819  
1959  7 14.000000     9.2185424025      16.778319469  
1959  7 24.000000     9.2578116580      16.601053027  
1959  8  3.000000     9.2983442629      16.417133712  
1959  8 13.000000     9.3393818656      16.229938685  
1959  8 23.000000     9.3801326483      16.043037503  
1959  9  2.000000     9.4198686260      15.859927143  
1959  9 12.000000     9.4578075436      15.684460795  
1959  9 22.000000     9.4931920169      15.520417510  
1959 10  2.000000     9.5253301236      15.371459736  
1959 10 12.000000     9.5534985752      15.241359806  
1959 10 22.000000     9.5770770245      15.133402306  
1959 11  1.000000     9.5955262551      15.050529237  
1959 11 11.000000     9.6083539819      14.995270980  
1959 11 21.000000     9.6152699593      14.969116776  
1959 12  1.000000     9.6161101355      14.972833201  
1959 12 11.000000     9.6108787592      15.006116413  
1959 12 21.000000     9.5998634606      15.067239427  
1959 12 31.000000     9.5835156595      15.153530209  
1960  1 10.000000     9.5625389594      15.260987542  
1960  1 20.000000     9.5378905671      15.384508630  
1960  1 30.000000     9.5106353741      15.518479524  
1960  2  9.000000     9.4820294754      15.656559948  
1960  2 19.000000     9.4533858189      15.792431827  
1960  2 29.000000     9.4259615434      15.920169720  
1960  3 10.000000     9.4010176959      16.034145535  
1960  3 20.000000     9.3796279697      16.129786773  
1960  3 30.000000     9.3626770978      16.203415383  
1960  4  9.000000     9.3509014103      16.252199089  
1960  4 19.000000     9.3447413778      16.274553891  
1960  4 29.000000     9.3444568011      16.269601982  
1960  5  9.000000     9.3501258184      16.237264923  
1960  5 19.000000     9.3615811755      16.178342518  
1960  5 29.000000     9.3785690971      16.093938977  
1960  6  8.000000     9.4006867658      15.985773797  
1960  6 18.000000     9.4273963466      15.856026019  
1960  6 28.000000     9.4581529691      15.706972074  
1960  7  8.000000     9.4922979499      15.541395025  
1960  7 18.000000     9.5291341855      15.362264105  
1960  7 28.000000     9.5679832334      15.172637075  
1960  8  7.000000     9.6080772915      14.976024567  
1960  8 17.000000     9.6486749089      14.775942383  
1960  8 27.000000     9.6890395939      14.576079541  
1960  9  6.000000     9.7283739311      14.380453146  
1960  9 16.000000     9.7659484757      14.192928576  
1960  9 26.000000     9.8010200127      14.017553022  
1960 10  6.000000     9.8328367771      13.858403760  
1960 10 16.000000     9.8607510424      13.719173096  
1960 10 26.000000     9.8841129959      13.603520683  
1960 11  5.000000     9.9023569602      13.514601253  
1960 11 15.000000     9.9150674092      13.454813844  
1960 11 25.000000     9.9218916525      13.426036396  
1960 12  5.000000     9.9226856293      13.428956691  
1960 12 15.000000     9.9175047015      13.463130935  
1960 12 25.000000     9.9065602412      13.527067543  
1961  1  4.000000     9.8903635673      13.617703835  
1961  1 14.000000     9.8696173801      13.730906841  
1961  1 24.000000     9.8452114081      13.861524355  
1961  2  3.000000     9.8182832079      14.003323312  
1961  2 13.000000     9.7900265762      14.149855883  
1961  2 23.000000     9.7617192006      14.294433778  
1961  3  5.000000     9.7346722641      14.430508917  
1961  3 15.000000     9.7100475233      14.552383968  
1961  3 25.000000     9.6889336545      14.654950572  
1961  4  4.000000     9.6722335291      14.734162963  
1961  4 14.000000     9.6605930513      14.787189261  
1961  4 24.000000     9.6545153919      14.811970707  
1961  5  4.000000     9.6542395816      14.807633739  
1961  5 14.000000     9.6597979616      14.774161851  
1961  5 24.000000     9.6711058900      14.712089126  
1961  6  3.000000     9.6878583331      14.622835643  
1961  6 13.000000     9.7096610822      14.508193695  
1961  6 23.000000     9.7360444803      14.370329556  
1961  7  3.000000     9.7663988888      14.211984710  
1961  7 13.000000     9.8001190120      14.035979335  
1961  7 23.000000     9.8365374678      13.845486797  
1961  8  2.000000     9.8749188279      13.644038179  
1961  8 12.000000     9.9145732944      13.435129907  
1961  8 22.000000     9.9547436071      13.222659685  
1961  9  1.000000     9.9946627198      13.010680054  
1961  9 11.000000    10.0336122908      12.803184196  
1961  9 21.000000    10.0708097914      12.604516738  
1961 10  1.000000    10.1055195267      12.418906077  
1961 10 11.000000    10.1370476050      12.250446148  
1961 10 21.000000    10.1646756901      12.103311544  
1961 10 31.000000    10.1878016577      11.981123988  
1961 11 10.000000    10.2058796964      11.887132744  
1961 11 20.000000    10.2184327228      11.824086527  
1961 11 30.000000    10.2251846390      11.793616478  
1961 12 10.000000    10.2259657863      11.796561069  
1961 12 20.000000    10.2208022154      11.832551669  
1961 12 30.000000    10.2099838278      11.899707030  
1962  1  9.000000    10.1939538118      11.995094771  
1962  1 19.000000    10.1734270523      12.114304832  
1962  1 29.000000    10.1493364600      12.251750421  
1962  2  8.000000    10.1227265165      12.401223010  
1962  2 18.000000    10.0948363714      12.555689621  
1962  2 28.000000    10.0669273172      12.708127969  
1962  3 10.000000    10.0402271506      12.851867308  
1962  3 20.000000    10.0159596454      12.980548887  
1962  3 30.000000     9.9951466008      13.088952344  
1962  4  9.000000     9.9786557904      13.172823240  
1962  4 19.000000     9.9671921842      13.228858245  
1962  4 29.000000     9.9611745970      13.255154274  
1962  5  9.000000     9.9608701685      13.250624585  
1962  5 19.000000     9.9663457146      13.215131018  
1962  5 29.000000     9.9774471889      13.149536072  
1962  6  8.000000     9.9939439315      13.055102570  
1962  6 18.000000    10.0154378287      12.933829376  
1962  6 28.000000    10.0414248532      12.788228923  
1962  7  8.000000    10.0713834032      12.620959076  
1962  7 18.000000    10.1046671874      12.435264320  
1962  7 28.000000    10.1406166367      12.234560205  
1962  8  7.000000    10.1785662494      12.022380330  
1962  8 17.000000    10.2177636081      11.802741291  
1962  8 27.000000    10.2574967908      11.579621302  
1962  9  6.000000    10.2970300099      11.357186063  
1962  9 16.000000    10.3355824709      11.139917309  
1962  9 26.000000    10.3724414261      10.932089961  
1962 10  6.000000    10.4068566548      10.738163085  
1962 10 16.000000    10.4380946762      10.562578443  
1962 10 26.000000    10.4655126611      10.409326091  
1962 11  5.000000    10.4884557391      10.282359114  
1962 11 15.000000    10.5063788169      10.185023330  
1962 11 25.000000    10.5188646690      10.119846114  
1962 12  5.000000    10.5255651741      10.088790883  
1962 12 15.000000    10.5263561468      10.092494260  
1962 12 25.000000    10.5212857055      10.130405449  
1963  1  4.000000    10.5105761907      10.200844921  
1963  1 14.000000    10.4947444669      10.300413325  
1963  1 24.000000    10.4744726487      10.424621133  
1963  2  3.000000    10.4506511226      10.567835228  
1963  2 13.000000    10.4243916543      10.723254542  
1963  2 23.000000    10.3968490003      10.883876250  
1963  3  5.000000    10.3692810096      11.042370810  
1963  3 15.000000    10.3429466051      11.191566851  
1963  3 25.000000    10.3189677645      11.325209519  
1963  4  4.000000    10.2984076708      11.437633854  
1963  4 14.000000    10.2821215739      11.524365313  
1963  4 24.000000    10.2707425349      11.582240400  
1963  5  4.000000    10.2647626404      11.608939957  
1963  5 14.000000    10.2644031777      11.603512505  
1963  5 24.000000    10.2697161867      11.565934597  
1963  6  3.000000    10.2806229559      11.496821261  
1963  6 13.000000    10.2968306306      11.397827408  
1963  6 23.000000    10.3179811833      11.270989593  
1963  7  3.000000    10.3436173821      11.118785159  
1963  7 13.000000    10.3731585530      10.944356213  
1963  7 23.000000    10.4060324840      10.750873639  
1963  8  2.000000    10.4415817386      10.541935092  
1963  8 12.000000    10.4791031130      10.321491992  
1963  8 22.000000    10.5179255300      10.093411777  
1963  9  1.000000    10.5572961598       9.862021785  
1963  9 11.000000    10.5964746506       9.631734757  
1963  9 21.000000    10.6347442160       9.406876236  
1963 10  1.000000    10.6713241434       9.192159605  
1963 10 11.000000    10.7054962602       8.992065732  
1963 10 21.000000    10.7365563190       8.810953346  
1963 10 31.000000    10.7637919427       8.653238386  
1963 11 10.000000    10.7866107802       8.522656469  
1963 11 20.000000    10.8044553011       8.422601254  
1963 11 30.000000    10.8168638898       8.355878419  
1963 12 10.000000    10.8235650860       8.324062756  
1963 12 20.000000    10.8243839786       8.327974640  
1963 12 30.000000    10.8193675044       8.367091039  
1964  1  9.000000    10.8088003961       8.439304359  
1964  1 19.000000    10.7931227102       8.541488533  
1964  1 29.000000    10.7730566357       8.668875821  
1964  2  8.000000    10.7495080012       8.815533661  
1964  2 18.000000    10.7235070950       8.974895610  
1964  2 28.000000    10.6962705308       9.139456811  
1964  3  9.000000    10.6690112191       9.301808998  
1964  3 19.000000    10.6429340842       9.454851336  
1964  3 29.000000    10.6192218586       9.591774148  
1964  4  8.000000    10.5988542484       9.707054305  
1964  4 18.000000    10.5826877945       9.796077509  
1964  4 28.000000    10.5713966950       9.855285730  
1964  5  8.000000    10.5653911311       9.882660996  
1964  5 18.000000    10.5649490295       9.876974246  
1964  5 28.000000    10.5701303963       9.838104219  
1964  6  7.000000    10.5808059828       9.767007478  
1964  6 17.000000    10.5967675167       9.665027367  
1964  6 27.000000    10.6176275722       9.534398923  
1964  7  7.000000    10.6429213936       9.377855554  
1964  7 17.000000    10.6721456526       9.198283166  
1964  7 27.000000    10.7046712371       8.999272385  
1964  8  6.000000    10.7398732289       8.784491848  
1964  8 16.000000    10.7770923747       8.557774221  
1964  8 26.000000    10.8155927321       8.323482022  
1964  9  5.000000    10.8546819355       8.085818781  
1964  9 15.000000    10.8936184369       7.849261419  
1964  9 25.000000    10.9316352966       7.618569003  
1964 10  5.000000    10.9680225180       7.398186889  
1964 10 15.000000    11.0020192175       7.192856931  
1964 10 25.000000    11.0329045963       7.007171427  
1964 11  4.000000    11.0600279523       6.845231902  
1964 11 14.000000    11.0827293841       6.711171819  
1964 11 24.000000    11.1004784320       6.608347594  
1964 12  4.000000    11.1128484673       6.539322107  
1964 12 14.000000    11.1195002539       6.506100038  
1964 12 24.000000    11.1203243137       6.509201471  
1965  1  3.000000    11.1153612809       6.548046048  
1965  1 13.000000    11.1048507250       6.620843736  
1965  1 23.000000    11.0893109902       6.723998781  
1965  2  2.000000    11.0694098554       6.852931767  
1965  2 12.000000    11.0460431919       7.001770072  
1965  2 22.000000    11.0202957813       7.163475401  
1965  3  4.000000    10.9932943250       7.330880990  
1965  3 14.000000    10.9662797989       7.496309238  
1965  3 24.000000    10.9404637133       7.652327327  
1965  4  3.000000    10.9169417919       7.792434727  
1965  4 13.000000    10.8967534199       7.910581491  
1965  4 23.000000    10.8807173196       8.002086707  
1965  5  3.000000    10.8694647131       8.063534439  
1965  5 13.000000    10.8634770653       8.092351178  
1965  5 23.000000    10.8629697298       8.087520096  
1965  6  2.000000    10.8680185168       8.048877068  
1965  6 12.000000    10.8785481141       7.977003246  
1965  6 22.000000    10.8942851934       7.873649519  
1965  7  2.000000    10.9149029448       7.740855720  
1965  7 12.000000    10.9399518284       7.581276724  
1965  7 22.000000    10.9688806435       7.398239774  
1965  8  1.000000    11.0011387286       7.195043944  
1965  8 11.000000    11.0360734351       6.975580294  
1965  8 21.000000    11.0730083563       6.744000710  
1965  8 31.000000    11.1112771471       6.504368337  
1965  9 10.000000    11.1501280082       6.261336568  
1965  9 20.000000    11.1888382260       6.019480199  
1965  9 30.000000    11.2266815088       5.783349765  
1965 10 10.000000    11.2628781585       5.557936397  
1965 10 20.000000    11.2967177574       5.347816624  
1965 10 30.000000    11.3274812697       5.157563194  
1965 11  9.000000    11.3544632097       4.991746690  
1965 11 19.000000    11.3770732985       4.854136067  
1965 11 29.000000    11.3947451412       4.748289723  
1965 12  9.000000    11.4070343772       4.677023500  
1965 12 19.000000    11.4136699667       4.641907471  
1965 12 29.000000    11.4144801396       4.643859040  
1966  1  8.000000    11.4095333387       4.682243216  
1966  1 18.000000    11.3991091361       4.754954438  
1966  1 28.000000    11.3836545839       4.858867653  
1966  2  7.000000    11.3638985344       4.989046119  
1966  2 17.000000    11.3407246502       5.139546989  
1966  2 27.000000    11.3151593683       5.303673237  
1966  3  9.000000    11.2883964112       5.473683443  
1966  3 19.000000    11.2616112364       5.642071141  
1966  3 29.000000    11.2359943746       5.801421988  
1966  4  8.000000    11.2126894552       5.944631712  
1966  4 18.000000    11.1926473429       6.065968894  
1966  4 28.000000    11.1767167836       6.160419015  
1966  5  8.000000    11.1655443442       6.224183861  
1966  5 18.000000    11.1595400732       6.255033157  
1966  5 28.000000    11.1589887917       6.251438001  
1966  6  7.000000    11.1639456497       6.213222294  
1966  6 17.000000    11.1743061242       6.141233699  
1966  6 27.000000    11.1898749083       6.036740484  
1966  7  7.000000    11.2102759150       5.902127238  
1966  7 17.000000    11.2350764787       5.740138290  
1966  7 27.000000    11.2637815277       5.553810277  
1966  8  6.000000    11.2957789745       5.346985311  
1966  8 16.000000    11.3304682530       5.123435095  
1966  8 26.000000    11.3671891277       4.887279175  
1966  9  5.000000    11.4052219812       4.643136172  
1966  9 15.000000    11.4438836569       4.395362464  
1966  9 25.000000    11.4824248873       4.148765257  
1966 10  5.000000    11.5200918337       3.908278796  
1966 10 15.000000    11.5561695259       3.678518312  
1966 10 25.000000    11.5898889490       3.464498432  
1966 11  4.000000    11.6205402802       3.270872022  
1966 11 14.000000    11.6474610708       3.101891931  
1966 11 24.000000    11.6699914941       2.961852196  
1966 12  4.000000    11.6876123956       2.854060376  
1966 12 14.000000    11.6998882376       2.781205185  
1966 12 24.000000    11.7064928236       2.745314600  
1967  1  3.000000    11.7073267880       2.746811438  
1967  1 13.000000    11.7024274084       2.785221065  
1967  1 23.000000    11.6920529690       2.858658903  
1967  2  2.000000    11.6767197830       2.963460951  
1967  2 12.000000    11.6570890909       3.095100873  
1967  2 22.000000    11.6340626087       3.247513476  
1967  3  4.000000    11.6086992227       3.413598508  
1967  3 14.000000    11.5821088601       3.586095772  
1967  3 24.000000    11.5555162046       3.757022337  
1967  4  3.000000    11.5300924092       3.918825848  
1967  4 13.000000    11.5069171710       4.064716345  
1967  4 23.000000    11.4870059853       4.188305025  
1967  5  3.000000    11.4711495171       4.284746784  
1967  5 13.000000    11.4599808994       4.350270795  
1967  5 23.000000    11.4539681678       4.382083001  
1967  6  2.000000    11.4533266471       4.379079775  
1967  6 12.000000    11.4581520944       4.340856161  
1967  6 22.000000    11.4683695067       4.268013892  
1967  7  2.000000    11.4837273697       4.162344783  
1967  7 12.000000    11.5039228586       4.025851030  
1967  7 22.000000    11.5285134333       3.861417942  
1967  8  1.000000    11.5569766292       3.672492187  
1967  8 11.000000    11.5887763790       3.462514684  
1967  8 21.000000    11.6232669818       3.235702647  
1967  8 31.000000    11.6597954774       2.996336175  
1967  9 10.000000    11.6976952825       2.748731539  
1967  9 20.000000    11.7362186891       2.497837122  
1967  9 30.000000    11.7746544883       2.248314445  
1967 10 10.000000    11.8122638511       2.004992319  
1967 10 20.000000    11.8482693568       1.773021618  
1967 10 30.000000    11.8819603199       1.557017558  
1967 11  9.000000    11.9126016770       1.361765053  
1967 11 19.000000    11.9394934310       1.191828297  
1967 11 29.000000    11.9620389377       1.050965448  
1967 12  9.000000    11.9796636081       0.942834560  
1967 12 19.000000    11.9919360630       0.870097212  
1967 12 29.000000    11.9985793502       0.834308517  
1968  1  8.000000    11.9994266889       0.836373880  
1968  1 18.000000    11.9945630518       0.875460472  
1968  1 28.000000    11.9842609593       0.949495898  
1968  2  7.000000    11.9689778495       1.055272936  
1968  2 17.000000    11.9494462674       1.187702437  
1968  2 27.000000    11.9265329117       1.340912558  
1968  3  8.000000    11.9012649296       1.508040799  
1968  3 18.000000    11.8748151916       1.681252445  
1968  3 28.000000    11.8483331130       1.853047969  
1968  4  7.000000    11.8229993481       2.015744086  
1968  4 17.000000    11.7999246014       2.162170302  
1968  4 27.000000    11.7800430501       2.286470245  
1968  5  7.000000    11.7641973438       2.383342525  
1968  5 17.000000    11.7530134162       2.448965429  
1968  5 27.000000    11.7469090600       2.480939577  
1968  6  6.000000    11.7461745654       2.477586570  
1968  6 16.000000    11.7508668630       2.438809781  
1968  6 26.000000    11.7609083193       2.365349584  
1968  7  6.000000    11.7761143928       2.258545433  
1968  7 16.000000    11.7961254774       2.120938577  
1968  7 26.000000    11.8205386147       1.955268869  
1968  8  5.000000    11.8488648503       1.764810468  
1968  8 15.000000    11.8805113658       1.553575968  
1968  8 25.000000    11.9148957700       1.325407357  
1968  9  4.000000    11.9513547063       1.084726807  
1968  9 14.000000    11.9891819205       0.836250871  
1968  9 24.000000    12.0276946119       0.584442357  
1968 10  4.000000    12.0661324491       0.334353779  
1968 10 14.000000    12.1037466419       0.090897558  
1968 10 24.000000    12.1398073652      -0.141211151  
1968 11  3.000000    12.1735334340      -0.356863674  
1968 11 13.000000    12.2042150930      -0.551547820  
1968 11 23.000000    12.2311701604      -0.720961482  
1968 12  3.000000    12.2537351653      -0.860907664  
1968 12 13.000000    12.2713923550      -0.968283179  
1968 12 23.000000    12.2836941246      -1.040401862  
1969  1  2.000000    12.2903253626      -1.075464406  
1969  1 12.000000    12.2911911912      -1.073185527  
1969  1 22.000000    12.2863285046      -1.034045972  
1969  2  1.000000    12.2760146217      -0.960139173  
1969  2 11.000000    12.2607638725      -0.855095068  
1969  2 21.000000    12.2412395418      -0.723396302  
1969  3  3.000000    12.2183520432      -0.571206224  
1969  3 13.000000    12.1931413196      -0.405426120  
1969  3 23.000000    12.1667123321      -0.233286507  
1969  4  2.000000    12.1402795375      -0.062783469  
1969  4 12.000000    12.1149856125       0.098726240  
1969  4 22.000000    12.0919055698       0.244364063  
1969  5  2.000000    12.0720380820       0.367743338  
1969  5 12.000000    12.0561585090       0.464091635  
1969  5 22.000000    12.0449083957       0.529456083  
1969  6  1.000000    12.0387482951       0.561088906  
1969  6 11.000000    12.0379021971       0.557858971  
1969  6 21.000000    12.0424858959       0.519219886  
1969  7  1.000000    12.0524277781       0.445902775  
1969  7 11.000000    12.0675002147       0.339636237  
1969  7 21.000000    12.0874189497       0.202417676  
1969  7 31.000000    12.1117481763       0.037305555  
1969  8 10.000000    12.1399893989      -0.152307264  
1969  8 20.000000    12.1716120242      -0.362863240  
1969  8 30.000000    12.2059735995      -0.590002247  
1969  9  9.000000    12.2424341133      -0.829501133  
1969  9 19.000000    12.2803160794      -1.076876693  
1969  9 29.000000    12.3188692159      -1.327150245  
1969 10  9.000000    12.3573812729      -1.575729833  
1969 10 19.000000    12.3950911672      -1.817666923  
1969 10 29.000000    12.4312165394      -2.047930760  
1969 11  8.000000    12.4650354103      -2.262006649  
1969 11 18.000000    12.4957907780      -2.455107710  
1969 11 28.000000    12.5227823934      -2.622939453  
1969 12  8.000000    12.5454014025      -2.761845916  
1969 12 18.000000    12.5630646710      -2.868292945  
1969 12 28.000000    12.5753515033      -2.939924326  
1970  1  7.000000    12.5819793840      -2.975207367  
1970  1 17.000000    12.5827914748      -2.973387445  
1970  1 27.000000    12.5778897223      -2.935444462  
1970  2  6.000000    12.5675456260      -2.863304942  
1970  2 16.000000    12.5522344149      -2.760211111  
1970  2 26.000000    12.5326957638      -2.631112041  
1970  3  8.000000    12.5097898937      -2.481577597  
1970  3 18.000000    12.4845530861      -2.318377813  
1970  3 28.000000    12.4581444760      -2.149011197  
1970  4  7.000000    12.4317008624      -1.980729577  
1970  4 17.000000    12.4064014717      -1.821134093  
1970  4 27.000000    12.3833334306      -1.677115915  
1970  5  7.000000    12.3634268283      -1.554512818  
1970  5 17.000000    12.3475237519      -1.458647516  
1970  5 27.000000    12.3362370170      -1.393223453  
1970  6  6.000000    12.3299980024      -1.360829136  
1970  6 16.000000    12.3291024397      -1.363183032  
1970  6 26.000000    12.3336108405      -1.400388013  
1970  7  6.000000    12.3434696850      -1.471931147  
1970  7 16.000000    12.3584995344      -1.576437219  
1970  7 26.000000    12.3783538048      -1.711424593  
1970  8  5.000000    12.4026494985      -1.874296513  
1970  8 15.000000    12.4308955049      -2.061668543  
1970  8 25.000000    12.4625108873      -2.269625477  
1970  9  4.000000    12.4969191254      -2.494360922  
1970  9 14.000000    12.5334456700      -2.731351487  
1970  9 24.000000    12.5713891076      -2.976020985  
1970 10  4.000000    12.6100562022      -3.223874327  
1970 10 14.000000    12.6486703476      -3.469861332  
1970 10 24.000000    12.6864805174      -3.709252416  
1970 11  3.000000    12.7227353505      -3.937313005  
1970 11 13.000000    12.7566404911      -4.149088186  
1970 11 23.000000    12.7874821258      -4.340287518  
1970 12  3.000000    12.8145569267      -4.506635618  
1970 12 13.000000    12.8372010506      -4.644212381  
1970 12 23.000000    12.8548974856      -4.750088353  
1971  1  2.000000    12.8671893104      -4.821619816  
1971  1 12.000000    12.8737780029      -4.857255070  
1971  1 22.000000    12.8745742621      -4.856697646  
1971  2  1.000000    12.8696202135      -4.820375971  
1971  2 11.000000    12.8592169762      -4.750414807  
1971  2 21.000000    12.8438798549      -4.650135948  
1971  3  3.000000    12.8242811779      -4.523826650  
1971  3 13.000000    12.8013440633      -4.377403104  
1971  3 23.000000    12.7760951722      -4.217292245  
1971  4  2.000000    12.7496428562      -4.050518701  
1971  4 12.000000    12.7231956775      -3.884743405  
1971  4 22.000000    12.6978767886      -3.726995816  
1971  5  2.000000    12.6747637113      -3.584125564  
1971  5 12.000000    12.6548422757      -3.462322262  
1971  5 22.000000    12.6388802341      -3.366348675  
1971  6  1.000000    12.6275294235      -3.300317611  
1971  6 11.000000    12.6212430139      -3.266937444  
1971  6 21.000000    12.6202563157      -3.267558370  
1971  7  1.000000    12.6247006356      -3.302898757  
1971  7 11.000000    12.6345037233      -3.372251413  
1971  7 21.000000    12.6494596906      -3.474138255  
1971  7 31.000000    12.6692944269      -3.606621133  
1971  8 10.000000    12.6935735144      -3.766668346  
1971  8 20.000000    12.7218173566      -3.951077165  
1971  8 30.000000    12.7534927090      -4.156224334  
1971  9  9.000000    12.7879563230      -4.377811017  
1971  9 19.000000    12.8245758315      -4.611720089  
1971  9 29.000000    12.8626572712      -4.853367259  
1971 10  9.000000    12.9014464873      -5.097909203  
1971 10 19.000000    12.9402252360      -5.340815381  
1971 10 29.000000    12.9782082155      -5.577113427  
1971 11  8.000000    13.0146083605      -5.802003373  
1971 11 18.000000    13.0486890166      -6.011031897  
1971 11 28.000000    13.0796722268      -6.199527791  
1971 12  8.000000    13.1068582863      -6.363475421  
1971 12 18.000000    13.1296237331      -6.499278728  
1971 12 28.000000    13.1473796268      -6.603618105  
1972  1  7.000000    13.1597152664      -6.674333249  
1972  1 17.000000    13.1663406912      -6.709877506  
1972  1 27.000000    13.1671120448      -6.709644131  
1972  2  6.000000    13.1621457578      -6.674560372  
1972  2 16.000000    13.1517115079      -6.606350275  
1972  2 26.000000    13.1363055069      -6.508195369  
1972  3  7.000000    13.1166720946      -6.384676090  
1972  3 17.000000    13.0936679450      -6.241029146  
1972  3 27.000000    13.0683431124      -6.083787721  
1972  4  6.000000    13.0418438632      -5.919969795  
1972  4 16.000000    13.0153028059      -5.756589304  
1972  4 26.000000    12.9899027964      -5.601043665  
1972  5  6.000000    12.9667121449      -5.459920742  
1972  5 16.000000    12.9466659748      -5.339096777  
1972  5 26.000000    12.9306087491      -5.243836385  
1972  6  5.000000    12.9191449300      -5.177826544  
1972  6 15.000000    12.9127248399      -5.143874526  
1972  6 25.000000    12.9116489428      -5.143709341  
1972  7  5.000000    12.9159844547      -5.177582510  
1972  7 15.000000    12.9257017728      -5.245169474  
1972  7 25.000000    12.9406239087      -5.345076982  
1972  8  4.000000    12.9604186423      -5.474996578  
1972  8 14.000000    12.9847192854      -5.632392921  
1972  8 24.000000    13.0130295984      -5.813825285  
1972  9  3.000000    13.0447813734      -6.015529525  
1972  9 13.000000    13.0793981956      -6.233648743  
1972  9 23.000000    13.1161919779      -6.463642615  
1972 10  3.000000    13.1544658454      -6.701072297  
1972 10 13.000000    13.1935088863      -6.941383580  
1972 10 23.000000    13.2325267737      -7.179629355  
1972 11  2.000000    13.2707635496      -7.411245803  
1972 11 12.000000    13.3074392071      -7.631517226  
1972 11 22.000000    13.3417452546      -7.835753445  
1972 12  2.000000    13.3729585200      -8.019851314  
1972 12 12.000000    13.4003484674      -8.179680429  
1972 12 22.000000    13.4232497212      -8.311674666  
1973  1  1.000000    13.4411387076      -8.413057893  
1973  1 11.000000    13.4535458071      -8.481381937  
1973  1 21.000000    13.4601866069      -8.515355050  
1973  1 31.000000    13.4609707524      -8.514664224  
1973  2 10.000000    13.4559450454      -8.479814746  
1973  2 20.000000    13.4454316721      -8.412895911  
1973  3  2.000000    13.4299433762      -8.316953595  
1973  3 12.000000    13.4101665009      -8.196135327  
1973  3 22.000000    13.3870365305      -8.056001829  
1973  4  1.000000    13.3615707684      -7.902556922  
1973  4 11.000000    13.3348921888      -7.742568372  
1973  4 21.000000    13.3082072944      -7.583247658  
1973  5  1.000000    13.2826306558      -7.431315919  
1973  5 11.000000    13.2592552933      -7.293458760  
1973  5 21.000000    13.2390597717      -7.175563440  
1973  5 31.000000    13.2228172757      -7.082364191  
1973  6 10.000000    13.2111984449      -7.017932578  
1973  6 20.000000    13.2046536852      -6.984874115  
1973  6 30.000000    13.2034393595      -6.984686109  
1973  7 10.000000    13.2077034502      -7.018070577  
1973  7 20.000000    13.2173757488      -7.084329341  
1973  7 30.000000    13.2322754175      -7.182145026  
1973  8  9.000000    13.2521343552      -7.309515762  
1973  8 19.000000    13.2765196323      -7.463474938  
1973  8 29.000000    13.3049677950      -7.640904998  
1973  9  8.000000    13.3369350332      -7.838109309  
1973  9 18.000000    13.3717750195      -8.050910353  
1973  9 28.000000    13.4088543638      -8.275230877  
1973 10  8.000000    13.4474532524      -8.506499013  
1973 10 18.000000    13.4868091942      -8.740081229  
1973 10 28.000000    13.5261858386      -8.971525646  
1973 11  7.000000    13.5647651171      -9.196033122  
1973 11 17.000000    13.6017501631      -9.409121945  
1973 11 27.000000    13.6363765462      -9.606511042  
1973 12  7.000000    13.6678405844      -9.783887747  
1973 12 17.000000    13.6954378351      -9.937611840  
1973 12 27.000000    13.7185201110     -10.064337293  
1974  1  6.000000    13.7364930396     -10.161172204  
1974  1 16.000000    13.7489508686     -10.226240288  
1974  1 26.000000    13.7555919879     -10.258174865  
1974  2  5.000000    13.7562896556     -10.256639883  
1974  2 15.000000    13.7511713735     -10.222546376  
1974  2 25.000000    13.7405078317     -10.157563793  
1974  3  7.000000    13.7248236462     -10.064771513  
1974  3 17.000000    13.7048690211      -9.948359517  
1974  3 27.000000    13.6815081155      -9.813238700  
1974  4  6.000000    13.6558143980      -9.665494215  
1974  4 16.000000    13.6289294463      -9.511566579  
1974  4 26.000000    13.6019977487      -9.358075481  
1974  5  6.000000    13.5762153317      -9.211902016  
1974  5 16.000000    13.5526434175      -9.079193683  
1974  5 26.000000    13.5322377339      -8.965596526  
1974  6  5.000000    13.5158494330      -8.876023632  
1974  6 15.000000    13.5040851139      -8.814012486  
1974  6 25.000000    13.4974218428      -8.782324423  
1974  7  5.000000    13.4961623218      -8.782538512  
1974  7 15.000000    13.5003860896      -8.814970959  
1974  7 25.000000    13.5100853319      -8.879328753  
1974  8  4.000000    13.5250783928      -8.974191473  
1974  8 14.000000    13.5450473535      -9.097408556  
1974  8 24.000000    13.5696311663      -9.246460577  
1974  9  3.000000    13.5983192512      -9.417979697  
1974  9 13.000000    13.6305502910      -9.608383021  
1974  9 23.000000    13.6657327034      -9.813850947  
1974 10  3.000000    13.7031561939     -10.030033867  
1974 10 13.000000    13.7421183779     -10.252709905  
1974 10 23.000000    13.7818764643     -10.477462411  
1974 11  2.000000    13.8216121872     -10.699683971  
1974 11 12.000000    13.8605540212     -10.915095235  
1974 11 22.000000    13.8978839607     -11.119285262  
1974 12  2.000000    13.9327782585     -11.308039683  
1974 12 12.000000    13.9644959372     -11.477612743  
1974 12 22.000000    13.9922783755     -11.624310203  
1975  1  1.000000    14.0154625741     -11.745059144  
1975  1 11.000000    14.0335141915     -11.837408611  
1975  1 21.000000    14.0459577770     -11.899298343  
1975  1 31.000000    14.0525292159     -11.929723467  
1975  2 10.000000    14.0531368889     -11.928455728  
1975  2 20.000000    14.0478446654     -11.896100960  
1975  3  2.000000    14.0370008230     -11.834587944  
1975  3 12.000000    14.0211207351     -11.746657590  
1975  3 22.000000    14.0009188948     -11.636127216  
1975  4  1.000000    13.9773465281     -11.507948197  
1975  4 11.000000    13.9514222610     -11.367524975  
1975  4 21.000000    13.9242958131     -11.221032605  
1975  5  1.000000    13.8971748349     -11.074936558  
1975  5 11.000000    13.8711781659     -10.935410219  
1975  5 21.000000    13.8474212530     -10.808608735  
1975  5 31.000000    13.8268772502     -10.699916730  
1975  6 10.000000    13.8103342331     -10.613815598  
1975  6 20.000000    13.7984796589     -10.554108620  
1975  6 30.000000    13.7917603233     -10.523260962  
1975  7 10.000000    13.7904555365     -10.522793204  
1975  7 20.000000    13.7947202234     -10.553363764  
1975  7 30.000000    13.8044827213     -10.614382114  
1975  8  9.000000    13.8195821790     -10.704676119  
1975  8 19.000000    13.8397421626     -10.822316829  
1975  8 29.000000    13.8645272488     -10.964568930  
1975  9  8.000000    13.8934792230     -11.128482788  
1975  9 18.000000    13.9260306408     -11.310522822  
1975  9 28.000000    13.9615288184     -11.506808844  
1975 10  8.000000    13.9993263322     -11.713460785  
1975 10 18.000000    14.0386700973     -11.926174559  
1975 10 28.000000    14.0787876173     -12.140687798  
1975 11  7.000000    14.1189136632     -12.352822375  
1975 11 17.000000    14.1581977341     -12.558196870  
1975 11 27.000000    14.1958339709     -12.752769524  
1975 12  7.000000    14.2310260535     -12.932649426  
1975 12 17.000000    14.2629524159     -13.094039925  
1975 12 27.000000    14.2909070385     -13.233744136  
1976  1  6.000000    14.3142206592     -13.348833543  
1976  1 16.000000    14.3323047494     -13.436865512  
1976  1 26.000000    14.3447618942     -13.496234256  
1976  2  5.000000    14.3512868114     -13.525806618  
1976  2 15.000000    14.3517802373     -13.525372617  
1976  2 25.000000    14.3463803963     -13.495718751  
1976  3  6.000000    14.3353686213     -13.438337339  
1976  3 16.000000    14.3193017572     -13.355933665  
1976  3 26.000000    14.2989326840     -13.252120522  
1976  4  5.000000    14.2751419796     -13.131224624  
1976  4 15.000000    14.2490241028     -12.998590750  
1976  4 25.000000    14.2217141707     -12.859886411  
1976  5  5.000000    14.1943765787     -12.721062000  
1976  5 15.000000    14.1682145333     -12.588274740  
1976  5 25.000000    14.1442846076     -12.467120846  
1976  6  4.000000    14.1235670725     -12.362827781  
1976  6 14.000000    14.1069129643     -12.279930651  
1976  6 24.000000    14.0949349456     -12.221818810  
1976  7  4.000000    14.0881346858     -12.191167927  
1976  7 14.000000    14.0868112083     -12.189529914  
1976  7 24.000000    14.0910583183     -12.217364418  
1976  8  3.000000    14.1008826507     -12.274475885  
1976  8 13.000000    14.1160934750     -12.359620746  
1976  8 23.000000    14.1363867443     -12.470895307  
1976  9  2.000000    14.1613969506     -12.605947210  
1976  9 12.000000    14.1905988530     -12.761668432  
1976  9 22.000000    14.2234358579     -12.934741277  
1976 10  2.000000    14.2592926263     -13.121561002  
1976 10 12.000000    14.2974404346     -13.318094334  
1976 10 22.000000    14.3371685605     -13.520415925  
1976 11  1.000000    14.3776977553     -13.724414210  
1976 11 11.000000    14.4181932567     -13.925887443  
1976 11 21.000000    14.4578647472     -14.120919900  
1976 12  1.000000    14.4958587987     -14.305530462  
1976 12 11.000000    14.5313446401     -14.475981061  
1976 12 21.000000    14.5635612370     -14.628943224  
1976 12 31.000000    14.5917298699     -14.761201426  
1977  1 10.000000    14.6151955996     -14.870122754  
1977  1 20.000000    14.6334116153     -14.953591094  
1977  1 30.000000    14.6459054398     -15.009883021  
1977  2  9.000000    14.6524330221     -15.038165084  
1977  2 19.000000    14.6528989353     -15.038247992  
1977  3  1.000000    14.6473885600     -15.010673180  
1977  3 11.000000    14.6362683409     -14.957086174  
1977  3 21.000000    14.6200532125     -14.879825126  
1977  3 31.000000    14.5994846579     -14.782178942  
1977  4 10.000000    14.5755188778     -14.668409345  
1977  4 20.000000    14.5491761343     -14.543221834  
1977  4 30.000000    14.5216305345     -14.412044612  
1977  5 10.000000    14.4940838599     -14.280594389  
1977  5 20.000000    14.4676663345     -14.154424863  
1977  5 30.000000    14.4435131394     -14.039118403  
1977  6  9.000000    14.4225934158     -13.939617363  
1977  6 19.000000    14.4057197118     -13.860128753  
1977  6 29.000000    14.3935935083     -13.804236207  
1977  7  9.000000    14.3866650614     -13.774331666  
1977  7 19.000000    14.3852432592     -13.771968898  
1977  7 29.000000    14.3894859469     -13.797837571  
1977  8  8.000000    14.3993285377     -13.851499042  
1977  8 18.000000    14.4146306690     -13.931940853  
1977  8 28.000000    14.4351043841     -14.037390191  
1977  9  7.000000    14.4603184450     -14.165331232  
1977  9 17.000000    14.4898159754     -14.313009985  
1977  9 27.000000    14.5230049804     -14.477108909  
1977 10  7.000000    14.5592297429     -14.654008233  
1977 10 17.000000    14.5978229739     -14.840069940  
1977 10 27.000000    14.6379999216     -15.031303951  
1977 11  6.000000    14.6789784509     -15.223786360  
1977 11 16.000000    14.7199585242     -15.413691924  
1977 11 26.000000    14.7600619737     -15.597069980  
1977 12  6.000000    14.7984706469     -15.770324816  
1977 12 16.000000    14.8343523808     -15.930027929  
1977 12 26.000000    14.8668729860     -16.072893366  
1978  1  5.000000    14.8953180295     -16.196208292  
1978  1 15.000000    14.9189952768     -16.297504312  
1978  1 25.000000    14.9373251955     -16.374771308  
1978  2  4.000000    14.9499077946     -16.426722255  
1978  2 14.000000    14.9564344983     -16.452458599  
1978  2 24.000000    14.9568299635     -16.451872087  
1978  3  6.000000    14.9512315466     -16.425681543  
1978  3 16.000000    14.9399321463     -16.375178198  
1978  3 26.000000    14.9235136973     -16.302695999  
1978  4  5.000000    14.9027252628     -16.211321763  
1978  4 15.000000    14.8784677358     -16.104770768  
1978  4 25.000000    14.8518519029     -15.987662502  
1978  5  5.000000    14.8240104235     -15.864919577  
1978  5 15.000000    14.7961354953     -15.741767917  
1978  5 25.000000    14.7694384936     -15.623665081  
1978  6  4.000000    14.7449852283     -15.515606680  
1978  6 14.000000    14.7237890835     -15.422334409  
1978  6 24.000000    14.7067059814     -15.347978247  
1978  7  4.000000    14.6943708240     -15.295658235  
1978  7 14.000000    14.6873137577     -15.267885156  
1978  7 24.000000    14.6858349325     -15.266111154  
1978  8  3.000000    14.6900538508     -15.290792142  
1978  8 13.000000    14.6999878028     -15.341776475  
1978  8 23.000000    14.7154414584     -15.417904598  
1978  9  2.000000    14.7361266527     -15.517403925  
1978  9 12.000000    14.7616651725     -15.638065497  
1978  9 22.000000    14.7915191114     -15.776969687  
1978 10  2.000000    14.8251301296     -15.931022713  
1978 10 12.000000    14.8618494302     -16.096852661  
1978 10 22.000000    14.9009294300     -16.270736255  
1978 11  1.000000    14.9416397024     -16.449088667  
1978 11 11.000000    14.9831576524     -16.628176066  
1978 11 21.000000    15.0246296109     -16.804248948  
1978 12  1.000000    15.0652347550     -16.973887097  
1978 12 11.000000    15.1040815067     -17.133634577  
1978 12 21.000000    15.1403287641     -17.280339463  
1978 12 31.000000    15.1731862966     -17.411262430  
1979  1 10.000000    15.2018570594     -17.523769674  
1979  1 20.000000    15.2256901657     -17.615802645  
1979  1 30.000000    15.2441211162     -17.685743787  
1979  2  9.000000    15.2566851130     -17.732278644  
1979  2 19.000000    15.2631519986     -17.754888458  
1979  3  1.000000    15.2634230776     -17.753527483  
1979  3 11.000000    15.2576099822     -17.728732263  
1979  3 21.000000    15.2460922617     -17.681965825  
1979  3 31.000000    15.2293924153     -17.615188613  
1979  4 10.000000    15.2082839921     -17.531177998  
1979  4 20.000000    15.1837278689     -17.433509763  
1979  4 30.000000    15.1567612791     -17.326111693  
1979  5 10.000000    15.1285871974     -17.213601129  
1979  5 20.000000    15.1004084159     -17.100828673  
1979  5 30.000000    15.0733829808     -16.992537145  
1979  6  9.000000    15.0486695238     -16.893589196  

