v15.04    Планета: Уран  (INPOP13C)
          Спутник: U4 Оберон  (Lainey V., 2015..)
                            - эфемериды на инт. 1847/01/00.5-2146/02/12.7
   Обсерватория N:  84 - Pulkovo
    Шкала времени: UTC
Средний экватор и равноденствие эпохи J2000.  ICRF. 
Координаты астрометрические 
Год  Месяц День       alpha (h)          delta (º)
1952  2  1.000000     6.8332837592      23.336277289  
1952  2 11.000000     6.8088060200      23.351299429  
1952  2 21.000000     6.7891225639      23.385306200  
1952  3  2.000000     6.7767261213      23.409414524  
1952  3 12.000000     6.7702887143      23.401209778  
1952  3 22.000000     6.7685916955      23.390840307  
1952  4  1.000000     6.7737371741      23.397430812  
1952  4 11.000000     6.7868562304      23.389662426  
1952  4 21.000000     6.8055188247      23.351837901  
1952  5  1.000000     6.8282565960      23.316381467  
1952  5 11.000000     6.8566187115      23.296169805  
1952  5 21.000000     6.8907725325      23.258441685  
1952  5 31.000000     6.9278549878      23.194129105  
1952  6 10.000000     6.9664634475      23.137329846  
1952  6 20.000000     7.0080305546      23.094915165  
1952  6 30.000000     7.0521482116      23.033717116  
1952  7 10.000000     7.0957726858      22.952012733  
1952  7 20.000000     7.1379554301      22.884992099  
1952  7 30.000000     7.1800666791      22.833887060  
1952  8  9.000000     7.2212463774      22.766122773  
1952  8 19.000000     7.2585907494      22.686851896  
1952  8 29.000000     7.2915596764      22.631970061  
1952  9  8.000000     7.3215752326      22.596671356  
1952  9 18.000000     7.3475773858      22.548694911  
1952  9 28.000000     7.3668435449      22.499665110  
1952 10  8.000000     7.3795459640      22.484302433  
1952 10 18.000000     7.3874210880      22.490321936  
1952 10 28.000000     7.3894203427      22.485492599  
1952 11  7.000000     7.3835682802      22.485971284  
1952 11 17.000000     7.3710940345      22.522967709  
1952 11 27.000000     7.3544177540      22.575626820  
1952 12  7.000000     7.3330803497      22.611326107  
1952 12 17.000000     7.3061004338      22.650472535  
1952 12 27.000000     7.2760301742      22.719260050  
1953  1  6.000000     7.2460211088      22.789348398  
1953  1 16.000000     7.2158405104      22.831552844  
1953  1 26.000000     7.1852383108      22.871388905  
1953  2  5.000000     7.1573130828      22.930847680  
1953  2 15.000000     7.1347758932      22.978428096  
1953  2 25.000000     7.1167861645      22.991752384  
1953  3  7.000000     7.1027497682      23.001728953  
1953  3 17.000000     7.0952037650      23.026076005  
1953  3 27.000000     7.0956327708      23.031618868  
1953  4  6.000000     7.1019677927      23.003837917  
1953  4 16.000000     7.1131407644      22.976496848  
1953  4 26.000000     7.1309995364      22.961281615  
1953  5  6.000000     7.1557669288      22.924405096  
1953  5 16.000000     7.1847377059      22.858313174  
1953  5 26.000000     7.2167648105      22.797934256  
1953  6  5.000000     7.2532755678      22.748870136  
1953  6 15.000000     7.2938359204      22.677372217  
1953  6 25.000000     7.3354887423      22.583082980  
1953  7  5.000000     7.3773644951      22.501578606  
1953  7 15.000000     7.4208069295      22.432473672  
1953  7 25.000000     7.4648328178      22.343380435  
1953  8  4.000000     7.5065832043      22.240920211  
1953  8 14.000000     7.5456122490      22.160723123  
1953  8 24.000000     7.5831266991      22.096952875  
1953  9  3.000000     7.6178861774      22.018359878  
1953  9 13.000000     7.6472207132      21.938279150  
1953  9 23.000000     7.6711459997      21.891417839  
1953 10  3.000000     7.6910282165      21.865150822  
1953 10 13.000000     7.7054885278      21.829264476  
1953 10 23.000000     7.7123452385      21.802348266  
1953 11  2.000000     7.7124978616      21.815496614  
1953 11 12.000000     7.7076891080      21.848162272  
1953 11 22.000000     7.6969466288      21.869995546  
1953 12  2.000000     7.6790659691      21.902986277  
1953 12 12.000000     7.6561173547      21.972752216  
1953 12 22.000000     7.6306939010      22.049798412  
1954  1  1.000000     7.6023741219      22.105478928  
1954  1 11.000000     7.5709445129      22.165587858  
1954  1 21.000000     7.5395559741      22.249749214  
1954  1 31.000000     7.5109408934      22.323701748  
1954  2 10.000000     7.4845658803      22.364835980  
1954  2 20.000000     7.4604562996      22.403854079  
1954  3  2.000000     7.4415478231      22.456274914  
1954  3 12.000000     7.4296612279      22.486727567  
1954  3 22.000000     7.4232609013      22.481042460  
1954  4  1.000000     7.4217884714      22.473975790  
1954  4 11.000000     7.4274534801      22.475605806  
1954  4 21.000000     7.4406933162      22.450955948  
1954  5  1.000000     7.4590467964      22.393764395  
1954  5 11.000000     7.4817122823      22.339849533  
1954  5 21.000000     7.5102156718      22.293467343  
1954  5 31.000000     7.5440913044      22.220323711  
1954  6 10.000000     7.5805687246      22.121334901  
1954  6 20.000000     7.6188933738      22.032521103  
1954  6 30.000000     7.6603633104      21.952114834  
1954  7 10.000000     7.7039544596      21.847504590  
1954  7 20.000000     7.7468653210      21.726850106  
1954  7 30.000000     7.7887462724      21.625408546  
1954  8  9.000000     7.8306794976      21.536194054  
1954  8 19.000000     7.8712713149      21.428739332  
1954  8 29.000000     7.9079673556      21.317668488  
1954  9  8.000000     7.9407432840      21.237404975  
1954  9 18.000000     7.9706391911      21.174971513  
1954  9 28.000000     7.9961096402      21.101756563  
1954 10  8.000000     8.0148935452      21.038322775  
1954 10 18.000000     8.0276154602      21.015875391  
1954 10 28.000000     8.0355027875      21.014236230  
1954 11  7.000000     8.0371276647      21.005899771  
1954 11 17.000000     8.0310702685      21.014802483  
1954 11 27.000000     8.0189057928      21.066605593  
1954 12  7.000000     8.0024922944      21.132313613  
1954 12 17.000000     7.9810632653      21.184813724  
1954 12 27.000000     7.9542475469      21.250861554  
1955  1  6.000000     7.9248675494      21.348590566  
1955  1 16.000000     7.8954065188      21.441917588  
1955  1 26.000000     7.8654105308      21.508074736  
1955  2  5.000000     7.8352795478      21.577255982  
1955  2 15.000000     7.8082284795      21.662190415  
1955  2 25.000000     7.7862733502      21.725045234  
1955  3  7.000000     7.7684480081      21.751263768  
1955  3 17.000000     7.7548034544      21.775592484  
1955  3 27.000000     7.7479128828      21.806197387  
1955  4  6.000000     7.7485568434      21.806210065  
1955  4 16.000000     7.7546783546      21.770392114  
1955  4 26.000000     7.7658866408      21.735143574  
1955  5  6.000000     7.7839341948      21.703242020  
1955  5 16.000000     7.8084046334      21.639686271  
1955  5 26.000000     7.8367607702      21.546651178  
1955  6  5.000000     7.8684791138      21.460533865  
1955  6 15.000000     7.9048021473      21.378350282  
1955  6 25.000000     7.9447120990      21.267144408  
1955  7  5.000000     7.9855340044      21.136337006  
1955  7 15.000000     8.0269839472      21.021172780  
1955  7 25.000000     8.0700797561      20.913219333  
1955  8  4.000000     8.1133289983      20.782618135  
1955  8 14.000000     8.1542830423      20.645113519  
1955  8 24.000000     8.1929681977      20.534554198  
1955  9  3.000000     8.2301678363      20.437495519  
1955  9 13.000000     8.2642251512      20.326549878  
1955  9 23.000000     8.2929497066      20.223667186  
1955 10  3.000000     8.3167561910      20.160009528  
1955 10 13.000000     8.3364856562      20.115756836  
1955 10 23.000000     8.3504278340      20.065859995  
1955 11  2.000000     8.3569858292      20.036344779  
1955 11 12.000000     8.3573381189      20.053036289  
1955 11 22.000000     8.3526348767      20.088365174  
1955 12  2.000000     8.3416906812      20.117823251  
1955 12 12.000000     8.3239169287      20.169535295  
1955 12 22.000000     8.3015758291      20.261583646  
1956  1  1.000000     8.2766084009      20.357544742  
1956  1 11.000000     8.2484417595      20.435419302  
1956  1 21.000000     8.2175284152      20.525195980  
1956  1 31.000000     8.1870688108      20.637256497  
1956  2 10.000000     8.1590809720      20.731475611  
1956  2 20.000000     8.1329960552      20.792665225  
1956  3  1.000000     8.1094740257      20.854550258  
1956  3 11.000000     8.0913893226      20.922859101  
1956  3 21.000000     8.0798713067      20.958444912  
1956  3 31.000000     8.0734445580      20.956018719  
1956  4 10.000000     8.0722047524      20.952238261  
1956  4 20.000000     8.0782062227      20.947892445  
1956  4 30.000000     8.0912375398      20.906980648  
1956  5 10.000000     8.1090681148      20.832669173  
1956  5 20.000000     8.1315054904      20.761619678  
1956  5 30.000000     8.1598189091      20.689579682  
1956  6  9.000000     8.1929998573      20.583233163  
1956  6 19.000000     8.2286069696      20.453034124  
1956  6 29.000000     8.2664367184      20.334353180  
1956  7  9.000000     8.3074353822      20.217491552  
1956  7 19.000000     8.3501016193      20.072694467  
1956  7 29.000000     8.3920846188      19.916936474  
1956  8  8.000000     8.4334798058      19.783370418  
1956  8 18.000000     8.4749039605      19.657853160  
1956  8 28.000000     8.5146088550      19.514001381  
1956  9  7.000000     8.5505499675      19.374571952  
1956  9 17.000000     8.5830340362      19.270480083  
1956  9 27.000000     8.6125759372      19.182076289  
1956 10  7.000000     8.6373537610      19.086161784  
1956 10 17.000000     8.6556939278      19.010386481  
1956 10 27.000000     8.6684499162      18.980851406  
1956 11  6.000000     8.6762393248      18.971328044  
1956 11 16.000000     8.6774930747      18.960411244  
1956 11 26.000000     8.6714218105      18.977855446  
1956 12  6.000000     8.6597041645      19.042433482  
1956 12 16.000000     8.6435711993      19.119204507  
1956 12 26.000000     8.6221935875      19.187827979  
1957  1  5.000000     8.5958477750      19.279082375  
1957  1 15.000000     8.5673555288      19.402208925  
1957  1 25.000000     8.5384989109      19.515959178  
1957  2  4.000000     8.5088594725      19.604779548  
1957  2 14.000000     8.4794723014      19.701205750  
1957  2 24.000000     8.4533960871      19.808234720  
1957  3  6.000000     8.4319685459      19.884347594  
1957  3 16.000000     8.4143502260      19.923287491  
1957  3 26.000000     8.4011970975      19.961029409  
1957  4  5.000000     8.3948609978      19.996132247  
1957  4 15.000000     8.3954841469      19.990722210  
1957  4 25.000000     8.4012784111      19.948592450  
1957  5  5.000000     8.4124457323      19.906280562  
1957  5 15.000000     8.4304127802      19.858024749  
1957  5 25.000000     8.4542444886      19.769993680  
1957  6  4.000000     8.4817947860      19.653461555  
1957  6 14.000000     8.5130417909      19.543871059  
1957  6 24.000000     8.5488451916      19.430428642  
1957  7  4.000000     8.5877567588      19.283208857  
1957  7 14.000000     8.6275768474      19.120194418  
1957  7 24.000000     8.6684399519      18.974212026  
1957  8  3.000000     8.7108734024      18.830017333  
1957  8 13.000000     8.7530714516      18.662050072  
1957  8 23.000000     8.7931360991      18.493722956  
1957  9  2.000000     8.8313641230      18.355307043  
1957  9 12.000000     8.8680014316      18.227236785  
1957  9 22.000000     8.9011879344      18.087552633  
1957 10  2.000000     8.9293108299      17.964952790  
1957 10 12.000000     8.9529598846      17.885601385  
1957 10 22.000000     8.9723743259      17.824375324  
1957 11  1.000000     8.9857531658      17.762472183  
1957 11 11.000000     8.9921351435      17.731348035  
1957 11 21.000000     8.9927311749      17.750508810  
1957 12  1.000000     8.9880738475      17.787420609  
1957 12 11.000000     8.9770107167      17.824365759  
1957 12 21.000000     8.9595736634      17.893394268  
1957 12 31.000000     8.9379612112      18.004370604  
1958  1 10.000000     8.9134661774      18.116466211  
1958  1 20.000000     8.8856156136      18.214878024  
1958  1 30.000000     8.8554852554      18.331516472  
1958  2  9.000000     8.8260571082      18.467379425  
1958  2 19.000000     8.7986851730      18.579046223  
1958  3  1.000000     8.7730070835      18.659008511  
1958  3 11.000000     8.7502351668      18.741634694  
1958  3 21.000000     8.7329390696      18.823007602  
1958  3 31.000000     8.7216450827      18.862850065  
1958  4 10.000000     8.7151763718      18.864389478  
1958  4 20.000000     8.7141745931      18.863754025  
1958  4 30.000000     8.7203146862      18.853068733  
1958  5 10.000000     8.7328799077      18.797580937  
1958  5 20.000000     8.7500831634      18.709078882  
1958  5 30.000000     8.7721904067      18.622815257  
1958  6  9.000000     8.8000359091      18.526914378  
1958  6 19.000000     8.8322419001      18.391121423  
1958  6 29.000000     8.8668655081      18.234153454  
1958  7  9.000000     8.9040764415      18.088710245  
1958  7 19.000000     8.9443237576      17.938524024  
1958  7 29.000000     8.9858323288      17.758306300  
1958  8  8.000000     9.0268262765      17.572269629  
1958  8 18.000000     9.0676327597      17.409886005  
1958  8 28.000000     9.1083104334      17.251359186  
1958  9  7.000000     9.1469788110      17.075714905  
1958  9 17.000000     9.1821718851      16.912033703  
1958  9 27.000000     9.2143039761      16.786404055  
1958 10  7.000000     9.2433144343      16.674358556  
1958 10 17.000000     9.2673403147      16.559006854  
1958 10 27.000000     9.2853230350      16.473047278  
1958 11  6.000000     9.2981020401      16.436656044  
1958 11 16.000000     9.3056863223      16.419501245  
1958 11 26.000000     9.3066116481      16.406900736  
1958 12  6.000000     9.3006902584      16.432349472  
1958 12 16.000000     9.2894637575      16.507211443  
1958 12 26.000000     9.2735769298      16.592900525  
1959  1  5.000000     9.2523741473      16.676220155  
1959  1 15.000000     9.2267146470      16.789770970  
1959  1 25.000000     9.1991696553      16.933984412  
1959  2  4.000000     9.1708972934      17.064885663  
1959  2 14.000000     9.1417485206      17.174195792  
1959  2 24.000000     9.1132796322      17.294640442  
1959  3  6.000000     9.0881608567      17.419869966  
1959  3 16.000000     9.0671722543      17.507189847  
1959  3 26.000000     9.0498138803      17.558232518  
1959  4  5.000000     9.0372119421      17.607920574  
1959  4 15.000000     9.0312900255      17.646035623  
1959  4 25.000000     9.0317108265      17.635904049  
1959  5  5.000000     9.0371521803      17.589376035  
1959  5 15.000000     9.0482361860      17.541081624  
1959  5 25.000000     9.0658985838      17.477728727  
1959  6  4.000000     9.0888816200      17.368554881  
1959  6 14.000000     9.1155756172      17.232622198  
1959  6 24.000000     9.1462689317      17.102529702  
1959  7  4.000000     9.1813169535      16.961061672  
1959  7 14.000000     9.2190499991      16.782842478  
1959  7 24.000000     9.2578496305      16.592733317  
1959  8  3.000000     9.2980506386      16.419738031  
1959  8 13.000000     9.3396127910      16.243350132  
1959  8 23.000000     9.3806487411      16.043404383  
1959  9  2.000000     9.4198556608      15.849197847  
1959  9 12.000000     9.4575718272      15.686301568  
1959  9 22.000000     9.4934847358      15.530778301  
1959 10  2.000000     9.5257592683      15.366842456  
1959 10 12.000000     9.5533607682      15.227934615  
1959 10 22.000000     9.5768214173      15.134561975  
1959 11  1.000000     9.5958002731      15.058140805  
1959 11 11.000000     9.6086425140      14.986478698  
1959 11 21.000000     9.6149717732      14.954496221  
1959 12  1.000000     9.6157986761      14.975021389  
1959 12 11.000000     9.6111130926      15.012585576  
1959 12 21.000000     9.6000169558      15.056443608  
1959 12 31.000000     9.5830722569      15.140507134  
1960  1 10.000000     9.5621903392      15.266591929  
1960  1 20.000000     9.5381183841      15.391732841  
1960  1 30.000000     9.5107013251      15.508168111  
1960  2  9.000000     9.4815040701      15.647817025  
1960  2 19.000000     9.4530729300      15.802862751  
1960  2 29.000000     9.4262483762      15.928903830  
1960  3 10.000000     9.4010644460      16.025661168  
1960  3 20.000000     9.3791204534      16.126143979  
1960  3 30.000000     9.3625013770      16.217733509  
1960  4  9.000000     9.3513038630      16.261168336  
1960  4 19.000000     9.3448201081      16.267154770  
1960  4 29.000000     9.3440521334      16.269443455  
1960  5  9.000000     9.3501451152      16.252658029  
1960  5 19.000000     9.3620881365      16.185013554  
1960  5 29.000000     9.3786657095      16.085573025  
1960  6  8.000000     9.4003916540      15.986477099  
1960  6 18.000000     9.4275706540      15.869619368  
1960  6 28.000000     9.4586738836      15.709189763  
1960  7  8.000000     9.4923373058      15.530462084  
1960  7 18.000000     9.5288855195      15.362179751  
1960  7 28.000000     9.5682132495      15.183088239  
1960  8  7.000000     9.6085027023      14.973261084  
1960  8 17.000000     9.6485809941      14.762398735  
1960  8 27.000000     9.6887731905      14.575350791  
1960  9  6.000000     9.7285824313      14.388314609  
1960  9 16.000000     9.7662203422      14.186324549  
1960  9 26.000000     9.8007720834      14.002890680  
1960 10  6.000000     9.8325381891      13.858706561  
1960 10 16.000000     9.8609239987      13.726244789  
1960 10 26.000000     9.8842461063      13.595096093  
1960 11  5.000000     9.9019934677      13.501146638  
1960 11 15.000000     9.9147692828      13.458423831  
1960 11 25.000000     9.9220686591      13.434278921  
1960 12  5.000000     9.9227436139      13.420734079  
1960 12 15.000000     9.9170905993      13.453139430  
1960 12 25.000000     9.9063157745      13.535640312  
1961  1  4.000000     9.8906065015      13.628005173  
1961  1 14.000000     9.8696729418      13.723892011  
1961  1 24.000000     9.8448109758      13.855979910  
1961  2  3.000000     9.8181480248      14.016571737  
1961  2 13.000000     9.7903855215      14.161021360  
1961  2 23.000000     9.7618178410      14.287858658  
1961  3  5.000000     9.7343327229      14.428279549  
1961  3 15.000000     9.7100568570      14.567618735  
1961  3 25.000000     9.6894068971      14.664025683  
1961  4  4.000000     9.6723609707      14.726032806  
1961  4 14.000000     9.6603181448      14.785865309  
1961  4 24.000000     9.6546471524      14.825829029  
1961  5  4.000000     9.6547483009      14.812017622  
1961  5 14.000000     9.6598764533      14.762988833  
1961  5 24.000000     9.6708497579      14.709988208  
1961  6  3.000000     9.6880374768      14.633585564  
1961  6 13.000000     9.7100916852      14.507318853  
1961  6 23.000000     9.7359914555      14.356376175  
1961  7  3.000000     9.7661135874      14.209341120  
1961  7 13.000000     9.8002777310      14.044147896  
1961  7 23.000000     9.8368196811      13.840729084  
1961  8  2.000000     9.8747122740      13.629088371  
1961  8 12.000000     9.9142601072      13.433628544  
1961  8 22.000000     9.9548723940      13.230146081  
1961  9  1.000000     9.9948055592      13.004319386  
1961  9 11.000000    10.0333003216      12.789547173  
1961  9 21.000000    10.0705210380      12.606244025  
1961 10  1.000000    10.1056615065      12.427719818  
1961 10 11.000000    10.1371145587      12.244429558  
1961 10 21.000000    10.1643383057      12.092799445  
1961 10 31.000000    10.1876014994      11.987570387  
1961 11 10.000000    10.2060893965      11.898247243  
1961 11 20.000000    10.2184919357      11.819102508  
1961 11 30.000000    10.2248823390      11.786802618  
1961 12 10.000000    10.2258879893      11.807688729  
1961 12 20.000000    10.2211105389      11.845059836  
1961 12 30.000000    10.2100718884      11.894760138  
1962  1  9.000000    10.1937017538      11.990968080  
1962  1 19.000000    10.1734641085      12.128131211  
1962  1 29.000000    10.1497369540      12.262930649  
1962  2  8.000000    10.1228345646      12.394123069  
1962  2 18.000000    10.0946119916      12.552204776  
1962  2 28.000000    10.0670434572      12.721576662  
1962  3 10.000000    10.0406703351      12.858697287  
1962  3 20.000000    10.0160334425      12.969626167  
1962  3 30.000000     9.9949064606      13.084629859  
1962  4  9.000000     9.9787961353      13.183727954  
1962  4 19.000000     9.9675918847      13.230148856  
1962  4 29.000000     9.9611405182      13.240784322  
1962  5  9.000000     9.9605783668      13.245773079  
1962  5 19.000000     9.9664628028      13.223623090  
1962  5 29.000000     9.9777305463      13.146618034  
1962  6  8.000000     9.9937674572      13.039509621  
1962  6 18.000000    10.0151055794      12.930299192  
1962  6 28.000000    10.0415167798      12.796165530  
1962  7  8.000000    10.0715441984      12.616395330  
1962  7 18.000000    10.1043894681      12.421127557  
1962  7 28.000000    10.1403107453      12.234502952  
1962  8  7.000000    10.1786796708      12.031753942  
1962  8 17.000000    10.2178547691      11.798649653  
1962  8 27.000000    10.2572017460      11.568706593  
1962  9  6.000000    10.2968289019      11.361782327  
1962  9 16.000000    10.3357700078      11.151563286  
1962  9 26.000000    10.3725202669      10.929076557  
1962 10  6.000000    10.4066083899      10.730635261  
1962 10 16.000000    10.4380344307      10.571490840  
1962 10 26.000000    10.4657872449      10.422437489  
1962 11  5.000000    10.4885401156      10.279292541  
1962 11 15.000000    10.5061859816      10.179600965  
1962 11 25.000000    10.5189219755      10.131398807  
1962 12  5.000000    10.5258970219      10.101159377  
1962 12 15.000000    10.5264263930      10.087158517  
1962 12 25.000000    10.5211115951      10.125155039  
1963  1  4.000000    10.5106931815      10.212663061  
1963  1 14.000000    10.4950880115      10.309301199  
1963  1 24.000000    10.4744946799      10.415023918  
1963  2  3.000000    10.4504464196      10.561364612  
1963  2 13.000000    10.4245125385      10.733456655  
1963  2 23.000000    10.3971597853      10.887594770  
1963  3  5.000000    10.3692177724      11.028350838  
1963  3 15.000000    10.3426773078      11.184243449  
1963  3 25.000000    10.3190586750      11.333632123  
1963  4  4.000000    10.2986468616      11.436874596  
1963  4 14.000000    10.2819507038      11.508249389  
1963  4 24.000000    10.2704180194      11.576290736  
1963  5  4.000000    10.2648294742      11.617205498  
1963  5 14.000000    10.2645619704      11.600839530  
1963  5 24.000000    10.2694622202      11.551018963  
1963  6  3.000000    10.2803088779      11.494719257  
1963  6 13.000000    10.2969234818      11.407830900  
1963  6 23.000000    10.3180941673      11.268753703  
1963  7  3.000000    10.3433498416      11.107203131  
1963  7 13.000000    10.3729413695      10.947199760  
1963  7 23.000000    10.4062041907      10.763220723  
1963  8  2.000000    10.4416885532      10.540725952  
1963  8 12.000000    10.4788819897      10.313319772  
1963  8 22.000000    10.5178508306      10.100487595  
1963  9  1.000000    10.5575536119       9.875701548  
1963  9 11.000000    10.5965770130       9.630411068  
1963  9 21.000000    10.6345767182       9.400609709  
1963 10  1.000000    10.6713710740       9.201562166  
1963 10 11.000000    10.7057934402       9.005042391  
1963 10 21.000000    10.7366169647       8.807447941  
1963 10 31.000000    10.7636408972       8.646831303  
1963 11 10.000000    10.7867184641       8.532311959  
1963 11 20.000000    10.8047296078       8.432676803  
1963 11 30.000000    10.8168417452       8.348228360  
1963 12 10.000000    10.8233856068       8.316048195  
1963 12 20.000000    10.8244942322       8.336482111  
1963 12 30.000000    10.8195818657       8.372810449  
1964  1  9.000000    10.8086828301       8.426887105  
1964  1 19.000000    10.7928916731       8.532085203  
1964  1 29.000000    10.7731424198       8.676293906  
1964  2  8.000000    10.7496634290       8.817165433  
1964  2 18.000000    10.7233096295       8.959338348  
1964  2 28.000000    10.6959954943       9.130929101  
1964  3  9.000000    10.6690822764       9.309777035  
1964  3 19.000000    10.6430530322       9.454468725  
1964  3 29.000000    10.6189774519       9.576435025  
1964  4  8.000000    10.5985790410       9.702432882  
1964  4 18.000000    10.5827842971       9.806451733  
1964  4 28.000000    10.5715082858       9.855125748  
1964  5  8.000000    10.5651474393       9.870296344  
1964  5 18.000000    10.5647431529       9.877759076  
1964  5 28.000000    10.5702994497       9.851282504  
1964  6  7.000000    10.5809318408       9.767741978  
1964  6 17.000000    10.5965661825       9.656084069  
1964  6 27.000000    10.6175409105       9.539734914  
1964  7  7.000000    10.6431725104       9.392443647  
1964  7 17.000000    10.6722725866       9.198739241  
1964  7 27.000000    10.7045153645       8.992219645  
1964  8  6.000000    10.7398985270       8.792163530  
1964  8 16.000000    10.7773789309       8.571499690  
1964  8 26.000000    10.8156698073       8.321640514  
1964  9  5.000000    10.8545354528       8.078513265  
1964  9 15.000000    10.8937027300       7.857000437  
1964  9 25.000000    10.9318853915       7.629385078  
1964 10  5.000000    10.9679961513       7.392356867  
1964 10 15.000000    11.0018434021       7.183825152  
1964 10 25.000000    11.0329964242       7.013731251  
1964 11  4.000000    11.0601960692       6.852181571  
1964 11 14.000000    11.0825854030       6.700813369  
1964 11 24.000000    11.1002675760       6.597645499  
1964 12  4.000000    11.1129337843       6.545069610  
1964 12 14.000000    11.1195950597       6.509693886  
1964 12 24.000000    11.1200997602       6.495463530  
1965  1  3.000000    11.1151432232       6.537594082  
1965  1 13.000000    11.1049482913       6.627584320  
1965  1 23.000000    11.0893779041       6.725954839  
1965  2  2.000000    11.0691627759       6.838425183  
1965  2 12.000000    11.0458517898       6.994554964  
1965  2 22.000000    11.0204323609       7.173314145  
1965  3  4.000000    10.9933777218       7.333106154  
1965  3 14.000000    10.9660543394       7.483750832  
1965  3 24.000000    10.9403271879       7.650497892  
1965  4  3.000000    10.9171384246       7.805988065  
1965  4 13.000000    10.8968711890       7.913636983  
1965  4 23.000000    10.8805343189       7.992481364  
1965  5  3.000000    10.8694071023       8.066813299  
1965  5 13.000000    10.8637364944       8.107978457  
1965  5 23.000000    10.8631026931       8.090122333  
1965  6  2.000000    10.8678705463       8.041023613  
1965  6 12.000000    10.8785681233       7.983006032  
1965  6 22.000000    10.8945710767       7.888496990  
1965  7  2.000000    10.9149946546       7.740847071  
1965  7 12.000000    10.9398028191       7.573041286  
1965  7 22.000000    10.9689425463       7.404324600  
1965  8  1.000000    11.0013858835       7.206782142  
1965  8 11.000000    11.0360608964       6.971350426  
1965  8 21.000000    11.0728239001       6.733977393  
1965  8 31.000000    11.1113444890       6.509205415  
1965  9 10.000000    11.1502898708       6.269213823  
1965  9 20.000000    11.1887004927       6.010884661  
1965  9 30.000000    11.2264674233       5.771728947  
1965 10 10.000000    11.2629512994       5.561992155  
1965 10 20.000000    11.2968002569       5.352715713  
1965 10 30.000000    11.3272563837       5.145896625  
1965 11  9.000000    11.3542672190       4.980180642  
1965 11 19.000000    11.3771863333       4.859258338  
1965 11 29.000000    11.3947938506       4.752051898  
1965 12  9.000000    11.4067892438       4.664381854  
1965 12 19.000000    11.4135427751       4.632834514  
1965 12 29.000000    11.4146628199       4.652226557  
1966  1  8.000000    11.4095933167       4.686613504  
1966  1 18.000000    11.3988945276       4.743410579  
1966  1 28.000000    11.3836116330       4.854453355  
1966  2  7.000000    11.3641487912       5.001787236  
1966  2 17.000000    11.3408131222       5.145055272  
1966  2 27.000000    11.3149871296       5.294187118  
1966  3  9.000000    11.2884171709       5.474374957  
1966  3 19.000000    11.2619015296       5.658023569  
1966  3 29.000000    11.2360958637       5.806646050  
1966  4  8.000000    11.2125400824       5.936313905  
1966  4 18.000000    11.1927016287       6.069880309  
1966  4 28.000000    11.1770079515       6.176394992  
1966  5  8.000000    11.1656138416       6.226491193  
1966  5 18.000000    11.1593787594       6.245919612  
1966  5 28.000000    11.1590484493       6.255757022  
1966  6  7.000000    11.1641907541       6.226187244  
1966  6 17.000000    11.1742886322       6.138798714  
1966  6 27.000000    11.1896737761       6.025594669  
1966  7  7.000000    11.2103248795       5.905284753  
1966  7 17.000000    11.2352423157       5.749091929  
1966  7 27.000000    11.2636523978       5.546761620  
1966  8  6.000000    11.2955485138       5.334264307  
1966  8 16.000000    11.3305237922       5.125919493  
1966  8 26.000000    11.3672829459       4.893274891  
1966  9  5.000000    11.4050102488       4.633139959  
1966  9 15.000000    11.4436786388       4.382823696  
1966  9 25.000000    11.4825332430       4.152366907  
1966 10  5.000000    11.5201538871       3.913329175  
1966 10 15.000000    11.5559369219       3.667758183  
1966 10 25.000000    11.5897739181       3.454282011  
1966 11  4.000000    11.6207411293       3.277589675  
1966 11 14.000000    11.6475280670       3.107816486  
1966 11 24.000000    11.6697865199       2.952031834  
1966 12  4.000000    11.6876146421       2.847836411  
1966 12 14.000000    11.7001782905       2.792282518  
1966 12 24.000000    11.7065676697       2.752758526  
1967  1  3.000000    11.7071551399       2.738470781  
1967  1 13.000000    11.7025165110       2.783439441  
1967  1 23.000000    11.6923809281       2.873570689  
1967  2  2.000000    11.6767734080       2.971131461  
1967  2 12.000000    11.6569216667       3.087226637  
1967  2 22.000000    11.6341747404       3.248856804  
1967  3  4.000000    11.6090015446       3.429722793  
1967  3 14.000000    11.5821089658       3.591146422  
1967  3 24.000000    11.5553215000       3.747626095  
1967  4  3.000000    11.5301788630       3.920867657  
1967  4 13.000000    11.5071546490       4.078715833  
1967  4 23.000000    11.4869317917       4.188277326  
1967  5  3.000000    11.4709154079       4.272626979  
1967  5 13.000000    11.4600341235       4.351454854  
1967  5 23.000000    11.4541310161       4.392271021  
1967  6  2.000000    11.4531725382       4.373807204  
1967  6 12.000000    11.4578962612       4.326779179  
1967  6 22.000000    11.4684196970       4.268745778  
1967  7  2.000000    11.4838327829       4.169499764  
1967  7 12.000000    11.5037118903       4.017317009  
1967  7 22.000000    11.5282875813       3.847563143  
1967  8  1.000000    11.5570782374       3.674545402  
1967  8 11.000000    11.5888617196       3.468740734  
1967  8 21.000000    11.6230457628       3.226441065  
1967  8 31.000000    11.6596633310       2.984980551  
1967  9 10.000000    11.6978959276       2.754000595  
1967  9 20.000000    11.7363129099       2.505037184  
1967  9 30.000000    11.7744600289       2.240119472  
1967 10 10.000000    11.8122592410       1.997535074  
1967 10 20.000000    11.8485706597       1.782472809  
1967 10 30.000000    11.8820513853       1.565824067  
1967 11  9.000000    11.9124293224       1.354965625  
1967 11 19.000000    11.9395922950       1.188275052  
1967 11 29.000000    11.9623854844       1.064130708  
1967 12  9.000000    11.9797007803       0.952194058  
1967 12 19.000000    11.9917455118       0.863429742  
1967 12 29.000000    11.9987155260       0.833291605  
1968  1  8.000000    11.9997396122       0.851274854  
1968  1 18.000000    11.9944987211       0.882858128  
1968  1 28.000000    11.9840185217       0.940816615  
1968  2  7.000000    11.9690934767       1.054813495  
1968  2 17.000000    11.9496773233       1.201601251  
1968  2 27.000000    11.9263658826       1.343668945  
1968  3  8.000000    11.9009770060       1.495829022  
1968  3 18.000000    11.8748959916       1.680021959  
1968  3 28.000000    11.8484864086       1.864026769  
1968  4  7.000000    11.8227693753       2.012929462  
1968  4 17.000000    11.7996304981       2.147031454  
1968  4 27.000000    11.7801178742       2.284934840  
1968  5  7.000000    11.7643086537       2.391608274  
1968  5 17.000000    11.7527659212       2.442175624  
1968  5 27.000000    11.7466607373       2.465489664  
1968  6  6.000000    11.7462950566       2.477711807  
1968  6 16.000000    11.7509760421       2.446266503  
1968  6 26.000000    11.7606808834       2.357484402  
1968  7  6.000000    11.7759636883       2.245688087  
1968  7 16.000000    11.7963369681       2.124686397  
1968  7 26.000000    11.8206662476       1.963798383  
1968  8  5.000000    11.8486753124       1.758026337  
1968  8 15.000000    11.8804838285       1.544846855  
1968  8 25.000000    11.9152028736       1.333515915  
1968  9  4.000000    11.9514790469       1.094853911  
1968  9 14.000000    11.9890099406       0.830863787  
1968  9 24.000000    12.0277668573       0.579519963  
1968 10  4.000000    12.0664839444       0.345968843  
1968 10 14.000000    12.1038035846       0.101507380  
1968 10 24.000000    12.1396020766      -0.146541974  
1968 11  3.000000    12.1736482764      -0.359611120  
1968 11 13.000000    12.2045335050      -0.538355513  
1968 11 23.000000    12.2310950457      -0.712010058  
1968 12  3.000000    12.2534563548      -0.868326302  
1968 12 13.000000    12.2715013021      -0.970840728  
1968 12 23.000000    12.2839272632      -1.027766178  
1969  1  2.000000    12.2901048917      -1.070413533  
1969  1 12.000000    12.2908497506      -1.084413841  
1969  1 22.000000    12.2864264365      -1.037617819  
1969  2  1.000000    12.2761680249      -0.949500904  
1969  2 11.000000    12.2604524005      -0.855189751  
1969  2 21.000000    12.2408974373      -0.738436520  
1969  3  3.000000    12.2184718955      -0.575309628  
1969  3 13.000000    12.1932636084      -0.396702288  
1969  3 23.000000    12.1663959359      -0.237671847  
1969  4  2.000000    12.1400090385      -0.079286453  
1969  4 12.000000    12.1151667510       0.096311184  
1969  4 22.000000    12.0920438346       0.252811361  
1969  5  2.000000    12.0717754760       0.361709778  
1969  5 12.000000    12.0560016409       0.449591164  
1969  5 22.000000    12.0451730797       0.531201298  
1969  6  1.000000    12.0389151861       0.571012869  
1969  6 11.000000    12.0377000474       0.552590770  
1969  6 21.000000    12.0424458557       0.508912046  
1969  7  1.000000    12.0527666346       0.452588249  
1969  7 11.000000    12.0676631527       0.351306670  
1969  7 21.000000    12.0872395562       0.198426653  
1969  7 31.000000    12.1117928110       0.030980842  
1969  8 10.000000    12.1403550560      -0.141939045  
1969  8 20.000000    12.1717037897      -0.350821617  
1969  8 30.000000    12.2057561856      -0.594068998  
1969  9  9.000000    12.2425109632      -0.833699337  
1969  9 19.000000    12.2806422470      -1.065073948  
1969  9 29.000000    12.3188215978      -1.316868811  
1969 10  9.000000    12.3570803868      -1.581919705  
1969 10 19.000000    12.3951643674      -1.821838210  
1969 10 29.000000    12.4314593991      -2.036772542  
1969 11  8.000000    12.4648233165      -2.255391263  
1969 11 18.000000    12.4954144581      -2.465006390  
1969 11 28.000000    12.5228624143      -2.628341696  
1969 12  8.000000    12.5455702559      -2.752390632  
1969 12 18.000000    12.5627325528      -2.866209223  
1969 12 28.000000    12.5749701207      -2.953787640  
1970  1  7.000000    12.5821191164      -2.981491394  
1970  1 17.000000    12.5829411986      -2.965210717  
1970  1 27.000000    12.5775301130      -2.937232228  
1970  2  6.000000    12.5672513235      -2.879479978  
1970  2 16.000000    12.5524844530      -2.765200602  
1970  2 26.000000    12.5328784954      -2.622496256  
1970  3  8.000000    12.5094830848      -2.485173961  
1970  3 18.000000    12.4843967881      -2.333729548  
1970  3 28.000000    12.4585038689      -2.149859763  
1970  4  7.000000    12.4319187057      -1.969891187  
1970  4 17.000000    12.4061650385      -1.824349218  
1970  4 27.000000    12.3832986694      -1.688946883  
1970  5  7.000000    12.3638452881      -1.549843546  
1970  5 17.000000    12.3477300953      -1.445409414  
1970  5 27.000000    12.3360284296      -1.395485047  
1970  6  6.000000    12.3300300042      -1.368724114  
1970  6 16.000000    12.3295149237      -1.354152334  
1970  6 26.000000    12.3337371404      -1.386534608  
1970  7  6.000000    12.3432241989      -1.474547728  
1970  7 16.000000    12.3585440617      -1.582107761  
1970  7 26.000000    12.3787034453      -1.700720419  
1970  8  5.000000    12.4026337169      -1.862384530  
1970  8 15.000000    12.4305670971      -2.066647281  
1970  8 25.000000    12.4625410778      -2.275305627  
1970  9  4.000000    12.4971786059      -2.484390249  
1970  9 14.000000    12.5332666953      -2.723288739  
1970  9 24.000000    12.5709850550      -2.984776990  
1970 10  4.000000    12.6100956614      -3.230857382  
1970 10 14.000000    12.6488622662      -3.461640591  
1970 10 24.000000    12.6861775767      -3.705548575  
1970 11  3.000000    12.7223249596      -3.949867983  
1970 11 13.000000    12.7567603410      -4.156996466  
1970 11 23.000000    12.7876687480      -4.333158938  
1970 12  3.000000    12.8142120555      -4.506312866  
1970 12 13.000000    12.8368812250      -4.659110900  
1970 12 23.000000    12.8551684246      -4.757014612  
1971  1  2.000000    12.8674239324      -4.813674856  
1971  1 12.000000    12.8734640248      -4.858377726  
1971  1 22.000000    12.8744057161      -4.871506468  
1971  2  1.000000    12.8700509014      -4.823706936  
1971  2 11.000000    12.8594957187      -4.739676831  
1971  2 21.000000    12.8436134954      -4.650924649  
1971  3  3.000000    12.8242473773      -4.536216465  
1971  3 13.000000    12.8018612757      -4.375317555  
1971  3 23.000000    12.7763530938      -4.203240490  
1971  4  2.000000    12.7493846582      -4.050526381  
1971  4 12.000000    12.7232241106      -3.893895553  
1971  4 22.000000    12.6983727618      -3.719952279  
1971  5  2.000000    12.6749193032      -3.568558671  
1971  5 12.000000    12.6545359970      -3.462937594  
1971  5 22.000000    12.6389006908      -3.373503647  
1971  6  1.000000    12.6279293647      -3.290901755  
1971  6 11.000000    12.6212442858      -3.253018495  
1971  6 21.000000    12.6198692871      -3.271027770  
1971  7  1.000000    12.6246896805      -3.310202328  
1971  7 11.000000    12.6347933945      -3.363335551  
1971  7 21.000000    12.6493026745      -3.464323268  
1971  7 31.000000    12.6688435028      -3.614299503  
1971  8 10.000000    12.6935683951      -3.775324329  
1971  8 20.000000    12.7220383813      -3.943943019  
1971  8 30.000000    12.7532249225      -4.150969018  
1971  9  9.000000    12.7875107185      -4.389360528  
1971  9 19.000000    12.8246570197      -4.621208761  
1971  9 29.000000    12.8628815785      -4.847257711  
1971 10  9.000000    12.9011437643      -5.095870755  
1971 10 19.000000    12.9398742874      -5.354497938  
1971 10 29.000000    12.9784549630      -5.585565977  
1971 11  8.000000    13.0148914464      -5.794968049  
1971 11 18.000000    13.0484074518      -6.010155406  
1971 11 28.000000    13.0794725801      -6.213123717  
1971 12  8.000000    13.1072934684      -6.368659579  
1971 12 18.000000    13.1299597177      -6.489337959  
1971 12 28.000000    13.1471195796      -6.602198813  
1972  1  7.000000    13.1596550965      -6.686094116  
1972  1 17.000000    13.1669021463      -6.710215835  
1972  1 27.000000    13.1674250703      -6.695952654  
1972  2  6.000000    13.1618541106      -6.672223372  
1972  2 16.000000    13.1517164395      -6.615753531  
1972  2 26.000000    13.1368723084      -6.503651021  
1972  3  7.000000    13.1168600001      -6.368463745  
1972  3 17.000000    13.0932844748      -6.239243901  
1972  3 27.000000    13.0683309654      -6.091918289  
1972  4  6.000000    13.0423093833      -5.912535579  
1972  4 16.000000    13.0153064194      -5.741022830  
1972  4 26.000000    12.9894166628      -5.602389504  
1972  5  6.000000    12.9666584126      -5.468718601  
1972  5 16.000000    12.9470040305      -5.331633874  
1972  5 26.000000    12.9304479319      -5.232049880  
1972  6  5.000000    12.9186060721      -5.184065711  
1972  6 15.000000    12.9126764508      -5.154388214  
1972  6 25.000000    12.9119124384      -5.137747645  
1972  7  5.000000    12.9157315483      -5.170521626  
1972  7 15.000000    12.9251937469      -5.255804317  
1972  7 25.000000    12.9406677200      -5.356448190  
1972  8  4.000000    12.9606890190      -5.469898071  
1972  8 14.000000    12.9844513242      -5.628708966  
1972  8 24.000000    13.0126332278      -5.826655720  
1972  9  3.000000    13.0449938102      -6.025672322  
1972  9 13.000000    13.0797316248      -6.227480522  
1972  9 23.000000    13.1159532953      -6.461048952  
1972 10  3.000000    13.1542241661      -6.713663118  
1972 10 13.000000    13.1939123823      -6.948188420  
1972 10 23.000000    13.2329162556      -7.170532409  
1972 11  2.000000    13.2705379125      -7.407983448  
1972 11 12.000000    13.3073320157      -7.642287489  
1972 11 22.000000    13.3422887358      -7.837954747  
1972 12  2.000000    13.3733257988      -8.007047135  
1972 12 12.000000    13.4000634609      -8.175379237  
1972 12 22.000000    13.4232017478      -8.320478033  
1973  1  1.000000    13.4417132334      -8.410836293  
1973  1 11.000000    13.4537758025      -8.465763797  
1973  1 21.000000    13.4597623857      -8.511381167  
1973  1 31.000000    13.4609016095      -8.522846093  
1973  2 10.000000    13.4564439685      -8.474852267  
1973  2 20.000000    13.4454498180      -8.396997738  
1973  3  2.000000    13.4293638595      -8.315949402  
1973  3 12.000000    13.4100545221      -8.205713696  
1973  3 22.000000    13.3874237715      -8.050655772  
1973  4  1.000000    13.3614009993      -7.889400637  
1973  4 11.000000    13.3342370590      -7.746731700  
1973  4 21.000000    13.3081126455      -7.595277381  
1973  5  1.000000    13.2829537129      -7.427036006  
1973  5 11.000000    13.2589955230      -7.284595235  
1973  5 21.000000    13.2384525800      -7.184832155  
1973  5 31.000000    13.2228324727      -7.095795959  
1973  6 10.000000    13.2115364834      -7.014161164  
1973  6 20.000000    13.2044014279      -6.979410341  
1973  6 30.000000    13.2029739504      -6.996736525  
1973  7 10.000000    13.2078954566      -7.030340003  
1973  7 20.000000    13.2177791877      -7.079151077  
1973  7 30.000000    13.2320711874      -7.177825921  
1973  8  9.000000    13.2518399360      -7.321430600  
1973  8 19.000000    13.2768994605      -7.472110661  
1973  8 29.000000    13.3054236835      -7.632549234  
1973  9  8.000000    13.3367489154      -7.833071939  
1973  9 18.000000    13.3716138526      -8.060887827  
1973  9 28.000000    13.4093655118      -8.279113331  
1973 10  8.000000    13.4478793600      -8.494430075  
1973 10 18.000000    13.4865548028      -8.733997597  
1973 10 28.000000    13.5260733952      -8.979583846  
1973 11  7.000000    13.5653068414      -9.195723283  
1973 11 17.000000    13.6020334637      -9.394394359  
1973 11 27.000000    13.6359595091      -9.600779452  
1973 12  7.000000    13.6676977361      -9.791588416  
1973 12 17.000000    13.6959214118      -9.934932242  
1973 12 27.000000    13.7185834402     -10.049167027  
1974  1  6.000000    13.7358820568     -10.158183880  
1974  1 16.000000    13.7487667224     -10.235720389  
1974  1 26.000000    13.7559955396     -10.255219357  
1974  2  5.000000    13.7561460741     -10.243409463  
1974  2 15.000000    13.7504391055     -10.224418757  
1974  2 25.000000    13.7403544981     -10.170118261  
1974  3  7.000000    13.7251992918     -10.062654903  
1974  3 17.000000    13.7046188797      -9.938453620  
1974  3 27.000000    13.6808003872      -9.820462241  
1974  4  6.000000    13.6557992251      -9.680371771  
1974  4 16.000000    13.6293532511      -9.509665278  
1974  4 26.000000    13.6017568207      -9.351038522  
1974  5  6.000000    13.5756613026      -9.222630609  
1974  5 16.000000    13.5528347705      -9.093604031  
1974  5 26.000000    13.5327447609      -8.961880927  
1974  6  5.000000    13.5156713635      -8.869909409  
1974  6 15.000000    13.5037243266      -8.825154858  
1974  6 25.000000    13.4978075706      -8.793141573  
1974  7  5.000000    13.4967157563      -8.775060935  
1974  7 15.000000    13.5002340234      -8.807986835  
1974  7 25.000000    13.5098637000      -8.888658717  
1974  8  4.000000    13.5255797989      -8.979938000  
1974  8 14.000000    13.5455532282      -9.085854450  
1974  8 24.000000    13.5694068507      -9.238463070  
1974  9  3.000000    13.5981377948      -9.425394636  
1974  9 13.000000    13.6310632915      -9.609832181  
1974  9 23.000000    13.6660824051      -9.799698651  
1974 10  3.000000    13.7027626303     -10.022560319  
1974 10 13.000000    13.7418995252     -10.259886116  
1974 10 23.000000    13.7823270470     -10.476743836  
1974 11  2.000000    13.8217402840     -10.685275670  
1974 11 12.000000    13.8599574124     -10.910398933  
1974 11 22.000000    13.8976224030     -11.128353883  
1974 12  2.000000    13.9331652219     -11.307211035  
1974 12 12.000000    13.9644184416     -11.465007497  
1974 12 22.000000    13.9915380763     -11.624207571  
1975  1  1.000000    14.0152378936     -11.757337330  
1975  1 11.000000    14.0339072530     -11.837440869  
1975  1 21.000000    14.0457643046     -11.889401739  
1975  1 31.000000    14.0517789811     -11.934662914  
1975  2 10.000000    14.0530728334     -11.943562238  
1975  2 20.000000    14.0483336848     -11.896316110  
1975  3  2.000000    14.0368047376     -11.826775803  
1975  3 12.000000    14.0205001473     -11.755321406  
1975  3 22.000000    14.0011008839     -11.651715720  
1975  4  1.000000    13.9779654184     -11.506145425  
1975  4 11.000000    13.9512834726     -11.359973768  
1975  4 21.000000    13.9238644621     -11.230720411  
1975  5  1.000000    13.8975837065     -11.087680295  
1975  5 11.000000    13.8718611162     -10.929318256  
1975  5 21.000000    13.8473002415     -10.799705757  
1975  5 31.000000    13.8265841789     -10.708262788  
1975  6 10.000000    13.8108567824     -10.621613507  
1975  6 20.000000    13.7990971824     -10.543239072  
1975  6 30.000000    13.7915547289     -10.513093132  
1975  7 10.000000    13.7901958214     -10.529501757  
1975  7 20.000000    13.7952296999     -10.556708138  
1975  7 30.000000    13.8049186519     -10.600539045  
1975  8  9.000000    13.8192002996     -10.695135558  
1975  8 19.000000    13.8394383221     -10.828993200  
1975  8 29.000000    13.8649557424     -10.965663176  
1975  9  8.000000    13.8936827596     -11.114443232  
1975  9 18.000000    13.9254477804     -11.304007229  
1975  9 28.000000    13.9611822643     -11.515517384  
1975 10  8.000000    13.9996895149     -11.714521283  
1975 10 18.000000    14.0386708170     -11.914076829  
1975 10 28.000000    14.0780650643     -12.138794215  
1975 11  7.000000    14.1186090672     -12.364732984  
1975 11 17.000000    14.1585813885     -12.560181652  
1975 11 27.000000    14.1957260076     -12.743268108  
1975 12  7.000000    14.2302857082     -12.935565329  
1975 12 17.000000    14.2628175189     -13.108751530  
1975 12 27.000000    14.2914172356     -13.235881948  
1976  1  6.000000    14.3141100349     -13.340972085  
1976  1 16.000000    14.3316698271     -13.443232357  
1976  1 26.000000    14.3448960314     -13.511760210  
1976  2  5.000000    14.3519717314     -13.525944481  
1976  2 15.000000    14.3517131787     -13.517176791  
1976  2 25.000000    14.3459043717     -13.503223719  
1976  3  6.000000    14.3357656208     -13.451867447  
1976  3 16.000000    14.3200944084     -13.351660181  
1976  3 26.000000    14.2988596295     -13.241908637  
1976  4  5.000000    14.2747779771     -13.137911140  
1976  4 15.000000    14.2495609179     -13.008002660  
1976  4 25.000000    14.2224561690     -12.850323226  
1976  5  5.000000    14.1941866720     -12.708949911  
1976  5 15.000000    14.1678616556     -12.593823488  
1976  5 25.000000    14.1448076331     -12.472348641  
1976  6  4.000000    14.1241098163     -12.349578550  
1976  6 14.000000    14.1065208332     -12.268093693  
1976  6 24.000000    14.0945249407     -12.227756431  
1976  7  4.000000    14.0885592244     -12.194143482  
1976  7 14.000000    14.0870983586     -12.175674905  
1976  7 24.000000    14.0904609532     -12.208660982  
1976  8  3.000000    14.1004304877     -12.282833751  
1976  8 13.000000    14.1164413674     -12.362589050  
1976  8 23.000000    14.1364661792     -12.458995349  
1976  9  2.000000    14.1606723855     -12.602195105  
1976  9 12.000000    14.1901982453     -12.773429315  
1976  9 22.000000    14.2238074581     -12.938647993  
1976 10  2.000000    14.2592739970     -13.112330169  
1976 10 12.000000    14.2967128675     -13.319199259  
1976 10 22.000000    14.3369494401     -13.534877317  
1976 11  1.000000    14.3782071168     -13.728387824  
1976 11 11.000000    14.4181808826     -13.918157807  
1976 11 21.000000    14.4572418076     -14.125206403  
1976 12  1.000000    14.4959143403     -14.320653022  
1976 12 11.000000    14.5320458505     -14.477858716  
1976 12 21.000000    14.5635892758     -14.620602616  
1976 12 31.000000    14.5912428443     -14.766442141  
1977  1 10.000000    14.6155221971     -14.883501426  
1977  1 20.000000    14.6342491338     -14.951172396  
1977  1 30.000000    14.6459071052     -14.999212903  
1977  2  9.000000    14.6520217316     -15.042739473  
1977  2 19.000000    14.6533911463     -15.048245735  
1977  3  1.000000    14.6482112736     -15.002993297  
1977  3 11.000000    14.6361177542     -14.943951541  
1977  3 21.000000    14.6196136485     -14.883673895  
1977  3 31.000000    14.5999897588     -14.788759581  
1977  4 10.000000    14.5761583658     -14.656534167  
1977  4 20.000000    14.5487777844     -14.529595104  
1977  4 30.000000    14.5210992888     -14.416750433  
1977  5 10.000000    14.4945004338     -14.285337250  
1977  5 20.000000    14.4680420485     -14.141215282  
1977  5 30.000000    14.4428755211     -14.028222748  
1977  6  9.000000    14.4220063360     -13.947312103  
1977  6 19.000000    14.4060606880     -13.865100583  
1977  6 29.000000    14.3937538139     -13.792585507  
1977  7  9.000000    14.3859015664     -13.768512775  
1977  7 19.000000    14.3847228037     -13.783627089  
1977  7 29.000000    14.3898561912     -13.803862965  
1977  8  8.000000    14.3993981466     -13.842416227  
1977  8 18.000000    14.4138877091     -13.931214200  
1977  8 28.000000    14.4347866993     -14.051954268  
1977  9  7.000000    14.4608341258     -14.171277526  
1977  9 17.000000    14.4899039057     -14.305334630  
1977  9 27.000000    14.5223840050     -14.479550869  
1977 10  7.000000    14.5591942321     -14.669068487  
1977 10 17.000000    14.5985314791     -14.843710688  
1977 10 27.000000    14.6381285862     -15.022888853  
1977 11  6.000000    14.6784904691     -15.227001180  
1977 11 16.000000    14.7201899281     -15.426876495  
1977 11 26.000000    14.7609082554     -15.596419381  
1977 12  6.000000    14.7985644648     -15.759517463  
1977 12 16.000000    14.8339195089     -15.932555523  
1977 12 26.000000    14.8672687258     -16.082926357  
1978  1  5.000000    14.8961641039     -16.190483580  
1978  1 15.000000    14.9189193659     -16.284134221  
1978  1 25.000000    14.9368308969     -16.376741490  
1978  2  4.000000    14.9503338410     -16.433893638  
1978  2 14.000000    14.9571248864     -16.442589031  
1978  2 24.000000    14.9564685289     -16.437585664  
1978  3  6.000000    14.9506025057     -16.428766645  
1978  3 16.000000    14.9402971318     -16.381152381  
1978  3 26.000000    14.9239610765     -16.291060956  
1978  4  5.000000    14.9020740981     -16.199036669  
1978  4 15.000000    14.8777481972     -16.111300515  
1978  4 25.000000    14.8521691883     -15.994411324  
1978  5  5.000000    14.8242535550     -15.854172132  
1978  5 15.000000    14.7953256318     -15.734073937  
1978  5 25.000000    14.7687804085     -15.634834261  
1978  6  4.000000    14.7453610500     -15.523761659  
1978  6 14.000000    14.7239544706     -15.413668833  
1978  6 24.000000    14.7059205094     -15.345344708  
1978  7  4.000000    14.6939374678     -15.310326105  
1978  7 14.000000    14.6878562744     -15.276039366  
1978  7 24.000000    14.6860290615     -15.258529545  
1978  8  3.000000    14.6894111084     -15.291400372  
1978  8 13.000000    14.6998563594     -15.357140230  
1978  8 23.000000    14.7161806323     -15.423561525  
1978  9  2.000000    14.7363647721     -15.508843821  
1978  9 12.000000    14.7611666219     -15.639444063  
1978  9 22.000000    14.7916552296     -15.790334910  
1978 10  2.000000    14.8259974489     -15.932156559  
1978 10 12.000000    14.8620473522     -16.085801983  
1978 10 22.000000    14.9004809433     -16.271379165  
1978 11  1.000000    14.9419313010     -16.459222568  
1978 11 11.000000    14.9840158804     -16.624271827  
1978 11 21.000000    15.0246470056     -16.790711518  
1978 12  1.000000    15.0647087205     -16.974015679  
1978 12 11.000000    15.1043978278     -17.141104367  
1978 12 21.000000    15.1410368727     -17.272507125  
1978 12 31.000000    15.1729059566     -17.396870757  
1979  1 10.000000    15.2011741374     -17.525191748  
1979  1 20.000000    15.2259574198     -17.622490549  
1979  1 30.000000    15.2446112353     -17.676221181  
1979  2  9.000000    15.2560898182     -17.719598739  
1979  2 19.000000    15.2623480749     -17.759921943  
1979  3  1.000000    15.2636766118     -17.761413961  
1979  3 11.000000    15.2579270195     -17.719732429  
1979  3 21.000000    15.2452969965     -17.673201623  
1979  3 31.000000    15.2286228058     -17.625192332  
1979  4 10.000000    15.2086423980     -17.540932631  
1979  4 20.000000    15.1839920134     -17.425911846  
1979  4 30.000000    15.1559560896     -17.321823979  
1979  5 10.000000    15.1280373970     -17.227754727  
1979  5 20.000000    15.1009806236     -17.111021390  
1979  5 30.000000    15.0736964195     -16.985423146  
1979  6  9.000000    15.0479980831     -16.892385385  

