v15.04    Планета: Уран  (INPOP13C)
          Спутник: U2 Умбриэль  (Lainey V., 2015..)
                            - эфемериды на инт. 1847/01/00.5-2145/02/13.7
   Обсерватория N:  84 - Pulkovo
    Шкала времени: UTC
Средний экватор и равноденствие эпохи J2000.  ICRF. 
Координаты астрометрические 
Год  Месяц День       alpha (h)          delta (º)
1952  2  1.000000     6.8320846738      23.336786885  
1952  2 11.000000     6.8091356736      23.360430593  
1952  2 21.000000     6.7897709202      23.389110097  
1952  3  2.000000     6.7766158836      23.391945439  
1952  3 12.000000     6.7697040731      23.407852704  
1952  3 22.000000     6.7684093524      23.400557605  
1952  4  1.000000     6.7748657140      23.393083832  
1952  4 11.000000     6.7863622663      23.382239243  
1952  4 21.000000     6.8049019795      23.351091857  
1952  5  1.000000     6.8286223222      23.331917540  
1952  5 11.000000     6.8570695138      23.287337492  
1952  5 21.000000     6.8907593854      23.249634710  
1952  5 31.000000     6.9268879678      23.202059773  
1952  6 10.000000     6.9670883504      23.142456899  
1952  6 20.000000     7.0085693946      23.092980894  
1952  6 30.000000     7.0515716093      23.020633309  
1952  7 10.000000     7.0954956819      22.962684272  
1952  7 20.000000     7.1381307013      22.892491452  
1952  7 30.000000     7.1808452651      22.822774570  
1952  8  9.000000     7.2205290607      22.763757961  
1952  8 19.000000     7.2581629284      22.691036641  
1952  8 29.000000     7.2923153649      22.642424917  
1952  9  8.000000     7.3216651808      22.584372649  
1952  9 18.000000     7.3472773342      22.542938990  
1952  9 28.000000     7.3662548427      22.513667686  
1952 10  8.000000     7.3803476313      22.483578289  
1952 10 18.000000     7.3877305892      22.484350664  
1952 10 28.000000     7.3885102820      22.477971953  
1952 11  7.000000     7.3836816260      22.499475857  
1952 11 17.000000     7.3714907218      22.526641390  
1952 11 27.000000     7.3548185420      22.559447243  
1952 12  7.000000     7.3322215095      22.615539841  
1952 12 17.000000     7.3059297214      22.657505169  
1952 12 27.000000     7.2770656775      22.723291773  
1953  1  6.000000     7.2456889662      22.775798188  
1953  1 16.000000     7.2153941324      22.830432427  
1953  1 26.000000     7.1850557229      22.888305632  
1953  2  5.000000     7.1581631032      22.923303278  
1953  2 15.000000     7.1347906335      22.971444047  
1953  2 25.000000     7.1157293315      22.991547070  
1953  3  7.000000     7.1032921277      23.013723693  
1953  3 17.000000     7.0956312749      23.024732294  
1953  3 27.000000     7.0955749676      23.015785471  
1953  4  6.000000     7.1012510209      23.014139756  
1953  4 16.000000     7.1132812498      22.982452657  
1953  4 26.000000     7.1319610013      22.957791377  
1953  5  6.000000     7.1550637854      22.915180721  
1953  5 16.000000     7.1843980718      22.861822134  
1953  5 26.000000     7.2170493081      22.811822123  
1953  6  5.000000     7.2537957215      22.736342820  
1953  6 15.000000     7.2935756358      22.673045990  
1953  6 25.000000     7.3346859535      22.589775594  
1953  7  5.000000     7.3781790119      22.507688504  
1953  7 15.000000     7.4210282957      22.427299862  
1953  7 25.000000     7.4643731365      22.331800450  
1953  8  4.000000     7.5062857683      22.255360805  
1953  8 14.000000     7.5459579368      22.163069643  
1953  8 24.000000     7.5837582895      22.087508152  
1953  9  3.000000     7.6169938740      22.015679204  
1953  9 13.000000     7.6471371216      21.944766467  
1953  9 23.000000     7.6717496716      21.900562278  
1953 10  3.000000     7.6911086193      21.849040971  
1953 10 13.000000     7.7050876845      21.829294465  
1953 10 23.000000     7.7118758134      21.814119715  
1953 11  2.000000     7.7134640793      21.814522643  
1953 11 12.000000     7.7076268920      21.840950351  
1953 11 22.000000     7.6962308777      21.863633987  
1953 12  2.000000     7.6792100639      21.920078427  
1953 12 12.000000     7.6565496666      21.970053923  
1953 12 22.000000     7.6310008316      22.036611914  
1954  1  1.000000     7.6013638806      22.110451116  
1954  1 11.000000     7.5711683280      22.172662509  
1954  1 21.000000     7.5403460070      22.252838266  
1954  1 31.000000     7.5105678929      22.307254132  
1954  2 10.000000     7.4841591114      22.370090995  
1954  2 20.000000     7.4603382159      22.417024089  
1954  3  2.000000     7.4425056949      22.447730543  
1954  3 12.000000     7.4292929803      22.481026434  
1954  3 22.000000     7.4224979792      22.481279835  
1954  4  1.000000     7.4223682600      22.488029592  
1954  4 11.000000     7.4277606755      22.468417270  
1954  4 21.000000     7.4406165577      22.439209602  
1954  5  1.000000     7.4582678629      22.405248760  
1954  5 11.000000     7.4821845779      22.343448555  
1954  5 21.000000     7.5108728575      22.290273600  
1954  5 31.000000     7.5433621259      22.209545540  
1954  6 10.000000     7.5804094348      22.129900357  
1954  6 20.000000     7.6191352490      22.042359530  
1954  6 30.000000     7.6609160199      21.938332549  
1954  7 10.000000     7.7034315846      21.846445795  
1954  7 20.000000     7.7463541947      21.732415083  
1954  7 30.000000     7.7895745900      21.632769075  
1954  8  9.000000     7.8306754281      21.526677149  
1954  8 19.000000     7.8709154536      21.421069091  
1954  8 29.000000     7.9076466521      21.333469462  
1954  9  8.000000     7.9412905116      21.235661789  
1954  9 18.000000     7.9710039329      21.167514719  
1954  9 28.000000     7.9952106133      21.097986729  
1954 10  8.000000     8.0150657000      21.048502426  
1954 10 18.000000     8.0280562502      21.021267546  
1954 10 28.000000     8.0356121385      20.996802273  
1954 11  7.000000     8.0365759644      21.010805354  
1954 11 17.000000     8.0308453170      21.023587757  
1954 11 27.000000     8.0198725038      21.066532170  
1954 12  7.000000     8.0021423843      21.122239288  
1954 12 17.000000     7.9805704561      21.182086710  
1954 12 27.000000     7.9543490189      21.268969633  
1955  1  6.000000     7.9254054455      21.340451727  
1955  1 16.000000     7.8954908582      21.432802942  
1955  1 26.000000     7.8644190109      21.512214801  
1955  2  5.000000     7.8358053194      21.586042669  
1955  2 15.000000     7.8087294730      21.662158475  
1955  2 25.000000     7.7859624639      21.708199190  
1955  3  7.000000     7.7680003417      21.761910064  
1955  3 17.000000     7.7548681735      21.783804868  
1955  3 27.000000     7.7488153812      21.798548787  
1955  4  6.000000     7.7479066396      21.800057337  
1955  4 16.000000     7.7542515259      21.772889722  
1955  4 26.000000     7.7663849359      21.749248153  
1955  5  6.000000     7.7842156181      21.691009511  
1955  5 16.000000     7.8082155105      21.633235469  
1955  5 26.000000     7.8360484469      21.557109856  
1955  6  5.000000     7.8691872436      21.463597473  
1955  6 15.000000     7.9051111989      21.374012928  
1955  6 25.000000     7.9440874073      21.256313442  
1955  7  5.000000     7.9854504421      21.149522971  
1955  7 15.000000     8.0272562262      21.025604719  
1955  7 25.000000     8.0705742325      20.900594902  
1955  8  4.000000     8.1126177937      20.782919990  
1955  8 14.000000     8.1541116700      20.650769776  
1955  8 24.000000     8.1936736994      20.542150421  
1955  9  3.000000     8.2300558512      20.423641716  
1955  9 13.000000     8.2639115673      20.324387636  
1955  9 23.000000     8.2926612011      20.238182158  
1955 10  3.000000     8.3174569059      20.156185584  
1955 10 13.000000     8.3365280323      20.109294289  
1955 10 23.000000     8.3496677896      20.061588197  
1955 11  2.000000     8.3572870335      20.050516082  
1955 11 12.000000     8.3576692653      20.052768952  
1955 11 22.000000     8.3527427268      20.072550683  
1955 12  2.000000     8.3410061064      20.125508235  
1955 12 12.000000     8.3240054385      20.176149928  
1955 12 22.000000     8.3023853021      20.262242078  
1956  1  1.000000     8.2761152073      20.344106352  
1956  1 11.000000     8.2481222550      20.438313307  
1956  1 21.000000     8.2175968782      20.541155137  
1956  1 31.000000     8.1877125578      20.625986925  
1956  2 10.000000     8.1588689880      20.725790035  
1956  2 20.000000     8.1321946743      20.795642010  
1956  3  1.000000     8.1101382076      20.865687304  
1956  3 11.000000     8.0916490626      20.917855524  
1956  3 21.000000     8.0796312472      20.944232674  
1956  3 31.000000     8.0729401662      20.969740740  
1956  4 10.000000     8.0725156685      20.956085023  
1956  4 20.000000     8.0788974797      20.941871284  
1956  4 30.000000     8.0904728084      20.899371368  
1956  5 10.000000     8.1089248447      20.839102579  
1956  5 20.000000     8.1318881195      20.773186629  
1956  5 30.000000     8.1601155732      20.674457416  
1956  6  9.000000     8.1926446321      20.581691819  
1956  6 19.000000     8.2280920447      20.461358012  
1956  6 29.000000     8.2672289031      20.338227227  
1956  7  9.000000     8.3074458413      20.210339845  
1956  7 19.000000     8.3496348818      20.064024224  
1956  7 29.000000     8.3920106115      19.932938260  
1956  8  8.000000     8.4338375532      19.782456256  
1956  8 18.000000     8.4752343252      19.647840754  
1956  8 28.000000     8.5138361536      19.513934955  
1956  9  7.000000     8.5506735987      19.382098758  
1956  9 17.000000     8.5835487691      19.276384327  
1956  9 27.000000     8.6124482682      19.165415139  
1956 10  7.000000     8.6370222345      19.089773401  
1956 10 17.000000     8.6555250750      19.021716485  
1956 10 27.000000     8.6692001771      18.977014420  
1956 11  6.000000     8.6759891142      18.964014423  
1956 11 16.000000     8.6769542008      18.957424602  
1956 11 26.000000     8.6717388163      18.994706990  
1956 12  6.000000     8.6600001027      19.035940238  
1956 12 16.000000     8.6436007804      19.107298670  
1956 12 26.000000     8.6214618168      19.195835226  
1957  1  5.000000     8.5962300415      19.285387971  
1957  1 15.000000     8.5679073431      19.402076630  
1957  1 25.000000     8.5380012224      19.500333441  
1957  2  4.000000     8.5086266433      19.613859916  
1957  2 14.000000     8.4795741869      19.712492716  
1957  2 24.000000     8.4540666004      19.796690381  
1957  3  6.000000     8.4314812579      19.880278415  
1957  3 16.000000     8.4138480133      19.926293125  
1957  3 26.000000     8.4018440505      19.973652738  
1957  4  5.000000     8.3949790253      19.985595195  
1957  4 15.000000     8.3952656086      19.981450185  
1957  4 25.000000     8.4007733423      19.962480856  
1957  5  5.000000     8.4129780345      19.907551781  
1957  5 15.000000     8.4307971387      19.852886431  
1957  5 25.000000     8.4535249455      19.761237375  
1957  6  4.000000     8.4818271136      19.664518532  
1957  6 14.000000     8.5133385178      19.550753643  
1957  6 24.000000     8.5491330804      19.415215997  
1957  7  4.000000     8.5872507997      19.284953481  
1957  7 14.000000     8.6273400245      19.126720364  
1957  7 24.000000     8.6691662342      18.979158730  
1957  8  3.000000     8.7106925568      18.819014899  
1957  8 13.000000     8.7527466969      18.657697154  
1957  8 23.000000     8.7930639249      18.509906885  
1957  9  2.000000     8.8318121323      18.350519877  
1957  9 12.000000     8.8681006098      18.219847448  
1957  9 22.000000     8.9004899229      18.086307768  
1957 10  2.000000     8.9296263614      17.975687433  
1957 10 12.000000     8.9532851373      17.887508795  
1957 10 22.000000     8.9722647741      17.807522546  
1957 11  1.000000     8.9853749678      17.770587213  
1957 11 11.000000     8.9921527449      17.739122754  
1957 11 21.000000     8.9934071533      17.747942585  
1957 12  1.000000     8.9876272152      17.777643318  
1957 12 11.000000     8.9767026697      17.825103033  
1957 12 21.000000     8.9598469852      17.910268101  
1957 12 31.000000     8.9382763414      17.992887130  
1958  1 10.000000     8.9133468105      18.109166300  
1958  1 20.000000     8.8849592775      18.221417495  
1958  1 30.000000     8.8560640208      18.339268085  
1958  2  9.000000     8.8263306229      18.464164812  
1958  2 19.000000     8.7982674792      18.563861367  
1958  3  1.000000     8.7727884359      18.672933376  
1958  3 11.000000     8.7504429076      18.747403519  
1958  3 21.000000     8.7335150168      18.813278792  
1958  3 31.000000     8.7209853528      18.858458735  
1958  4 10.000000     8.7149868210      18.869412904  
1958  4 20.000000     8.7147019686      18.875776155  
1958  4 30.000000     8.7203818982      18.838212301  
1958  5 10.000000     8.7326211774      18.794101901  
1958  5 20.000000     8.7496759725      18.720880339  
1958  5 30.000000     8.7728462445      18.623618439  
1958  6  9.000000     8.8001125724      18.520979161  
1958  6 19.000000     8.8316746733      18.382709684  
1958  6 29.000000     8.8669710294      18.249014987  
1958  7  9.000000     8.9043395403      18.089824075  
1958  7 19.000000     8.9445356460      17.925579319  
1958  7 29.000000     8.9852502780      17.761110965  
1958  8  8.000000     9.0268647440      17.578549539  
1958  8 18.000000     9.0681905591      17.414924504  
1958  8 28.000000     9.1080494152      17.236825307  
1958  9  7.000000     9.1467484709      17.077016942  
1958  9 17.000000     9.1821362875      16.925840561  
1958  9 27.000000     9.2147938585      16.780089256  
1958 10  7.000000     9.2431800654      16.668234076  
1958 10 17.000000     9.2668167123      16.557233238  
1958 10 27.000000     9.2857182809      16.487083933  
1958 11  6.000000     9.2982845897      16.432876275  
1958 11 16.000000     9.3055831215      16.405276847  
1958 11 26.000000     9.3062054594      16.417036340  
1958 12  6.000000     9.3009114273      16.437752795  
1958 12 16.000000     9.2899632558      16.505578477  
1958 12 26.000000     9.2730516253      16.580242762  
1959  1  5.000000     9.2522475175      16.682524660  
1959  1 15.000000     9.2269355915      16.803625241  
1959  1 25.000000     9.1995082315      16.920266655  
1959  2  4.000000     9.1705989967      17.061208219  
1959  2 14.000000     9.1412830554      17.179181029  
1959  2 24.000000     9.1139219638      17.304470890  
1959  3  6.000000     9.0882123683      17.411819866  
1959  3 16.000000     9.0668551683      17.495393884  
1959  3 26.000000     9.0495893515      17.574216373  
1959  4  5.000000     9.0375572401      17.609105520  
1959  4 15.000000     9.0316626630      17.638605759  
1959  4 25.000000     9.0310216922      17.630101307  
1959  5  5.000000     9.0372054888      17.598082131  
1959  5 15.000000     9.0486145287      17.549959667  
1959  5 25.000000     9.0659547585      17.461074048  
1959  6  4.000000     9.0885537659      17.370051564  
1959  6 14.000000     9.1153486976      17.241473501  
1959  6 24.000000     9.1469171011      17.104366251  
1959  7  4.000000     9.1811585917      16.952608591  
1959  7 14.000000     9.2186684633      16.777050285  
1959  7 24.000000     9.2579701090      16.609338496  
1959  8  3.000000     9.2983155254      16.415643303  
1959  8 13.000000     9.3396926259      16.233811617  
1959  8 23.000000     9.3800958618      16.045341339  
1959  9  2.000000     9.4201022047      15.857098455  
1959  9 12.000000     9.4579233713      15.689334504  
1959  9 22.000000     9.4932180685      15.514440139  
1959 10  2.000000     9.5255797667      15.373590957  
1959 10 12.000000     9.5534000880      15.237857091  
1959 10 22.000000     9.5772754808      15.128959502  
1959 11  1.000000     9.5954849056      15.051279775  
1959 11 11.000000     9.6083360441      14.986205685  
1959 11 21.000000     9.6153588224      14.970341701  
1959 12  1.000000     9.6158958992      14.965465418  
1959 12 11.000000     9.6109852542      15.002881778  
1959 12 21.000000     9.5996371157      15.066037840  
1959 12 31.000000     9.5834607460      15.145623843  
1960  1 10.000000     9.5624610063      15.264100485  
1960  1 20.000000     9.5376225406      15.377518296  
1960  1 30.000000     9.5106841012      15.520192886  
1960  2  9.000000     9.4817029308      15.656399090  
1960  2 19.000000     9.4533883776      15.789809303  
1960  2 29.000000     9.4258001143      15.926721064  
1960  3 10.000000     9.4008478345      16.030517106  
1960  3 20.000000     9.3797003257      16.137112360  
1960  3 30.000000     9.3624199888      16.204656935  
1960  4  9.000000     9.3510584533      16.254948036  
1960  4 19.000000     9.3446238229      16.282204335  
1960  4 29.000000     9.3445036575      16.268307004  
1960  5  9.000000     9.3502709735      16.246475261  
1960  5 19.000000     9.3614979475      16.178139113  
1960  5 29.000000     9.3788610120      16.098378516  
1960  6  8.000000     9.4006441666      15.990130674  
1960  6 18.000000     9.4276052436      15.854039213  
1960  6 28.000000     9.4582995314      15.713515929  
1960  7  8.000000     9.4923181492      15.537120413  
1960  7 18.000000     9.5294147667      15.365209681  
1960  7 28.000000     9.5679216688      15.171234373  
1960  8  7.000000     9.6082866031      14.972154170  
1960  8 17.000000     9.6487002484      14.778039187  
1960  8 27.000000     9.6890346942      14.568083621  
1960  9  6.000000     9.7285130672      14.381741749  
1960  9 16.000000     9.7657876652      14.186819344  
1960  9 26.000000     9.8011327374      14.013698505  
1960 10  6.000000     9.8326994231      13.857525010  
1960 10 16.000000     9.8606887493      13.710775050  
1960 10 26.000000     9.8841016657      13.605464313  
1960 11  5.000000     9.9021261058      13.507259804  
1960 11 15.000000     9.9151138030      13.454443466  
1960 11 25.000000     9.9216538649      13.425054298  
1960 12  5.000000     9.9226416806      13.424310375  
1960 12 15.000000     9.9174162126      13.468110962  
1960 12 25.000000     9.9063674170      13.522045487  
1961  1  4.000000     9.8904278412      13.623105907  
1961  1 14.000000     9.8693857391      13.731505870  
1961  1 24.000000     9.8452893986      13.862667419  
1961  2  3.000000     9.8181962389      14.010942627  
1961  2 13.000000     9.7899879249      14.147953053  
1961  2 23.000000     9.7618513826      14.303881175  
1961  3  5.000000     9.7345461242      14.431120873  
1961  3 15.000000     9.7102834389      14.557120075  
1961  3 25.000000     9.6888914471      14.661190810  
1961  4  4.000000     9.6723819242      14.732852567  
1961  4 14.000000     9.6607582425      14.795649586  
1961  4 24.000000     9.6545090528      14.809253982  
1961  5  4.000000     9.6545363296      14.811773535  
1961  5 14.000000     9.6597591788      14.774976928  
1961  5 24.000000     9.6713247441      14.708943863  
1961  6  3.000000     9.6879410444      14.626745226  
1961  6 13.000000     9.7096729137      14.501200817  
1961  6 23.000000     9.7362415002      14.372221924  
1961  7  3.000000     9.7662790657      14.207199621  
1961  7 13.000000     9.8002645909      14.031837037  
1961  7 23.000000     9.8364605781      13.845352160  
1961  8  2.000000     9.8748708641      13.635412218  
1961  8 12.000000     9.9146099812      13.436480615  
1961  8 22.000000     9.9545389986      13.215446682  
1961  9  1.000000     9.9947158564      13.008739597  
1961  9 11.000000    10.0334237148      12.801879515  
1961  9 21.000000    10.0707437082      12.598378683  
1961 10  1.000000    10.1054691888      12.422352165  
1961 10 11.000000    10.1368517550      12.244511409  
1961 10 21.000000    10.1647237256      12.106360639  
1961 10 31.000000    10.1876117499      11.980925175  
1961 11 10.000000    10.2058934238      11.886250740  
1961 11 20.000000    10.2183912805      11.830498346  
1961 11 30.000000    10.2250949003      11.790781610  
1961 12 10.000000    10.2260811464      11.804665012  
1961 12 20.000000    10.2206830146      11.833268887  
1961 12 30.000000    10.2101330676      11.903687319  
1962  1  9.000000    10.1939474760      12.002108457  
1962  1 19.000000    10.1734836567      12.113309455  
1962  1 29.000000    10.1495046345      12.261313505  
1962  2  8.000000    10.1226875893      12.399999101  
1962  2 18.000000    10.0950875828      12.560936686  
1962  2 28.000000    10.0669166317      12.711249580  
1962  3 10.000000    10.0403938316      12.849772323  
1962  3 20.000000    10.0160887201      12.986676729  
1962  3 30.000000     9.9951461560      13.083261766  
1962  4  9.000000     9.9788856097      13.175947062  
1962  4 19.000000     9.9671101335      13.225705148  
1962  4 29.000000     9.9613362647      13.251167147  
1962  5  9.000000     9.9608571735      13.251754556  
1962  5 19.000000     9.9663109211      13.206351079  
1962  5 29.000000     9.9775388867      13.150902457  
1962  6  8.000000     9.9937633224      13.047990898  
1962  6 18.000000    10.0155139643      12.930679912  
1962  6 28.000000    10.0412692934      12.786846864  
1962  7  8.000000    10.0713109096      12.613364205  
1962  7 18.000000    10.1046385232      12.437649968  
1962  7 28.000000    10.1404095287      12.227731231  
1962  8  7.000000    10.1786029374      12.023398468  
1962  8 17.000000    10.2175765568      11.801893194  
1962  8 27.000000    10.2574697342      11.576743800  
1962  9  6.000000    10.2969920086      11.362324663  
1962  9 16.000000    10.3354574315      11.136023897  
1962  9 26.000000    10.3725287522      10.938256169  
1962 10  6.000000    10.4067386665      10.738590421  
1962 10 16.000000    10.4381785519      10.564980582  
1962 10 26.000000    10.4655273289      10.416055165  
1962 11  5.000000    10.4884517692      10.281114753  
1962 11 15.000000    10.5065330881      10.194147737  
1962 11 25.000000    10.5188193516      10.119656839  
1962 12  5.000000    10.5257426903      10.094074513  
1962 12 15.000000    10.5263841839      10.097206094  
1962 12 25.000000    10.5213658781      10.129336786  
1963  1  4.000000    10.5107265319      10.208580481  
1963  1 14.000000    10.4947160988      10.296617416  
1963  1 24.000000    10.4746689700      10.429111677  
1963  2  3.000000    10.4506131169      10.566906002  
1963  2 13.000000    10.4244979950      10.720231413  
1963  2 23.000000    10.3968996115      10.886833640  
1963  3  5.000000    10.3692278011      11.034245979  
1963  3 15.000000    10.3430714461      11.193640609  
1963  3 25.000000    10.3188230715      11.318678845  
1963  4  4.000000    10.2984827836      11.433848469  
1963  4 14.000000    10.2820238866      11.523280646  
1963  4 24.000000    10.2706591100      11.573315563  
1963  5  4.000000    10.2647719915      11.610680695  
1963  5 14.000000    10.2641940104      11.595583034  
1963  5 24.000000    10.2697518204      11.565150523  
1963  6  3.000000    10.2804413615      11.495220689  
1963  6 13.000000    10.2967715893      11.392786729  
1963  6 23.000000    10.3179405188      11.275044167  
1963  7  3.000000    10.3434537713      11.113454442  
1963  7 13.000000    10.3732206683      10.948754119  
1963  7 23.000000    10.4058900994      10.750769476  
1963  8  2.000000    10.4416202081      10.542554224  
1963  8 12.000000    10.4791052543      10.327783349  
1963  8 22.000000    10.5178800656      10.091420110  
1963  9  1.000000    10.5574283897       9.870258926  
1963  9 11.000000    10.5964185169       9.632029436  
1963  9 21.000000    10.6348787662       9.411407247  
1963 10  1.000000    10.6713684281       9.197757902  
1963 10 11.000000    10.7055346669       8.991407492  
1963 10 21.000000    10.7367107700       8.819294477  
1963 10 31.000000    10.7637620530       8.651187409  
1963 11 10.000000    10.7867667718       8.527749246  
1963 11 20.000000    10.8044610226       8.423864072  
1963 11 30.000000    10.8169078980       8.354080366  
1963 12 10.000000    10.8236551646       8.328758347  
1963 12 20.000000    10.8243097748       8.321688522  
1963 12 30.000000    10.8194775844       8.370210985  
1964  1  9.000000    10.8087048603       8.434547138  
1964  1 19.000000    10.7931426487       8.538111398  
1964  1 29.000000    10.7730323766       8.668804799  
1964  2  8.000000    10.7493925073       8.806454274  
1964  2 18.000000    10.7235491173       8.976487630  
1964  2 28.000000    10.6960881416       9.131036215  
1964  3  9.000000    10.6690258659       9.299637909  
1964  3 19.000000    10.6428076035       9.452581099  
1964  3 29.000000    10.6191249871       9.584619907  
1964  4  8.000000    10.5988434783       9.710001368  
1964  4 18.000000    10.5825034052       9.788900208  
1964  4 28.000000    10.5714421219       9.857856261  
1964  5  8.000000    10.5652456666       9.881541209  
1964  5 18.000000    10.5649413930       9.875482627  
1964  5 28.000000    10.5701278132       9.843795564  
1964  6  7.000000    10.5807159039       9.763676694  
1964  6 17.000000    10.5968797692       9.672422764  
1964  6 27.000000    10.6175486363       9.534670789  
1964  7  7.000000    10.6430246576       9.381453920  
1964  7 17.000000    10.6721875842       9.204557715  
1964  7 27.000000    10.7046855410       8.998484216  
1964  8  6.000000    10.7400288741       8.793274373  
1964  8 16.000000    10.7770647598       8.556899170  
1964  8 26.000000    10.8157403998       8.328758255  
1964  9  5.000000    10.8547155992       8.088912754  
1964  9 15.000000    10.8936528374       7.848251916  
1964  9 25.000000    10.9317515383       7.624696447  
1964 10  5.000000    10.9679621178       7.393785204  
1964 10 15.000000    11.0021238343       7.196793567  
1964 10 25.000000    11.0328553978       7.004690261  
1964 11  4.000000    11.0600157822       6.842679376  
1964 11 14.000000    11.0827526861       6.712616468  
1964 11 24.000000    11.1003501620       6.600468200  
1964 12  4.000000    11.1128925996       6.541250082  
1964 12 14.000000    11.1193613901       6.498738095  
1964 12 24.000000    11.1202920464       6.506528630  
1965  1  3.000000    11.1153080300       6.545915129  
1965  1 13.000000    11.1047128506       6.612714780  
1965  1 23.000000    11.0893368110       6.725934435  
1965  2  2.000000    11.0692426902       6.844517033  
1965  2 12.000000    11.0460606850       7.002419310  
1965  2 22.000000    11.0202103248       7.161097261  
1965  3  4.000000    10.9932330942       7.327069559  
1965  3 14.000000    10.9663178046       7.500800186  
1965  3 24.000000    10.9403470467       7.647099655  
1965  4  3.000000    10.9170409253       7.798513426  
1965  4 13.000000    10.8966839619       7.910081292  
1965  4 23.000000    10.8807749491       8.004327749  
1965  5  3.000000    10.8695239297       8.070035389  
1965  5 13.000000    10.8634553782       8.090868263  
1965  5 23.000000    10.8631274787       8.096730223  
1965  6  2.000000    10.8679874441       8.048651888  
1965  6 12.000000    10.8786858792       7.982494452  
1965  6 22.000000    10.8943408279       7.878398590  
1965  7  2.000000    10.9149343714       7.740355780  
1965  7 12.000000    10.9400946907       7.588971324  
1965  7 22.000000    10.9688390035       7.395302678  
1965  8  1.000000    11.0012604892       7.199872415  
1965  8 11.000000    11.0360617216       6.975243469  
1965  8 21.000000    11.0730064962       6.742175036  
1965  8 31.000000    11.1113350785       6.507533546  
1965  9 10.000000    11.1500184865       6.254783731  
1965  9 20.000000    11.1888908252       6.022040617  
1965  9 30.000000    11.2265780129       5.777690363  
1965 10 10.000000    11.2628275276       5.555250084  
1965 10 20.000000    11.2966994742       5.346655713  
1965 10 30.000000    11.3273289036       5.149531394  
1965 11  9.000000    11.3544908484       4.993235717  
1965 11 19.000000    11.3769306336       4.845894303  
1965 11 29.000000    11.3947211140       4.747472731  
1965 12  9.000000    11.4070050966       4.674144423  
1965 12 19.000000    11.4135629587       4.636403785  
1965 12 29.000000    11.4145530151       4.646820352  
1966  1  8.000000    11.4094223056       4.675487058  
1966  1 18.000000    11.3991834612       4.758916665  
1966  1 28.000000    11.3836464768       4.857111133  
1966  2  7.000000    11.3638984948       4.989261402  
1966  2 17.000000    11.3408417633       5.145183968  
1966  2 27.000000    11.3151099513       5.300876242  
1966  3  9.000000    11.2885564246       5.482403728  
1966  3 19.000000    11.2616065195       5.641746443  
1966  3 29.000000    11.2360913330       5.806667972  
1966  4  8.000000    11.2127914395       5.950490110  
1966  4 18.000000    11.1926475625       6.065681084  
1966  4 28.000000    11.1768853699       6.169688915  
1966  5  8.000000    11.1655133512       6.222443676  
1966  5 18.000000    11.1596627950       6.261079589  
1966  5 28.000000    11.1590174714       6.253233949  
1966  6  7.000000    11.1639436750       6.212268195  
1966  6 17.000000    11.1744028239       6.146487971  
1966  6 27.000000    11.1897830112       6.031376376  
1966  7  7.000000    11.2103479774       5.905800870  
1966  7 17.000000    11.2350040588       5.736163683  
1966  7 27.000000    11.2637349548       5.551361829  
1966  8  6.000000    11.2957842732       5.347188969  
1966  8 16.000000    11.3303191068       5.115642452  
1966  8 26.000000    11.3672146494       4.888910048  
1966  9  5.000000    11.4050896163       4.635503823  
1966  9 15.000000    11.4438331692       4.393592841  
1966  9 25.000000    11.4824036335       4.146121993  
1966 10  5.000000    11.5199574042       3.901674735  
1966 10 15.000000    11.5562286924       3.680474612  
1966 10 25.000000    11.5897779813       3.457038917  
1966 11  4.000000    11.6205719540       3.272762841  
1966 11 14.000000    11.6474830582       3.099366787  
1966 11 24.000000    11.6699450172       2.959947278  
1966 12  4.000000    11.6877542222       2.858254689  
1966 12 14.000000    11.6998343558       2.776995743  
1966 12 24.000000    11.7066338487       2.752183472  
1967  1  3.000000    11.7073754242       2.745805815  
1967  1 13.000000    11.7024711013       2.789041491  
1967  1 23.000000    11.6922205801       2.864396153  
1967  2  2.000000    11.6766892458       2.962762188  
1967  2 12.000000    11.6572730565       3.104761520  
1967  2 22.000000    11.6340616771       3.246548120  
1967  3  4.000000    11.6087808276       3.420409549  
1967  3 14.000000    11.5821996467       3.589693145  
1967  3 24.000000    11.5554711347       3.757066347  
1967  4  3.000000    11.5302260868       3.926288486  
1967  4 13.000000    11.5068282059       4.060764256  
1967  4 23.000000    11.4870710512       4.193682533  
1967  5  3.000000    11.4711175240       4.282711528  
1967  5 13.000000    11.4599115318       4.348621679  
1967  5 23.000000    11.4540083418       4.384139619  
1967  6  2.000000    11.4531708954       4.371692440  
1967  6 12.000000    11.4581804605       4.343281232  
1967  6 22.000000    11.4682478100       4.260991533  
1967  7  2.000000    11.4836552282       4.160071116  
1967  7 12.000000    11.5039061984       4.023725430  
1967  7 22.000000    11.5283549230       3.853816269  
1967  8  1.000000    11.5570157175       3.674007936  
1967  8 11.000000    11.5886507221       3.454427763  
1967  8 21.000000    11.6232581815       3.235972644  
1967  8 31.000000    11.6598051699       2.993368254  
1967  9 10.000000    11.6976110313       2.744884448  
1967  9 20.000000    11.7363367420       2.500906219  
1967  9 30.000000    11.7745885824       2.242817077  
1967 10 10.000000    11.8123666521       2.009838604  
1967 10 20.000000    11.8483343209       1.771369735  
1967 10 30.000000    11.8819688169       1.558805823  
1967 11  9.000000    11.9127894368       1.366753993  
1967 11 19.000000    11.9394616131       1.190132717  
1967 11 29.000000    11.9622151748       1.059563056  
1967 12  9.000000    11.9797097599       0.942072582  
1967 12 19.000000    11.9919792182       0.876228156  
1967 12 29.000000    11.9987340695       0.838777043  
1968  1  8.000000    11.9993524213       0.836834194  
1968  1 18.000000    11.9947185872       0.884081051  
1968  1 28.000000    11.9841939920       0.947069354  
1968  2  7.000000    11.9689995223       1.061975478  
1968  2 17.000000    11.9494735434       1.187834787  
1968  2 27.000000    11.9263994785       1.340578638  
1968  3  8.000000    11.9013406430       1.512294863  
1968  3 18.000000    11.8746372077       1.675080493  
1968  3 28.000000    11.8483374990       1.856975216  
1968  4  7.000000    11.8229043920       2.009930209  
1968  4 17.000000    11.7997954663       2.160195973  
1968  4 27.000000    11.7800535590       2.285340342  
1968  5  7.000000    11.7639982102       2.375129804  
1968  5 17.000000    11.7530398364       2.450582719  
1968  5 27.000000    11.7467745652       2.472163932  
1968  6  6.000000    11.7461199919       2.476643573  
1968  6 16.000000    11.7508742949       2.435365589  
1968  6 26.000000    11.7607789021       2.359556545  
1968  7  6.000000    11.7762100984       2.260758538  
1968  7 16.000000    11.7960360193       2.113871388  
1968  7 26.000000    11.8206013726       1.958385418  
1968  8  5.000000    11.8489211037       1.762344140  
1968  8 15.000000    11.8804873690       1.553264811  
1968  8 25.000000    11.9150724186       1.329664896  
1968  9  4.000000    11.9513202617       1.081672619  
1968  9 14.000000    11.9893403038       0.843581325  
1968  9 24.000000    12.0277668760       0.583496991  
1968 10  4.000000    12.0661650239       0.339121574  
1968 10 14.000000    12.1039327466       0.095679405  
1968 10 24.000000    12.1397499511      -0.141138781  
1968 11  3.000000    12.1736993152      -0.348158009  
1968 11 13.000000    12.2041988178      -0.552949466  
1968 11 23.000000    12.2311749492      -0.714165808  
1968 12  3.000000    12.2538226021      -0.858984127  
1968 12 13.000000    12.2712396918      -0.967747568  
1968 12 23.000000    12.2837926971      -1.034440517  
1969  1  2.000000    12.2901609515      -1.079806955  
1969  1 12.000000    12.2911537997      -1.067904135  
1969  1 22.000000    12.2862796365      -1.037711616  
1969  2  1.000000    12.2758089441      -0.961090940  
1969  2 11.000000    12.2608037530      -0.854522065  
1969  2 21.000000    12.2409949757      -0.730975201  
1969  3  3.000000    12.2183457495      -0.568839676  
1969  3 13.000000    12.1930205681      -0.413946149  
1969  3 23.000000    12.1665792681      -0.234715811  
1969  4  2.000000    12.1403178211      -0.066313637  
1969  4 12.000000    12.1147927404       0.091408282  
1969  4 22.000000    12.0919943033       0.245901676  
1969  5  2.000000    12.0719358703       0.358941385  
1969  5 12.000000    12.0561728424       0.465589279  
1969  5 22.000000    12.0449805185       0.525770917  
1969  6  1.000000    12.0386766737       0.558502044  
1969  6 11.000000    12.0380823921       0.561228524  
1969  6 21.000000    12.0424395240       0.514284188  
1969  7  1.000000    12.0525685555       0.452035082  
1969  7 11.000000    12.0675911197       0.337964747  
1969  7 21.000000    12.0874386858       0.205694814  
1969  7 31.000000    12.1119565478       0.042153093  
1969  8 10.000000    12.1399502231      -0.153124993  
1969  8 20.000000    12.1717904184      -0.354189472  
1969  8 30.000000    12.2060046425      -0.590959621  
1969  9  9.000000    12.2424525769      -0.823001731  
1969  9 19.000000    12.2804522608      -1.073599500  
1969  9 29.000000    12.3187490034      -1.326368958  
1969 10  9.000000    12.3575039100      -1.568548001  
1969 10 19.000000    12.3949795740      -1.820541015  
1969 10 29.000000    12.4311744482      -2.041912398  
1969 11  8.000000    12.4650372887      -2.263417323  
1969 11 18.000000    12.4955712220      -2.455205976  
1969 11 28.000000    12.5228361227      -2.620444690  
1969 12  8.000000    12.5451610830      -2.767927677  
1969 12 18.000000    12.5630155478      -2.864945902  
1969 12 28.000000    12.5752587359      -2.946735086  
1970  1  7.000000    12.5817683632      -2.976409631  
1970  1 17.000000    12.5828495885      -2.975915707  
1970  1 27.000000    12.5776418606      -2.942991401  
1970  2  6.000000    12.5676046416      -2.861950837  
1970  2 16.000000    12.5521412759      -2.769617928  
1970  2 26.000000    12.5326339759      -2.630930653  
1970  3  8.000000    12.5099088041      -2.486186755  
1970  3 18.000000    12.4844172778      -2.323059798  
1970  3 28.000000    12.4583461753      -2.146841945  
1970  4  7.000000    12.4316544170      -1.987833966  
1970  4 17.000000    12.4065158712      -1.816586011  
1970  4 27.000000    12.3834762867      -1.680201242  
1970  5  7.000000    12.3634121769      -1.553130078  
1970  5 17.000000    12.3477811881      -1.454280530  
1970  5 27.000000    12.3362049829      -1.395522589  
1970  6  6.000000    12.3301930358      -1.352329300  
1970  6 16.000000    12.3291845947      -1.364351761  
1970  6 26.000000    12.3336344038      -1.394232727  
1970  7  6.000000    12.3436633675      -1.467652642  
1970  7 16.000000    12.3584076001      -1.575740005  
1970  7 26.000000    12.3785117482      -1.702989001  
1970  8  5.000000    12.4025938573      -1.876198345  
1970  8 15.000000    12.4308721653      -2.054865183  
1970  8 25.000000    12.4625661250      -2.269064090  
1970  9  4.000000    12.4967239177      -2.493797872  
1970  9 14.000000    12.5335192941      -2.726941194  
1970  9 24.000000    12.5711849929      -2.980758918  
1970 10  4.000000    12.6099915624      -3.219491301  
1970 10 14.000000    12.6486054639      -3.474654830  
1970 10 24.000000    12.6862417655      -3.710034602  
1970 11  3.000000    12.7227850091      -3.938180164  
1970 11 13.000000    12.7563786621      -4.156043727  
1970 11 23.000000    12.7874865664      -4.338537187  
1970 12  3.000000    12.8144698146      -4.515190751  
1970 12 13.000000    12.8370610151      -4.644785316  
1970 12 23.000000    12.8550219056      -4.754402133  
1971  1  2.000000    12.8669994890      -4.827501001  
1971  1 12.000000    12.8739548048      -4.855989709  
1971  1 22.000000    12.8745380661      -4.865027386  
1971  2  1.000000    12.8696757579      -4.817733999  
1971  2 11.000000    12.8594220407      -4.754724498  
1971  2 21.000000    12.8438162551      -4.651017879  
1971  3  3.000000    12.8245924916      -4.520671052  
1971  3 13.000000    12.8013286498      -4.381637772  
1971  3 23.000000    12.7762941456      -4.209926811  
1971  4  2.000000    12.7498080849      -4.052656432  
1971  4 12.000000    12.7231983631      -3.879605407  
1971  4 22.000000    12.6981595252      -3.722458760  
1971  5  2.000000    12.6746841042      -3.584004207  
1971  5 12.000000    12.6550422264      -3.452906069  
1971  5 22.000000    12.6388877037      -3.367749044  
1971  6  1.000000    12.6275091092      -3.292614139  
1971  6 11.000000    12.6213710071      -3.264649366  
1971  6 21.000000    12.6200698595      -3.266296845  
1971  7  1.000000    12.6248108100      -3.296365571  
1971  7 11.000000    12.6343348171      -3.375848412  
1971  7 21.000000    12.6493922219      -3.468281110  
1971  7 31.000000    12.6692651734      -3.609517947  
1971  8 10.000000    12.6933223978      -3.766776937  
1971  8 20.000000    12.7218656527      -3.950041975  
1971  8 30.000000    12.7532293178      -4.162540467  
1971  9  9.000000    12.7879173496      -4.375197936  
1971  9 19.000000    12.8244850590      -4.619180863  
1971  9 29.000000    12.8624611338      -4.854234939  
1971 10  9.000000    12.9015383347      -5.101290409  
1971 10 19.000000    12.9399986101      -5.347299118  
1971 10 29.000000    12.9783173734      -5.576086557  
1971 11  8.000000    13.0145616380      -5.810587572  
1971 11 18.000000    13.0486674479      -6.009941384  
1971 11 28.000000    13.0798742428      -6.204152287  
1971 12  8.000000    13.1067503078      -6.366351632  
1971 12 18.000000    13.1299166483      -6.497287179  
1971 12 28.000000    13.1473827574      -6.609419809  
1972  1  7.000000    13.1598771188      -6.668980163  
1972  1 17.000000    13.1665776874      -6.713012792  
1972  1 27.000000    13.1670877023      -6.706560461  
1972  2  6.000000    13.1625015137      -6.670687644  
1972  2 16.000000    13.1516596314      -6.607513388  
1972  2 26.000000    13.1365294617      -6.499169520  
1972  3  7.000000    13.1167713249      -6.386173542  
1972  3 17.000000    13.0936281961      -6.233373186  
1972  3 27.000000    13.0685727126      -6.080383225  
1972  4  6.000000    13.0416508448      -5.918316219  
1972  4 16.000000    13.0154568171      -5.748189352  
1972  4 26.000000    12.9897761000      -5.603537681  
1972  5  6.000000    12.9666212793      -5.452315890  
1972  5 16.000000    12.9466962078      -5.340023485  
1972  5 26.000000    12.9303177795      -5.242847630  
1972  6  5.000000    12.9192115211      -5.174515865  
1972  6 15.000000    12.9124496407      -5.149378660  
1972  6 25.000000    12.9115706374      -5.139579891  
1972  7  5.000000    12.9158979846      -5.183920485  
1972  7 15.000000    12.9254440655      -5.245787093  
1972  7 25.000000    12.9406930657      -5.347275866  
1972  8  4.000000    12.9601476500      -5.481906861  
1972  8 14.000000    12.9847635663      -5.631065997  
1972  8 24.000000    13.0129563932      -5.822629321  
1972  9  3.000000    13.0446829351      -6.015468851  
1972  9 13.000000    13.0795632277      -6.238309303  
1972  9 23.000000    13.1160364458      -6.468180051  
1972 10  3.000000    13.1546980432      -6.699799353  
1972 10 13.000000    13.1935050437      -6.948433091  
1972 10 23.000000    13.2326276415      -7.176125315  
1972 11  2.000000    13.2710112191      -7.415075448  
1972 11 12.000000    13.3073932085      -7.630719054  
1972 11 22.000000    13.3421028056      -7.832772555  
1972 12  2.000000    13.3729460328      -8.022581240  
1972 12 12.000000    13.4005615393      -8.172150739  
1972 12 22.000000    13.4234326482      -8.313590420  
1973  1  1.000000    13.4410964005      -8.406891141  
1973  1 11.000000    13.4538554843      -8.477703830  
1973  1 21.000000    13.4600291677      -8.514231890  
1973  1 31.000000    13.4611539319      -8.505765515  
1973  2 10.000000    13.4559000036      -8.481506246  
1973  2 20.000000    13.4453129233      -8.404603134  
1973  3  2.000000    13.4300600910      -8.316038095  
1973  3 12.000000    13.4098373969      -8.194173556  
1973  3 22.000000    13.3871283826      -8.050433820  
1973  4  1.000000    13.3612966887      -7.906740687  
1973  4 11.000000    13.3347551244      -7.736539823  
1973  4 21.000000    13.3081501647      -7.587905464  
1973  5  1.000000    13.2822788446      -7.431010800  
1973  5 11.000000    13.2593228359      -7.293941934  
1973  5 21.000000    13.2387263341      -7.182413837  
1973  5 31.000000    13.2227963826      -7.080092605  
1973  6 10.000000    13.2111056843      -7.026815785  
1973  6 20.000000    13.2044594355      -6.985265913  
1973  6 30.000000    13.2035828372      -6.989279916  
1973  7 10.000000    13.2074784379      -7.024094194  
1973  7 20.000000    13.2175519218      -7.083444025  
1973  7 30.000000    13.2322470912      -7.190645373  
1973  8  9.000000    13.2521658382      -7.307473976  
1973  8 19.000000    13.2767587859      -7.468168551  
1973  8 29.000000    13.3048868843      -7.642277537  
1973  9  8.000000    13.3372708644      -7.835943254  
1973  9 18.000000    13.3717822250      -8.055373493  
1973  9 28.000000    13.4090435863      -8.269172340  
1973 10  8.000000    13.4476839680      -8.509095254  
1973 10 18.000000    13.4867780142      -8.735773138  
1973 10 28.000000    13.5265332260      -8.968013410  
1973 11  7.000000    13.5646734851      -9.196053443  
1973 11 17.000000    13.6019505118      -9.400659121  
1973 11 27.000000    13.6364295442      -9.607906676  
1973 12  7.000000    13.6677377642      -9.776195119  
1973 12 17.000000    13.6956346764      -9.935402062  
1973 12 27.000000    13.7182295686     -10.062254373  
1974  1  6.000000    13.7366064695     -10.154227727  
1974  1 16.000000    13.7487405992     -10.229045399  
1974  1 26.000000    13.7554138205     -10.251052617  
1974  2  5.000000    13.7562901799     -10.259072967  
1974  2 15.000000    13.7507549679     -10.221263496  
1974  2 25.000000    13.7405750281     -10.155853841  
1974  3  7.000000    13.7244550813     -10.070594135  
1974  3 17.000000    13.7047650373      -9.944669685  
1974  3 27.000000    13.6814190379      -9.821097539  
1974  4  6.000000    13.6554949469      -9.665654883  
1974  4 16.000000    13.6290676621      -9.515382849  
1974  4 26.000000    13.6016829040      -9.364962211  
1974  5  6.000000    13.5763323972      -9.210953576  
1974  5 16.000000    13.5525963305      -9.088942379  
1974  5 26.000000    13.5321749498      -8.964686888  
1974  6  5.000000    13.5161014895      -8.881683726  
1974  6 15.000000    13.5039400477      -8.817530745  
1974  6 25.000000    13.4977485356      -8.781002751  
1974  7  5.000000    13.4961730585      -8.789141334  
1974  7 15.000000    13.5005445460      -8.810267848  
1974  7 25.000000    13.5103612514      -8.883134275  
1974  8  4.000000    13.5250418606      -8.971783647  
1974  8 14.000000    13.5454333204      -9.094315028  
1974  8 24.000000    13.5695920108      -9.248001032  
1974  9  3.000000    13.5985408303      -9.409989028  
1974  9 13.000000    13.6306904002      -9.610025755  
1974  9 23.000000    13.6656653574      -9.806965108  
1974 10  3.000000    13.7034241322     -10.027034568  
1974 10 13.000000    13.7419034974     -10.251009295  
1974 10 23.000000    13.7820223150     -10.469683414  
1974 11  2.000000    13.8214990870     -10.701575006  
1974 11 12.000000    13.8603885397     -10.907567577  
1974 11 22.000000    13.8979516033     -11.119703749  
1974 12  2.000000    13.9323843066     -11.306213423  
1974 12 12.000000    13.9645624645     -11.473907900  
1974 12 22.000000    13.9919465772     -11.628712079  
1975  1  1.000000    14.0152956279     -11.740181329  
1975  1 11.000000    14.0334493482     -11.843160491  
1975  1 21.000000    14.0455543250     -11.898953090  
1975  1 31.000000    14.0526416634     -11.931742310  
1975  2 10.000000    14.0527674394     -11.935048176  
1975  2 20.000000    14.0478700540     -11.894501048  
1975  3  2.000000    14.0369477402     -11.844112978  
1975  3 12.000000    14.0209340043     -11.746434794  
1975  3 22.000000    14.0011803231     -11.641868948  
1975  4  1.000000    13.9771181145     -11.513153432  
1975  4 11.000000    13.9517248234     -11.366888311  
1975  4 21.000000    13.9243129628     -11.229605251  
1975  5  1.000000    13.8972744594     -11.071736316  
1975  5 11.000000    13.8715219121     -10.940688765  
1975  5 21.000000    13.8473488856     -10.808387169  
1975  5 31.000000    13.8273216895     -10.697628455  
1975  6 10.000000    13.8103342536     -10.617415178  
1975  6 20.000000    13.7987216249     -10.546791633  
1975  6 30.000000    13.7919979105     -10.525836759  
1975  7 10.000000    13.7904075363     -10.516848858  
1975  7 20.000000    13.7950806419     -10.550006868  
1975  7 30.000000    13.8043316993     -10.613405871  
1975  8  9.000000    13.8197789078     -10.696084332  
1975  8 19.000000    13.8397283316     -10.823818162  
1975  8 29.000000    13.8643924493     -10.956553842  
1975  9  8.000000    13.8936258246     -11.127305634  
1975  9 18.000000    13.9256853074     -11.308296513  
1975  9 28.000000    13.9616165946     -11.501272653  
1975 10  8.000000    13.9990591769     -11.716694557  
1975 10 18.000000    14.0384827738     -11.920145411  
1975 10 28.000000    14.0787570780     -12.144334780  
1975 11  7.000000    14.1184896368     -12.351879860  
1975 11 17.000000    14.1582750826     -12.558149761  
1975 11 27.000000    14.1954612082     -12.758494659  
1975 12  7.000000    14.2309577454     -12.930101709  
1975 12 17.000000    14.2628909422     -13.102166199  
1975 12 27.000000    14.2906183354     -13.233769671  
1976  1  6.000000    14.3144362142     -13.353444426  
1976  1 16.000000    14.3320161496     -13.442774046  
1976  1 26.000000    14.3449745108     -13.495694638  
1976  2  5.000000    14.3513029442     -13.534974717  
1976  2 15.000000    14.3517778514     -13.523646638  
1976  2 25.000000    14.3467558368     -13.501600706  
1976  3  6.000000    14.3352424575     -13.440342980  
1976  3 16.000000    14.3197640477     -13.354607112  
1976  3 26.000000    14.2989731890     -13.257831748  
1976  4  5.000000    14.2753704976     -13.125332419  
1976  4 15.000000    14.2493768879     -13.002452068  
1976  4 25.000000    14.2216602573     -12.855622016  
1976  5  5.000000    14.1948502048     -12.717948188  
1976  5 15.000000    14.1681202060     -12.588649372  
1976  5 25.000000    14.1445366165     -12.458180131  
1976  6  4.000000    14.1236712636     -12.364537580  
1976  6 14.000000    14.1067945609     -12.271615683  
1976  6 24.000000    14.0951941095     -12.219428250  
1976  7  4.000000    14.0878241334     -12.188694036  
1976  7 14.000000    14.0869473093     -12.182091429  
1976  7 24.000000    14.0908592323     -12.219714891  
1976  8  3.000000    14.1006869438     -12.266934926  
1976  8 13.000000    14.1161161898     -12.361395564  
1976  8 23.000000    14.1359482533     -12.469115360  
1976  9  2.000000    14.1614627433     -12.603748641  
1976  9 12.000000    14.1902303595     -12.766534310  
1976  9 22.000000    14.2232983147     -12.930873221  
1976 10  2.000000    14.2592225170     -13.128248450  
1976 10 12.000000    14.2970762763     -13.317909774  
1976 10 22.000000    14.3373195791     -13.523563590  
1976 11  1.000000    14.3773643577     -13.730465058  
1976 11 11.000000    14.4182910614     -13.924961939  
1976 11 21.000000    14.4578538669     -14.129861531  
1976 12  1.000000    14.4957459572     -14.304849978  
1976 12 11.000000    14.5316746479     -14.481592399  
1976 12 21.000000    14.5633839641     -14.632632266  
1976 12 31.000000    14.5921189100     -14.760507804  
1977  1 10.000000    14.6152561752     -14.877154508  
1977  1 20.000000    14.6335709501     -14.949560435  
1977  1 30.000000    14.6463168938     -15.014520748  
1977  2  9.000000    14.6523634811     -15.036281403  
1977  2 19.000000    14.6534234106     -15.035837201  
1977  3  1.000000    14.6473647365     -15.012874868  
1977  3 11.000000    14.6365393814     -14.949060326  
1977  3 21.000000    14.6202943308     -14.882136783  
1977  3 31.000000    14.5993745279     -14.774788404  
1977  4 10.000000    14.5759087772     -14.665389141  
1977  4 20.000000    14.5489106088     -14.541193206  
1977  4 30.000000    14.5218227954     -14.403273193  
1977  5 10.000000    14.4939801554     -14.282372674  
1977  5 20.000000    14.4674525118     -14.145590020  
1977  5 30.000000    14.4436272452     -14.039105899  
1977  6  9.000000    14.4221252361     -13.936934397  
1977  6 19.000000    14.4058026882     -13.855536836  
1977  6 29.000000    14.3932283366     -13.808179648  
1977  7  9.000000    14.3864627073     -13.768593164  
1977  7 19.000000    14.3851815931     -13.777198720  
1977  7 29.000000    14.3890328650     -13.796938197  
1977  8  8.000000    14.3994364270     -13.852971796  
1977  8 18.000000    14.4142381390     -13.937964937  
1977  8 28.000000    14.4350983384     -14.035581858  
1977  9  7.000000    14.4602694806     -14.174069053  
1977  9 17.000000    14.4895912511     -14.312806458  
1977  9 27.000000    14.5232709872     -14.482324242  
1977 10  7.000000    14.5589878206     -14.658955915  
1977 10 17.000000    14.5981107668     -14.839674422  
1977 10 27.000000    14.6380441199     -15.039345692  
1977 11  6.000000    14.6790465833     -15.221324878  
1977 11 16.000000    14.7203596675     -15.418855504  
1977 11 26.000000    14.7599700206     -15.597442681  
1977 12  6.000000    14.7989651843     -15.768702484  
1977 12 16.000000    14.8343866761     -15.933944109  
1977 12 26.000000    14.8671177492     -16.066516325  
1978  1  5.000000    14.8956537301     -16.199139338  
1978  1 15.000000    14.9189075369     -16.292148086  
1978  1 25.000000    14.9377912002     -16.371775499  
1978  2  4.000000    14.9497348041     -16.425973078  
1978  2 14.000000    14.9566594184     -16.443765667  
1978  2 24.000000    14.9568628431     -16.453436711  
1978  3  6.000000    14.9510219888     -16.417008012  
1978  3 16.000000    14.9401601365     -16.373661278  
1978  3 26.000000    14.9230607245     -16.299790936  
1978  4  5.000000    14.9028357437     -16.204726678  
1978  4 15.000000    14.8781501852     -16.107681293  
1978  4 25.000000    14.8515832272     -15.980228458  
1978  5  5.000000    14.8239951353     -15.868271240  
1978  5 15.000000    14.7955832166     -15.739924816  
1978  5 25.000000    14.7695264986     -15.622951347  
1978  6  4.000000    14.7445292948     -15.521211345  
1978  6 14.000000    14.7236756633     -15.419024518  
1978  6 24.000000    14.7066297927     -15.356222022  
1978  7  4.000000    14.6940067044     -15.295359299  
1978  7 14.000000    14.6875329521     -15.272449152  
1978  7 24.000000    14.6854974012     -15.272093038  
1978  8  3.000000    14.6902453588     -15.290290430  
1978  8 13.000000    14.6999976086     -15.350959776  
1978  8 23.000000    14.7154033633     -15.416555779  
1978  9  2.000000    14.7365073224     -15.523248741  
1978  9 12.000000    14.7615233928     -15.640457776  
1978  9 22.000000    14.7919700172     -15.776083564  
1978 10  2.000000    14.8251885632     -15.936746520  
1978 10 12.000000    14.8620534809     -16.091996405  
1978 10 22.000000    14.9013180339     -16.274570167  
1978 11  1.000000    14.9415713686     -16.445828438  
1978 11 11.000000    14.9836573176     -16.625614926  
1978 11 21.000000    15.0245549813     -16.805037222  
1978 12  1.000000    15.0654782301     -16.965985909  
1978 12 11.000000    15.1042436411     -17.135337308  
1978 12 21.000000    15.1401652750     -17.272814448  
1978 12 31.000000    15.1735065058     -17.408860273  
1979  1 10.000000    15.2015011554     -17.521415143  
1979  1 20.000000    15.2258284401     -17.608282208  
1979  1 30.000000    15.2439230315     -17.687766564  
1979  2  9.000000    15.2564003213     -17.724319269  
1979  2 19.000000    15.2632154102     -17.756129466  
1979  3  1.000000    15.2628512292     -17.751186296  
1979  3 11.000000    15.2576840479     -17.725721767  
1979  3 21.000000    15.2456378085     -17.686568572  
1979  3 31.000000    15.2291715666     -17.610345611  
1979  4 10.000000    15.2082127743     -17.537888087  
1979  4 20.000000    15.1832211888     -17.432799405  
1979  4 30.000000    15.1569395543     -17.329147346  
1979  5 10.000000    15.1281502489     -17.220017194  
1979  5 20.000000    15.1004866725     -17.099614119  
1979  5 30.000000    15.0733617206     -17.002333537  
1979  6  9.000000    15.0484887591     -16.892942801  

