v15.04    Планета: Уран  (INPOP13C)
          Спутник: U3 Титани  (GUST86, Laskar J. et al (1987) A&A, v.188, p.212.)
   Обсерватория N:  84 - Pulkovo
    Шкала времени: UTC
Средний экватор и равноденствие эпохи J2000.  ICRF. 
Координаты астрометрические 

Год  Месяц День       alpha (h)          delta (º)
1952  2  1.000000     6.8318860570      23.340267157  
1952  2 11.000000     6.8082949278      23.359052989  
1952  2 21.000000     6.7898929496      23.374951337  
1952  3  2.000000     6.7771012795      23.391170158  
1952  3 12.000000     6.7700786763      23.405080874  
1952  3 22.000000     6.7689871047      23.410390057  
1952  4  1.000000     6.7742155989      23.401977572  
1952  4 11.000000     6.7860537654      23.380092986  
1952  4 21.000000     6.8043870998      23.350168039  
1952  5  1.000000     6.8286423159      23.318296615  
1952  5 11.000000     6.8578175758      23.286648919  
1952  5 21.000000     6.8909311243      23.251988887  
1952  5 31.000000     6.9273113080      23.208486202  
1952  6 10.000000     6.9664897186      23.152888068  
1952  6 20.000000     7.0080794775      23.087337662  
1952  6 30.000000     7.0514200449      23.018229183  
1952  7 10.000000     7.0954416538      22.951937824  
1952  7 20.000000     7.1389769513      22.890295571  
1952  7 30.000000     7.1809645896      22.830318675  
1952  8  9.000000     7.2206743242      22.767713983  
1952  8 19.000000     7.2577157493      22.701286058  
1952  8 29.000000     7.2916458226      22.635543458  
1952  9  8.000000     7.3217986481      22.578454537  
1952  9 18.000000     7.3472704150      22.536261144  
1952  9 28.000000     7.3670626039      22.509958969  
1952 10  8.000000     7.3805380776      22.495441670  
1952 10 18.000000     7.3875274695      22.487633249  
1952 10 28.000000     7.3881996421      22.485484712  
1952 11  7.000000     7.3829007232      22.493001055  
1952 11 17.000000     7.3718037443      22.516148949  
1952 11 27.000000     7.3550043209      22.557282411  
1952 12  7.000000     7.3328745061      22.611996333  
1952 12 17.000000     7.3062287585      22.671457285  
1952 12 27.000000     7.2764983408      22.727626490  
1953  1  6.000000     7.2454510953      22.777938100  
1953  1 16.000000     7.2146693523      22.825584386  
1953  1 26.000000     7.1854272052      22.874624378  
1953  2  5.000000     7.1586461601      22.924869457  
1953  2 15.000000     7.1351665417      22.970593725  
1953  2 25.000000     7.1160775145      23.003757749  
1953  3  7.000000     7.1025061823      23.019862579  
1953  3 17.000000     7.0953799024      23.020752361  
1953  3 27.000000     7.0951362385      23.012558458  
1953  4  6.000000     7.1015278015      23.000685006  
1953  4 16.000000     7.1140077376      22.985237949  
1953  4 26.000000     7.1320578317      22.961290359  
1953  5  6.000000     7.1553207921      22.923269843  
1953  5 16.000000     7.1836440486      22.869410914  
1953  5 26.000000     7.2166932604      22.803714232  
1953  6  5.000000     7.2537282186      22.733201297  
1953  6 15.000000     7.2937223922      22.662587392  
1953  6 25.000000     7.3355063309      22.591573757  
1953  7  5.000000     7.3781456517      22.515908744  
1953  7 15.000000     7.4210682893      22.431565306  
1953  7 25.000000     7.4638004433      22.339390359  
1953  8  4.000000     7.5057959445      22.245498143  
1953  8 14.000000     7.5461986893      22.157845879  
1953  8 24.000000     7.5838663711      22.081503509  
1953  9  3.000000     7.6177608760      22.015919997  
1953  9 13.000000     7.6471110399      21.957152520  
1953  9 23.000000     7.6714918772      21.902583345  
1953 10  3.000000     7.6907304137      21.854413810  
1953 10 13.000000     7.7045072841      21.819637064  
1953 10 23.000000     7.7123255144      21.805399107  
1953 11  2.000000     7.7136717240      21.813769906  
1953 11 12.000000     7.7082306955      21.840624896  
1953 11 22.000000     7.6962787484      21.878397642  
1953 12  2.000000     7.6786244437      21.921672648  
1953 12 12.000000     7.6563170842      21.970562266  
1953 12 22.000000     7.6304524010      22.028755486  
1954  1  1.000000     7.6019180054      22.098618604  
1954  1 11.000000     7.5715889392      22.176686321  
1954  1 21.000000     7.5406723777      22.253892491  
1954  1 31.000000     7.5106726755      22.320781094  
1954  2 10.000000     7.4833243368      22.372651117  
1954  2 20.000000     7.4601805536      22.411444239  
1954  3  2.000000     7.4421815758      22.442621148  
1954  3 12.000000     7.4297826516      22.468937012  
1954  3 22.000000     7.4231333291      22.487643366  
1954  4  1.000000     7.4223732883      22.492295829  
1954  4 11.000000     7.4278443987      22.477416423  
1954  4 21.000000     7.4397814110      22.443167150  
1954  5  1.000000     7.4580823888      22.395152869  
1954  5 11.000000     7.4822050544      22.340032449  
1954  5 21.000000     7.5111881301      22.280918469  
1954  5 31.000000     7.5440905065      22.215335981  
1954  6 10.000000     7.5802205814      22.138076919  
1954  6 20.000000     7.6190806859      22.046371812  
1954  6 30.000000     7.6602749555      21.942759023  
1954  7 10.000000     7.7031458876      21.834371670  
1954  7 20.000000     7.7466808794      21.728534317  
1954  7 30.000000     7.7897667293      21.628003836  
1954  8  9.000000     7.8313506435      21.530718439  
1954  8 19.000000     7.8706957613      21.432925419  
1954  8 29.000000     7.9073670728      21.333855805  
1954  9  8.000000     7.9408923042      21.238564822  
1954  9 18.000000     7.9706395841      21.155566289  
1954  9 28.000000     7.9957464844      21.091895454  
1954 10  8.000000     8.0152616624      21.049270382  
1954 10 18.000000     8.0285665251      21.023922569  
1954 10 28.000000     8.0354436551      21.010985305  
1954 11  7.000000     8.0360266984      21.009268210  
1954 11 17.000000     8.0306518931      21.022511143  
1954 11 27.000000     8.0195174847      21.056588964  
1954 12  7.000000     8.0027943346      21.113524236  
1954 12 17.000000     7.9808877059      21.188424568  
1954 12 27.000000     7.9545925005      21.271686238  
1955  1  6.000000     7.9252980999      21.353944357  
1955  1 16.000000     7.8947030541      21.431259011  
1955  1 26.000000     7.8643744594      21.505534859  
1955  2  5.000000     7.8356147346      21.579648440  
1955  2 15.000000     7.8093578729      21.652620061  
1955  2 25.000000     7.7864457769      21.717856347  
1955  3  7.000000     7.7679098279      21.766365189  
1955  3 17.000000     7.7547923001      21.792819774  
1955  3 27.000000     7.7479825318      21.798316971  
1955  4  6.000000     7.7479063128      21.788740239  
1955  4 16.000000     7.7543512660      21.769759576  
1955  4 26.000000     7.7668218804      21.741836811  
1955  5  6.000000     7.7847933312      21.700525520  
1955  5 16.000000     7.8078882887      21.640560510  
1955  5 26.000000     7.8359220522      21.560389844  
1955  6  5.000000     7.8685379861      21.464521253  
1955  6 15.000000     7.9050435620      21.360631983  
1955  6 25.000000     7.9444706693      21.254344280  
1955  7  5.000000     7.9856925177      21.146326925  
1955  7 15.000000     8.0278014206      21.032990259  
1955  7 25.000000     8.0701888056      20.910888647  
1955  8  4.000000     8.1123450792      20.781402142  
1955  8 14.000000     8.1537311558      20.651169565  
1955  8 24.000000     8.1935178688      20.528998455  
1955  9  3.000000     8.2306287892      20.420777590  
1955  9 13.000000     8.2640708720      20.326657895  
1955  9 23.000000     8.2930544980      20.243341014  
1955 10  3.000000     8.3171220656      20.168520154  
1955 10 13.000000     8.3360566481      20.104692198  
1955 10 23.000000     8.3495323545      20.059250735  
1955 11  2.000000     8.3571152888      20.039582393  
1955 11 12.000000     8.3583455230      20.048070055  
1955 11 22.000000     8.3529384040      20.080633530  
1955 12  2.000000     8.3411575659      20.129313693  
1955 12 12.000000     8.3237438796      20.188177005  
1955 12 22.000000     8.3017150058      20.256500026  
1956  1  1.000000     8.2761785238      20.337065446  
1956  1 11.000000     8.2480553937      20.431468198  
1956  1 21.000000     8.2182711993      20.535237295  
1956  1 31.000000     8.1880098563      20.638219960  
1956  2 10.000000     8.1586987839      20.729760803  
1956  2 20.000000     8.1319976734      20.803754399  
1956  3  1.000000     8.1093919201      20.861062455  
1956  3 11.000000     8.0918245995      20.906372594  
1956  3 21.000000     8.0797894839      20.941971620  
1956  3 31.000000     8.0734400884      20.964957167  
1956  4 10.000000     8.0729032184      20.968674915  
1956  4 20.000000     8.0784651307      20.947443994  
1956  4 30.000000     8.0903027080      20.901435743  
1956  5 10.000000     8.1083254315      20.836404659  
1956  5 20.000000     8.1320293384      20.759583370  
1956  5 30.000000     8.1605167093      20.674831734  
1956  6  9.000000     8.1929012287      20.580312267  
1956  6 19.000000     8.2284764704      20.471472093  
1956  6 29.000000     8.2667169146      20.346002940  
1956  7  9.000000     8.3072094838      20.206932734  
1956  7 19.000000     8.3493010666      20.062144944  
1956  7 29.000000     8.3920494784      19.919706282  
1956  8  8.000000     8.4344058990      19.783201704  
1956  8 18.000000     8.4753394141      19.651344886  
1956  8 28.000000     8.5141080663      19.520869084  
1956  9  7.000000     8.5502229241      19.391563377  
1956  9 17.000000     8.5831795360      19.269016015  
1956  9 27.000000     8.6123782112      19.162249469  
1956 10  7.000000     8.6370044275      19.078970948  
1956 10 17.000000     8.6561690648      19.021382404  
1956 10 27.000000     8.6692743462      18.986013003  
1956 11  6.000000     8.6760541984      18.968243464  
1956 11 16.000000     8.6765990208      18.966803190  
1956 11 26.000000     8.6712221620      18.985316937  
1956 12  6.000000     8.6601491155      19.029494601  
1956 12 16.000000     8.6436295130      19.100923771  
1956 12 26.000000     8.6221028744      19.194216120  
1957  1  5.000000     8.5963463024      19.298997923  
1957  1 15.000000     8.5676893933      19.404808454  
1957  1 25.000000     8.5377377315      19.506611293  
1957  2  4.000000     8.5080300260      19.605106097  
1957  2 14.000000     8.4798848345      19.702101887  
1957  2 24.000000     8.4542512570      19.795776506  
1957  3  6.000000     8.4319778764      19.878630548  
1957  3 16.000000     8.4140294821      19.940914724  
1957  3 26.000000     8.4013556667      19.976589587  
1957  4  5.000000     8.3947973545      19.986162348  
1957  4 15.000000     8.3947639280      19.975353481  
1957  4 25.000000     8.4010939215      19.949928825  
1957  5  5.000000     8.4133572681      19.910614750  
1957  5 15.000000     8.4310356412      19.853377888  
1957  5 25.000000     8.4537376850      19.773218957  
1957  6  4.000000     8.4812402704      19.668945536  
1957  6 14.000000     8.5131643780      19.545583726  
1957  6 24.000000     8.5488702910      19.411382411  
1957  7  4.000000     8.5874582248      19.272755994  
1957  7 14.000000     8.6278619738      19.131113283  
1957  7 24.000000     8.6692063071      18.983441473  
1957  8  3.000000     8.7108429820      18.826937607  
1957  8 13.000000     8.7522246367      18.663511927  
1957  8 23.000000     8.7928115627      18.500389315  
1957  9  2.000000     8.8318040633      18.347120621  
1957  9 12.000000     8.8682033554      18.210172232  
1957  9 22.000000     8.9010663452      18.090288048  
1957 10  2.000000     8.9295898222      17.984708786  
1957 10 12.000000     8.9532814631      17.891477434  
1957 10 22.000000     8.9718683238      17.813515247  
1957 11  1.000000     8.9850180867      17.758549903  
1957 11 11.000000     8.9923617397      17.734127857  
1957 11 21.000000     8.9934982662      17.742791700  
1957 12  1.000000     8.9881846091      17.780346410  
1957 12 11.000000     8.9766684291      17.838560891  
1957 12 21.000000     8.9596139039      17.911125268  
1957 12 31.000000     8.9379968123      17.996658368  
1958  1 10.000000     8.9129224446      18.097189340  
1958  1 20.000000     8.8853453228      18.213486074  
1958  1 30.000000     8.8562423415      18.340071756  
1958  2  9.000000     8.8267677799      18.465832490  
1958  2 19.000000     8.7982661602      18.579055477  
1958  3  1.000000     8.7723036668      18.672561710  
1958  3 11.000000     8.7502815014      18.746350573  
1958  3 21.000000     8.7331454144      18.804334116  
1958  3 31.000000     8.7214308885      18.848328352  
1958  4 10.000000     8.7153068020      18.875164130  
1958  4 20.000000     8.7148971710      18.877948167  
1958  4 30.000000     8.7204273392      18.850960133  
1958  5 10.000000     8.7320154271      18.794436016  
1958  5 20.000000     8.7495816734      18.714325173  
1958  5 30.000000     8.7726650880      18.618358514  
1958  6  9.000000     8.8004492268      18.510889366  
1958  6 19.000000     8.8321135921      18.390612805  
1958  6 29.000000     8.8669409338      18.253565898  
1958  7  9.000000     8.9043789275      18.097924384  
1958  7 19.000000     8.9439887243      17.927307580  
1958  7 29.000000     8.9851220121      17.750276830  
1958  8  8.000000     9.0269133752      17.575487918  
1958  8 18.000000     9.0683837105      17.407182512  
1958  8 28.000000     9.1085342259      17.244644092  
1958  9  7.000000     9.1466172684      17.085101529  
1958  9 17.000000     9.1820825409      16.928963502  
1958  9 27.000000     9.2143915564      16.782348544  
1958 10  7.000000     9.2429720031      16.654759817  
1958 10 17.000000     9.2670603909      16.554373599  
1958 10 27.000000     9.2858414366      16.483650988  
1958 11  6.000000     9.2987383321      16.439364325  
1958 11 16.000000     9.3054375079      16.417127013  
1958 11 26.000000     9.3059826007      16.415728226  
1958 12  6.000000     9.3006521630      16.438805505  
1958 12 16.000000     9.2897001092      16.491817100  
1958 12 26.000000     9.2734575642      16.575882552  
1959  1  5.000000     9.2523975882      16.685060641  
1959  1 15.000000     9.2272839933      16.808264953  
1959  1 25.000000     9.1993747448      16.934247738  
1959  2  4.000000     9.1701672072      17.057142273  
1959  2 14.000000     9.1411629326      17.176657793  
1959  2 24.000000     9.1136876031      17.293654813  
1959  3  6.000000     9.0887097874      17.405395757  
1959  3 16.000000     9.0670901533      17.503533531  
1959  3 26.000000     9.0497233986      17.577701455  
1959  4  5.000000     9.0374643346      17.621311125  
1959  4 15.000000     9.0310968500      17.634496468  
1959  4 25.000000     9.0310112439      17.622844527  
1959  5  5.000000     9.0371088097      17.592070523  
1959  5 15.000000     9.0490330527      17.543040428  
1959  5 25.000000     9.0662835583      17.471990394  
1959  6  4.000000     9.0884609043      17.374197562  
1959  6 14.000000     9.1152965679      17.248941101  
1959  6 24.000000     9.1463888835      17.101747643  
1959  7  4.000000     9.1811533764      16.941384128  
1959  7 14.000000     9.2187613489      16.774862407  
1959  7 24.000000     9.2582208658      16.604088015  
1959  8  3.000000     9.2986917730      16.426558892  
1959  8 13.000000     9.3394830536      16.240101392  
1959  8 23.000000     9.3800089081      16.047205409  
1959  9  2.000000     9.4197204142      15.855715830  
1959  9 12.000000     9.4578476880      15.675744149  
1959  9 22.000000     9.4934766119      15.514153586  
1959 10  2.000000     9.5257146481      15.372088094  
1959 10 12.000000     9.5537502135      15.247211336  
1959 10 22.000000     9.5770539435      15.137992403  
1959 11  1.000000     9.5952880390      15.047827493  
1959 11 11.000000     9.6081143296      14.984748459  
1959 11 21.000000     9.6152260730      14.956377837  
1959 12  1.000000     9.6162842549      14.965204283  
1959 12 11.000000     9.6110968081      15.006823978  
1959 12 21.000000     9.5998916022      15.072833130  
1959 12 31.000000     9.5832522519      15.156692204  
1960  1 10.000000     9.5621076990      15.256617920  
1960  1 20.000000     9.5375479582      15.374039243  
1960  1 30.000000     9.5105637937      15.508878684  
1960  2  9.000000     9.4821852639      15.654711427  
1960  2 19.000000     9.4535343368      15.799563190  
1960  2 29.000000     9.4258747874      15.930886734  
1960  3 10.000000     9.4006679538      16.040789734  
1960  3 20.000000     9.3792207745      16.128604800  
1960  3 30.000000     9.3624837376      16.197568708  
1960  4  9.000000     9.3510342890      16.248972969  
1960  4 19.000000     9.3450671497      16.279257081  
1960  4 29.000000     9.3447114797      16.281318995  
1960  5  9.000000     9.3501285352      16.249487998  
1960  5 19.000000     9.3613789286      16.184157257  
1960  5 29.000000     9.3783901308      16.091523860  
1960  6  8.000000     9.4007465339      15.979655204  
1960  6 18.000000     9.4277255701      15.853190676  
1960  6 28.000000     9.4585768915      15.711198336  
1960  7  8.000000     9.4925772082      15.550204468  
1960  7 18.000000     9.5291497053      15.368931143  
1960  7 28.000000     9.5678200652      15.171638938  
1960  8  7.000000     9.6079456723      14.967482484  
1960  8 17.000000     9.6487396477      14.765561053  
1960  8 27.000000     9.6892918530      14.570535230  
1960  9  6.000000     9.7286439513      14.382076035  
1960  9 16.000000     9.7660400663      14.197910163  
1960  9 26.000000     9.8008612235      14.019067295  
1960 10  6.000000     9.8325351199      13.852240456  
1960 10 16.000000     9.8605080746      13.707339141  
1960 10 26.000000     9.8840676875      13.592776100  
1960 11  5.000000     9.9024799848      13.511101569  
1960 11 15.000000     9.9151866098      13.459210135  
1960 11 25.000000     9.9218293039      13.432949746  
1960 12  5.000000     9.9224031621      13.431325704  
1960 12 15.000000     9.9171431315      13.458046683  
1960 12 25.000000     9.9063336243      13.518322022  
1961  1  4.000000     9.8903866855      13.612759160  
1961  1 14.000000     9.8698106168      13.734802761  
1961  1 24.000000     9.8453632167      13.872789446  
1961  2  3.000000     9.8182230604      14.014968636  
1961  2 13.000000     9.7897744444      14.154945459  
1961  2 23.000000     9.7614772746      14.291712809  
1961  3  5.000000     9.7346564439      14.425285580  
1961  3 15.000000     9.7103071443      14.552007434  
1961  3 25.000000     9.6893069112      14.662758761  
1961  4  4.000000     9.6724793464      14.746668070  
1961  4 14.000000     9.6605894878      14.796829398  
1961  4 24.000000     9.6543564964      14.813197456  
1961  5  4.000000     9.6541498260      14.801227370  
1961  5 14.000000     9.6599431182      14.766485856  
1961  5 24.000000     9.6714557586      14.709793455  
1961  6  3.000000     9.6882149886      14.627511678  
1961  6 13.000000     9.7098187814      14.515229618  
1961  6 23.000000     9.7359472649      14.372724784  
1961  7  3.000000     9.7661776460      14.206055542  
1961  7 13.000000     9.7999785704      14.024415786  
1961  7 23.000000     9.8365923240      13.835166329  
1961  8  2.000000     9.8751104162      13.640525432  
1961  8 12.000000     9.9147252683      13.438377987  
1961  8 22.000000     9.9547021118      13.227151728  
1961  9  1.000000     9.9944155894      13.009989168  
1961  9 11.000000    10.0332964759      12.795322783  
1961  9 21.000000    10.0706040164      12.593674138  
1961 10  1.000000    10.1055095968      12.412115877  
1961 10 11.000000    10.1371669802      12.251964523  
1961 10 21.000000    10.1647624853      12.111226970  
1961 10 31.000000    10.1877258417      11.988829234  
1961 11 10.000000    10.2056474801      11.888655593  
1961 11 20.000000    10.2181858829      11.819035948  
1961 11 30.000000    10.2250905142      11.787547689  
1961 12 10.000000    10.2260859397      11.796436575  
1961 12 20.000000    10.2210401803      11.841038622  
1961 12 30.000000    10.2101577756      11.912818868  
1962  1  9.000000    10.1939436102      12.005212545  
1962  1 19.000000    10.1732774794      12.116279254  
1962  1 29.000000    10.1492246995      12.246978032  
1962  2  8.000000    10.1228161427      12.396483128  
1962  2 18.000000    10.0951344566      12.557472186  
1962  2 28.000000    10.0672713051      12.717231244  
1962  3 10.000000    10.0404160989      12.862675489  
1962  3 20.000000    10.0159188713      12.985499985  
1962  3 30.000000     9.9949912146      13.084619499  
1962  4  9.000000     9.9785908846      13.162705595  
1962  4 19.000000     9.9673361783      13.220435400  
1962  4 29.000000     9.9614603519      13.253794051  
1962  5  9.000000     9.9611029255      13.255466325  
1962  5 19.000000     9.9663605391      13.219892934  
1962  5 29.000000     9.9772416292      13.147748050  
1962  6  8.000000     9.9936746405      13.045480332  
1962  6 18.000000    10.0152893354      12.921331658  
1962  6 28.000000    10.0414658415      12.780046125  
1962  7  8.000000    10.0715215359      12.620853033  
1962  7 18.000000    10.1047315673      12.440704634  
1962  7 28.000000    10.1404956261      12.238908792  
1962  8  7.000000    10.1782934233      12.020353075  
1962  8 17.000000    10.2174883141      11.794752653  
1962  8 27.000000    10.2573680519      11.571471520  
1962  9  6.000000    10.2970871664      11.355339794  
1962  9 16.000000    10.3357330010      11.146296560  
1962  9 26.000000    10.3725364419      10.942490658  
1962 10  6.000000    10.4068055475      10.745582260  
1962 10 16.000000    10.4379335382      10.562860999  
1962 10 26.000000    10.4653749402      10.404508749  
1962 11  5.000000    10.4884690574      10.279007259  
1962 11 15.000000    10.5065651104      10.188798817  
1962 11 25.000000    10.5191204412      10.130766827  
1962 12  5.000000    10.5257387473      10.101028144  
1962 12 15.000000    10.5263642525      10.098886891  
1962 12 25.000000    10.5211827611      10.128184879  
1963  1  4.000000    10.5105130593      10.193920441  
1963  1 14.000000    10.4948429625      10.296126631  
1963  1 24.000000    10.4747194345      10.427655177  
1963  2  3.000000    10.4509022767      10.576418210  
1963  2 13.000000    10.4244853108      10.730413516  
1963  2 23.000000    10.3967427803      10.883079865  
1963  3  5.000000    10.3690915631      11.032951213  
1963  3 15.000000    10.3428503086      11.179298024  
1963  3 25.000000    10.3190507088      11.317640108  
1963  4  4.000000    10.2985912272      11.438114222  
1963  4 14.000000    10.2822285806      11.529482352  
1963  4 24.000000    10.2706468908      11.584761604  
1963  5  4.000000    10.2644953195      11.603843394  
1963  5 14.000000    10.2641248244      11.592115552  
1963  5 24.000000    10.2695855155      11.554883670  
1963  6  3.000000    10.2806715038      11.492716083  
1963  6 13.000000    10.2969469956      11.402021399  
1963  6 23.000000    10.3180081931      11.278673424  
1963  7  3.000000    10.3434789262      11.122966866  
1963  7 13.000000    10.3729178239      10.941533886  
1963  7 23.000000    10.4058383591      10.743848898  
1963  8  2.000000    10.4415518831      10.537427630  
1963  8 12.000000    10.4792384737      10.324618650  
1963  8 22.000000    10.5181166789      10.103540507  
1963  9  1.000000    10.5574092094       9.873224025  
1963  9 11.000000    10.5964500160       9.637476775  
1963  9 21.000000    10.6346375002       9.405241039  
1963 10  1.000000    10.6712595652       9.187345487  
1963 10 11.000000    10.7055694400       8.990842570  
1963 10 21.000000    10.7367611015       8.817030319  
1963 10 31.000000    10.7640240141       8.664197009  
1963 11 10.000000    10.7867419588       8.531671097  
1963 11 20.000000    10.8044300575       8.423865677  
1963 11 30.000000    10.8167435648       8.349369784  
1963 12 10.000000    10.8234800073       8.315564659  
1963 12 20.000000    10.8244299728       8.324368805  
1963 12 30.000000    10.8195254733       8.370775214  
1964  1  9.000000    10.8089459844       8.446163180  
1964  1 19.000000    10.7931252539       8.544173131  
1964  1 29.000000    10.7728909284       8.662879116  
1964  2  8.000000    10.7492802548       8.802959776  
1964  2 18.000000    10.7233701947       8.962961188  
1964  2 28.000000    10.6962937046       9.134715229  
1964  3  9.000000    10.6691201376       9.304961234  
1964  3 19.000000    10.6429744059       9.460336470  
1964  3 29.000000    10.6190918091       9.592389453  
1964  4  8.000000    10.5985952821       9.699909410  
1964  4 18.000000    10.5824517044       9.785070383  
1964  4 28.000000    10.5713178520       9.847894423  
1964  5  8.000000    10.5654783056       9.883903002  
1964  5 18.000000    10.5650852506       9.885509291  
1964  5 28.000000    10.5701724690       9.847358202  
1964  6  7.000000    10.5807018281       9.770498423  
1964  6 17.000000    10.5965950239       9.661567739  
1964  6 27.000000    10.6175272434       9.528903199  
1964  7  7.000000    10.6429835445       9.377148554  
1964  7 17.000000    10.6723437715       9.205491398  
1964  7 27.000000    10.7048870724       9.011291669  
1964  8  6.000000    10.7399868766       8.794393309  
1964  8 16.000000    10.7770692925       8.560313421  
1964  8 26.000000    10.8155035131       8.319272501  
1964  9  5.000000    10.8546427806       8.080683642  
1964  9 15.000000    10.8937021172       7.849378313  
1964  9 25.000000    10.9318170547       7.625414885  
1964 10  5.000000    10.9681974445       7.407262425  
1964 10 15.000000    11.0020781152       7.197240334  
1964 10 25.000000    11.0328151751       7.003167959  
1964 11  4.000000    11.0598591735       6.835384131  
1964 11 14.000000    11.0826019009       6.702307806  
1964 11 24.000000    11.1004725653       6.606054202  
1964 12  4.000000    11.1129405794       6.543423393  
1964 12 14.000000    11.1195789188       6.510814422  
1964 12 24.000000    11.1202774826       6.507831097  
1965  1  3.000000    11.1151711724       6.538564913  
1965  1 13.000000    11.1046162155       6.607815268  
1965  1 23.000000    11.0891701034       6.714998589  
1965  2  2.000000    11.0694254656       6.852494834  
1965  2 12.000000    11.0461502237       7.007883540  
1965  2 22.000000    11.0203535891       7.169176704  
1965  3  4.000000    10.9932088567       7.329993719  
1965  3 14.000000    10.9660884083       7.488604054  
1965  3 24.000000    10.9403045033       7.643735154  
1965  4  3.000000    10.9169353611       7.790181751  
1965  4 13.000000    10.8969015402       7.917365536  
1965  4 23.000000    10.8809033323       8.013886494  
1965  5  3.000000    10.8695532158       8.072831597  
1965  5 13.000000    10.8634261147       8.094142378  
1965  5 23.000000    10.8628610185       8.083219508  
1965  6  2.000000    10.8679848280       8.044960154  
1965  6 12.000000    10.8786631292       7.979551051  
1965  6 22.000000    10.8945068434       7.883373646  
1965  7  2.000000    10.9151089098       7.752500484  
1965  7 12.000000    10.9400339650       7.587799024  
1965  7 22.000000    10.9688242904       7.396449002  
1965  8  1.000000    11.0010269460       7.188043199  
1965  8 11.000000    11.0360195894       6.970144029  
1965  8 21.000000    11.0730699631       6.745011886  
1965  8 31.000000    11.1114147407       6.510885041  
1965  9 10.000000    11.1502357520       6.267402974  
1965  9 20.000000    11.1888214219       6.018951560  
1965  9 30.000000    11.2265276317       5.774954320  
1965 10 10.000000    11.2626688925       5.546424920  
1965 10 20.000000    11.2965707776       5.340151936  
1965 10 30.000000    11.3274639181       5.157321149  
1965 11  9.000000    11.3545432381       4.996367414  
1965 11 19.000000    11.3771402267       4.856952761  
1965 11 29.000000    11.3946961263       4.744048989  
1965 12  9.000000    11.4068605792       4.666390060  
1965 12 19.000000    11.4134702105       4.631083521  
1965 12 29.000000    11.4143861015       4.639666032  
1966  1  8.000000    11.4096041692       4.686690346  
1966  1 18.000000    11.3992789096       4.763563283  
1966  1 28.000000    11.3837834735       4.864283557  
1966  2  7.000000    11.3638899982       4.987061875  
1966  2 17.000000    11.3406084781       5.132554615  
1966  2 27.000000    11.3150679655       5.298775307  
1966  3  9.000000    11.2884495173       5.476826296  
1966  3 19.000000    11.2618118540       5.653149010  
1966  3 29.000000    11.2362254781       5.814268725  
1966  4  8.000000    11.2128129758       5.951878978  
1966  4 18.000000    11.1926198582       6.064896931  
1966  4 28.000000    11.1766220074       6.155014575  
1966  5  8.000000    11.1655166724       6.221682379  
1966  5 18.000000    11.1596501590       6.259913402  
1966  5 28.000000    11.1591877294       6.261799457  
1966  6  7.000000    11.1641070727       6.222309482  
1966  6 17.000000    11.1743273630       6.142855983  
1966  6 27.000000    11.1897555849       6.030243945  
1966  7  7.000000    11.2101134302       5.892838491  
1966  7 17.000000    11.2349871416       5.734956797  
1966  7 27.000000    11.2638124826       5.555649607  
1966  8  6.000000    11.2958775016       5.352613387  
1966  8 16.000000    11.3305231354       5.126138788  
1966  8 26.000000    11.3671157079       4.882410296  
1966  9  5.000000    11.4050281670       4.632025079  
1966  9 15.000000    11.4436663937       4.384272574  
1966  9 25.000000    11.4823012502       4.143891666  
1966 10  5.000000    11.5201150859       3.910862786  
1966 10 15.000000    11.5562886205       3.683906266  
1966 10 25.000000    11.5899850285       3.465985225  
1966 11  4.000000    11.6205178760       3.265281918  
1966 11 14.000000    11.6473248088       3.092251409  
1966 11 24.000000    11.6698495337       2.955095396  
1966 12  4.000000    11.6875945955       2.855405564  
1966 12 14.000000    11.7000414381       2.789898714  
1966 12 24.000000    11.7067373015       2.755175308  
1967  1  3.000000    11.7075139270       2.751144087  
1967  1 13.000000    11.7024578011       2.782254131  
1967  1 23.000000    11.6919612067       2.853068042  
1967  2  2.000000    11.6766458419       2.962477431  
1967  2 12.000000    11.6571585276       3.102510463  
1967  2 22.000000    11.6342786628       3.260491697  
1967  3  4.000000    11.6089359934       3.424753817  
1967  3 14.000000    11.5822163924       3.589323384  
1967  3 24.000000    11.5554476055       3.752392772  
1967  4  3.000000    11.5299406649       3.912401747  
1967  4 13.000000    11.5068315125       4.063478003  
1967  4 23.000000    11.4870647850       4.194434384  
1967  5  3.000000    11.4712985461       4.293903971  
1967  5 13.000000    11.4600822126       4.355086902  
1967  5 23.000000    11.4539160242       4.378143071  
1967  6  2.000000    11.4531331021       4.368523291  
1967  6 12.000000    11.4579333004       4.330580000  
1967  6 22.000000    11.4682512317       4.264111691  
1967  7  2.000000    11.4837495934       4.165349426  
1967  7 12.000000    11.5040141457       4.030495598  
1967  7 22.000000    11.5285504384       3.861048785  
1967  8  1.000000    11.5568819695       3.664607892  
1967  8 11.000000    11.5885784039       3.450816415  
1967  8 21.000000    11.6230807764       3.227174119  
1967  8 31.000000    11.6597377810       2.995634619  
1967  9 10.000000    11.6977978506       2.754529075  
1967  9 20.000000    11.7364036585       2.504012533  
1967  9 30.000000    11.7747904477       2.248932987  
1967 10 10.000000    11.8122640593       1.999178549  
1967 10 20.000000    11.8481621443       1.765761126  
1967 10 30.000000    11.8818703770       1.555050383  
1967 11  9.000000    11.9126535494       1.368059374  
1967 11 19.000000    11.9397119400       1.203173298  
1967 11 29.000000    11.9623193406       1.060356673  
1967 12  9.000000    11.9798456950       0.945088132  
1967 12 19.000000    11.9919306268       0.866084698  
1967 12 29.000000    11.9984427405       0.830204764  
1968  1  8.000000    11.9993164427       0.838534734  
1968  1 18.000000    11.9946089738       0.885133334  
1968  1 28.000000    11.9844538300       0.961595938  
1968  2  7.000000    11.9691719620       1.062307932  
1968  2 17.000000    11.9494793480       1.185775633  
1968  2 27.000000    11.9263638386       1.332870195  
1968  3  8.000000    11.9010097604       1.501140172  
1968  3 18.000000    11.8746481228       1.681201149  
1968  3 28.000000    11.8483411284       1.859382188  
1968  4  7.000000    11.8231139434       2.022235098  
1968  4 17.000000    11.7999847601       2.161899213  
1968  4 27.000000    11.7799344116       2.277549122  
1968  5  7.000000    11.7639469460       2.370486468  
1968  5 17.000000    11.7527643023       2.439722562  
1968  5 27.000000    11.7468018964       2.479687550  
1968  6  6.000000    11.7462379644       2.482206164  
1968  6 16.000000    11.7510015792       2.442625191  
1968  6 26.000000    11.7609709837       2.362637181  
1968  7  6.000000    11.7760318612       2.249261044  
1968  7 16.000000    11.7959520632       2.110789719  
1968  7 26.000000    11.8204114805       1.951037759  
1968  8  5.000000    11.8488969295       1.768916612  
1968  8 15.000000    11.8807066841       1.562301732  
1968  8 25.000000    11.9151430307       1.331863678  
1968  9  4.000000    11.9515089574       1.084451894  
1968  9 14.000000    11.9891748953       0.830835031  
1968  9 24.000000    12.0275875883       0.580115984  
1968 10  4.000000    12.0660687674       0.336834607  
1968 10 14.000000    12.1038411596       0.100704262  
1968 10 24.000000    12.1400509492      -0.129318012  
1968 11  3.000000    12.1737901969      -0.349764673  
1968 11 13.000000    12.2043219927      -0.552243049  
1968 11 23.000000    12.2310644456      -0.726211488  
1968 12  3.000000    12.2535099352      -0.863880865  
1968 12 13.000000    12.2712264352      -0.964249324  
1968 12 23.000000    12.2837086800      -1.030704081  
1969  1  2.000000    12.2904822700      -1.066588401  
1969  1 12.000000    12.2913186640      -1.071644621  
1969  1 22.000000    12.2862607830      -1.041049601  
1969  2  1.000000    12.2757350021      -0.970512816  
1969  2 11.000000    12.2604243953      -0.861465829  
1969  2 21.000000    12.2410379639      -0.722160412  
1969  3  3.000000    12.2183704842      -0.565402790  
1969  3 13.000000    12.1932809244      -0.402259574  
1969  3 23.000000    12.1667801238      -0.238201545  
1969  4  2.000000    12.1401540524      -0.074857950  
1969  4 12.000000    12.1147194700       0.086164254  
1969  4 22.000000    12.0916773927       0.238388595  
1969  5  2.000000    12.0720021494       0.370248249  
1969  5 12.000000    12.0563229730       0.470501239  
1969  5 22.000000    12.0451334505       0.532500927  
1969  6  1.000000    12.0388634231       0.556794316  
1969  6 11.000000    12.0378441456       0.548820727  
1969  6 21.000000    12.0423436815       0.512385712  
1969  7  1.000000    12.0523645397       0.446914819  
1969  7 11.000000    12.0676232047       0.348341719  
1969  7 21.000000    12.0876944438       0.213010963  
1969  7 31.000000    12.1120260479       0.043007968  
1969  8 10.000000    12.1401180590      -0.153814048  
1969  8 20.000000    12.1715523270      -0.367754172  
1969  8 30.000000    12.2058284007      -0.591522510  
1969  9  9.000000    12.2423668465      -0.823605025  
1969  9 19.000000    12.2804217379      -1.065572433  
1969  9 29.000000    12.3190960488      -1.316943809  
1969 10  9.000000    12.3575642891      -1.572496348  
1969 10 19.000000    12.3950760291      -1.821939091  
1969 10 29.000000    12.4309851141      -2.054488916  
1969 11  8.000000    12.4647267254      -2.264227974  
1969 11 18.000000    12.4955964333      -2.450411952  
1969 11 28.000000    12.5227976533      -2.614897187  
1969 12  8.000000    12.5455447154      -2.757433304  
1969 12 18.000000    12.5631379780      -2.872217150  
1969 12 28.000000    12.5752029980      -2.950648667  
1970  1  7.000000    12.5816359264      -2.986080487  
1970  1 17.000000    12.5824453123      -2.977964560  
1970  1 27.000000    12.5777477142      -2.932658436  
1970  2  6.000000    12.5676614436      -2.858293231  
1970  2 16.000000    12.5524626641      -2.760130761  
1970  2 26.000000    12.5328122524      -2.639169037  
1970  3  8.000000    12.5096814460      -2.494187302  
1970  3 18.000000    12.4843125640      -2.327956862  
1970  3 28.000000    12.4579889552      -2.150029445  
1970  4  7.000000    12.4317899004      -1.974074943  
1970  4 17.000000    12.4067053169      -1.813333582  
1970  4 27.000000    12.3836598378      -1.674989045  
1970  5  7.000000    12.3635814908      -1.559591205  
1970  5 17.000000    12.3474646233      -1.466031227  
1970  5 27.000000    12.3361001526      -1.395622183  
1970  6  6.000000    12.3299777962      -1.354560814  
1970  6 16.000000    12.3292916132      -1.351150393  
1970  6 26.000000    12.3339278398      -1.389726277  
1970  7  6.000000    12.3437247998      -1.468375349  
1970  7 16.000000    12.3585424774      -1.579819839  
1970  7 26.000000    12.3781906120      -1.715986689  
1970  8  5.000000    12.4024337651      -1.873588288  
1970  8 15.000000    12.4308047665      -2.053866419  
1970  8 25.000000    12.4626099233      -2.258945795  
1970  9  4.000000    12.4971068958      -2.487783718  
1970  9 14.000000    12.5335314759      -2.732994192  
1970  9 24.000000    12.5712440877      -2.983814237  
1970 10  4.000000    12.6097200094      -3.231327657  
1970 10 14.000000    12.6483261726      -3.471341565  
1970 10 24.000000    12.6863189606      -3.704516029  
1970 11  3.000000    12.7228054793      -3.931696058  
1970 11 13.000000    12.7568074582      -4.149164887  
1970 11 23.000000    12.7875316113      -4.348431833  
1970 12  3.000000    12.8143705582      -4.518943495  
1970 12 13.000000    12.8368621168      -4.653511652  
1970 12 23.000000    12.8546331102      -4.751676313  
1971  1  2.000000    12.8671919833      -4.817007441  
1971  1 12.000000    12.8740472072      -4.852925441  
1971  1 22.000000    12.8749101105      -4.858789219  
1971  2  1.000000    12.8697828741      -4.829496964  
1971  2 11.000000    12.8591251415      -4.760958760  
1971  2 21.000000    12.8436794641      -4.654719608  
1971  3  3.000000    12.8242221524      -4.519255462  
1971  3 13.000000    12.8015694286      -4.367269529  
1971  3 23.000000    12.7765190132      -4.209089128  
1971  4  2.000000    12.7500193126      -4.049622110  
1971  4 12.000000    12.7233191227      -3.890040979  
1971  4 22.000000    12.6977481426      -3.731851810  
1971  5  2.000000    12.6745797319      -3.581957950  
1971  5 12.000000    12.6548238994      -3.452043662  
1971  5 22.000000    12.6390938633      -3.353225165  
1971  6  1.000000    12.6278355109      -3.291896063  
1971  6 11.000000    12.6214122523      -3.267032819  
1971  6 21.000000    12.6201566212      -3.273299958  
1971  7  1.000000    12.6243996344      -3.307315903  
1971  7 11.000000    12.6342085355      -3.370024295  
1971  7 21.000000    12.6493541406      -3.465883664  
1971  7 31.000000    12.6693968163      -3.598361528  
1971  8 10.000000    12.6937257542      -3.764943214  
1971  8 20.000000    12.7218132719      -3.957635856  
1971  8 30.000000    12.7532434725      -4.166675246  
1971  9  9.000000    12.7875665122      -4.385148515  
1971  9 19.000000    12.8242667180      -4.611979134  
1971  9 29.000000    12.8625974510      -4.848702074  
1971 10  9.000000    12.9016209098      -5.094728770  
1971 10 19.000000    12.9404449222      -5.344531710  
1971 10 29.000000    12.9782569205      -5.587602712  
1971 11  8.000000    13.0144204831      -5.813548232  
1971 11 18.000000    13.0484097883      -6.016881300  
1971 11 28.000000    13.0795476387      -6.197273587  
1971 12  8.000000    13.1070396732      -6.356922005  
1971 12 18.000000    13.1300385557      -6.495375818  
1971 12 28.000000    13.1477784816      -6.606769465  
1972  1  7.000000    13.1598672200      -6.682648105  
1972  1 17.000000    13.1662229475      -6.716571822  
1972  1 27.000000    13.1669300087      -6.708563314  
1972  2  6.000000    13.1621623399      -6.665228939  
1972  2 16.000000    13.1520278960      -6.594437902  
1972  2 26.000000    13.1367681157      -6.501117493  
1972  3  7.000000    13.1169912902      -6.385606278  
1972  3 17.000000    13.0936564187      -6.246303337  
1972  3 27.000000    13.0680688750      -6.086038432  
1972  4  6.000000    13.0415665146      -5.914241070  
1972  4 16.000000    13.0152578116      -5.744481898  
1972  4 26.000000    12.9901092913      -5.589557246  
1972  5  6.000000    12.9669621934      -5.455890458  
1972  5 16.000000    12.9467027454      -5.343715617  
1972  5 26.000000    12.9303373791      -5.251872189  
1972  6  5.000000    12.9187078105      -5.181938730  
1972  6 15.000000    12.9123825380      -5.140626605  
1972  6 25.000000    12.9115725024      -5.136245666  
1972  7  5.000000    12.9161271637      -5.172946787  
1972  7 15.000000    12.9258457349      -5.248595528  
1972  7 25.000000    12.9405573344      -5.355688447  
1972  8  4.000000    12.9601099585      -5.486490575  
1972  8 14.000000    12.9843429184      -5.638156471  
1972  8 24.000000    13.0128287208      -5.812135229  
1972  9  3.000000    13.0448809762      -6.010689182  
1972  9 13.000000    13.0797064037      -6.232432159  
1972  9 23.000000    13.1164693516      -6.469682432  
1972 10  3.000000    13.1545145794      -6.711794878  
1972 10 13.000000    13.1933324532      -6.950045443  
1972 10 23.000000    13.2323287277      -7.180734497  
1972 11  2.000000    13.2707880803      -7.404908526  
1972 11 12.000000    13.3077733900      -7.623340956  
1972 11 22.000000    13.3422378264      -7.832334632  
1972 12  2.000000    13.3733278347      -8.023398600  
1972 12 12.000000    13.4004039278      -8.186146259  
1972 12 22.000000    13.4230475615      -8.314054871  
1973  1  1.000000    13.4409375353      -8.407136218  
1973  1 11.000000    13.4535973784      -8.469271542  
1973  1 21.000000    13.4605245576      -8.504000743  
1973  1 31.000000    13.4613707079      -8.510365696  
1973  2 10.000000    13.4561022229      -8.483121645  
1973  2 20.000000    13.4452106663      -8.418218774  
1973  3  2.000000    13.4294943697      -8.317162935  
1973  3 12.000000    13.4098034958      -8.188528700  
1973  3 22.000000    13.3869798836      -8.044652968  
1973  4  1.000000    13.3617692806      -7.895113991  
1973  4 11.000000    13.3350716200      -7.744170177  
1973  4 21.000000    13.3081009125      -7.592304866  
1973  5  1.000000    13.2822060008      -7.440813499  
1973  5 11.000000    13.2587393688      -7.296729739  
1973  5 21.000000    13.2387500452      -7.171628815  
1973  5 31.000000    13.2228479410      -7.076502534  
1973  6 10.000000    13.2114404990      -7.017367895  
1973  6 20.000000    13.2048275483      -6.992772952  
1973  6 30.000000    13.2033472615      -6.997496744  
1973  7 10.000000    13.2073877734      -7.028422488  
1973  7 20.000000    13.2170775009      -7.086891359  
1973  7 30.000000    13.2322423448      -7.177716469  
1973  8  9.000000    13.2524242650      -7.304195372  
1973  8 19.000000    13.2769544237      -7.463602576  
1973  8 29.000000    13.3052727550      -7.647864231  
1973  9  8.000000    13.3369539190      -7.847223194  
1973  9 18.000000    13.3715922281      -8.055236461  
1973  9 28.000000    13.4087245605      -8.271188456  
1973 10  8.000000    13.4475965968      -8.496707060  
1973 10 18.000000    13.4872307704      -8.731269027  
1973 10 28.000000    13.5266602260      -8.969160155  
1973 11  7.000000    13.5650059801      -9.199916478  
1973 11 17.000000    13.6016364542      -9.413613967  
1973 11 27.000000    13.6360525559      -9.605188481  
1973 12  7.000000    13.6676031197      -9.774865436  
1973 12 17.000000    13.6954975846      -9.925217963  
1973 12 27.000000    13.7188252534     -10.055793481  
1974  1  6.000000    13.7367616676     -10.160900680  
1974  1 16.000000    13.7488948060     -10.232247359  
1974  1 26.000000    13.7551594491     -10.263667280  
1974  2  5.000000    13.7557179330     -10.255648979  
1974  2 15.000000    13.7507988222     -10.214892478  
1974  2 25.000000    13.7405049092     -10.149074301  
1974  3  7.000000    13.7250531471     -10.062732339  
1974  3 17.000000    13.7049998219      -9.955509525  
1974  3 27.000000    13.6812970698      -9.825380846  
1974  4  6.000000    13.6553141598      -9.674897212  
1974  4 16.000000    13.6284434985      -9.513147015  
1974  4 26.000000    13.6018358449      -9.353418999  
1974  5  6.000000    13.5764426556      -9.207865400  
1974  5 16.000000    13.5530337072      -9.082184229  
1974  5 26.000000    13.5324654036      -8.976208591  
1974  6  5.000000    13.5157545622      -8.888520508  
1974  6 15.000000    13.5037973076      -8.820888080  
1974  6 25.000000    13.4972445853      -8.780315292  
1974  7  5.000000    13.4963226520      -8.775059454  
1974  7 15.000000    13.5008530255      -8.809200519  
1974  7 25.000000    13.5105960329      -8.880383619  
1974  8  4.000000    13.5253438083      -8.981002808  
1974  8 14.000000    13.5449795889      -9.103678787  
1974  8 24.000000    13.5694054805      -9.245896400  
1974  9  3.000000    13.5982267659      -9.409389477  
1974  9 13.000000    13.6307639964      -9.596596233  
1974  9 23.000000    13.6661652033      -9.805915149  
1974 10  3.000000    13.7035217929     -10.029631121  
1974 10 13.000000    13.7421560389     -10.257275179  
1974 10 23.000000    13.7815589498     -10.480400081  
1974 11  2.000000    13.8211711441     -10.695852090  
1974 11 12.000000    13.8602982646     -10.905053347  
1974 11 22.000000    13.8979563232     -11.108923645  
1974 12  2.000000    13.9330358357     -11.304005309  
1974 12 12.000000    13.9646183036     -11.481962030  
1974 12 22.000000    13.9920301596     -11.632788133  
1975  1  1.000000    14.0148956001     -11.750589597  
1975  1 11.000000    14.0329363648     -11.835810983  
1975  1 21.000000    14.0456969047     -11.892734686  
1975  1 31.000000    14.0526695957     -11.925035238  
1975  2 10.000000    14.0534469643     -11.931603238  
1975  2 20.000000    14.0479673370     -11.907138285  
1975  3  2.000000    14.0367506049     -11.847460207  
1975  3 12.000000    14.0206452648     -11.753926511  
1975  3 22.000000    14.0005815140     -11.634966187  
1975  4  1.000000    13.9774277090     -11.502355637  
1975  4 11.000000    13.9518886812     -11.364961652  
1975  4 21.000000    13.9248289785     -11.226275470  
1975  5  1.000000    13.8974283879     -11.086000131  
1975  5 11.000000    13.8710621378     -10.945052071  
1975  5 21.000000    13.8471644825     -10.810247445  
1975  5 31.000000    13.8268259309     -10.692896676  
1975  6 10.000000    13.8106672494     -10.603777927  
1975  6 20.000000    13.7990626779     -10.548465473  
1975  6 30.000000    13.7922537453     -10.525196053  
1975  7 10.000000    13.7905875718     -10.528790663  
1975  7 20.000000    13.7944982906     -10.556265945  
1975  7 30.000000    13.8041746698     -10.609324860  
1975  8  9.000000    13.8194959064     -10.693034586  
1975  8 19.000000    13.8399798304     -10.810609271  
1975  8 29.000000    13.8649041902     -10.959308163  
1975  9  8.000000    13.8936705280     -11.131047672  
1975  9 18.000000    13.9258321878     -11.316205710  
1975  9 28.000000    13.9610231495     -11.508802788  
1975 10  8.000000    13.9988191824     -11.708428382  
1975 10 18.000000    14.0384535152     -11.916954605  
1975 10 28.000000    14.0789116153     -12.134045296  
1975 11  7.000000    14.1191447357     -12.354034563  
1975 11 17.000000    14.1582069459     -12.566748626  
1975 11 27.000000    14.1954666280     -12.762757565  
1975 12  7.000000    14.2304391344     -12.937482508  
1975 12 17.000000    14.2625006412     -13.091735077  
1975 12 27.000000    14.2908647425     -13.228502300  
1976  1  6.000000    14.3145600686     -13.347601410  
1976  1 16.000000    14.3327136787     -13.443678538  
1976  1 26.000000    14.3448902410     -13.508687053  
1976  2  5.000000    14.3510399957     -13.536769646  
1976  2 15.000000    14.3514032954     -13.528694967  
1976  2 25.000000    14.3462579485     -13.491151022  
1976  3  6.000000    14.3357115211     -13.431650803  
1976  3 16.000000    14.3199644064     -13.354304974  
1976  3 26.000000    14.2995209271     -13.258127173  
1976  4  5.000000    14.2753337693     -13.140571257  
1976  4 15.000000    14.2488305067     -13.003599330  
1976  4 25.000000    14.2214570188     -12.855756064  
1976  5  5.000000    14.1944177567     -12.709792922  
1976  5 15.000000    14.1686536304     -12.577105907  
1976  5 25.000000    14.1448760904     -12.462711897  
1976  6  4.000000    14.1239216169     -12.365930723  
1976  6 14.000000    14.1068125142     -12.284974879  
1976  6 24.000000    14.0945031585     -12.221623238  
1976  7  4.000000    14.0877262260     -12.182919338  
1976  7 14.000000    14.0867225479     -12.177067042  
1976  7 24.000000    14.0912964324     -12.208108274  
1976  8  3.000000    14.1011670770     -12.273549547  
1976  8 13.000000    14.1160873932     -12.365816764  
1976  8 23.000000    14.1359719011     -12.477829782  
1976  9  2.000000    14.1607703995     -12.607335535  
1976  9 12.000000    14.1901181617     -12.756368941  
1976  9 22.000000    14.2233409399     -12.927569810  
1976 10  2.000000    14.2595211127     -13.119343744  
1976 10 12.000000    14.2976810531     -13.324166720  
1976 10 22.000000    14.3371114067     -13.531834216  
1976 11  1.000000    14.3772911535     -13.734277293  
1976 11 11.000000    14.4176929166     -13.928859740  
1976 11 21.000000    14.4576338355     -14.117404898  
1976 12  1.000000    14.4960836783     -14.301197652  
1976 12 11.000000    14.5318785539     -14.477203102  
1976 12 21.000000    14.5640311466     -14.637481305  
1976 12 31.000000    14.5918353836     -14.772561082  
1977  1 10.000000    14.6149560722     -14.877098671  
1977  1 20.000000    14.6331499545     -14.951979763  
1977  1 30.000000    14.6459903475     -15.001870498  
1977  2  9.000000    14.6529702577     -15.030640582  
1977  2 19.000000    14.6536286872     -15.037227590  
1977  3  1.000000    14.6478848921     -15.016305534  
1977  3 11.000000    14.6362801896     -14.963478998  
1977  3 21.000000    14.6197096856     -14.879800319  
1977  3 31.000000    14.5991849871     -14.773269822  
1977  4 10.000000    14.5755985560     -14.654997767  
1977  4 20.000000    14.5496285440     -14.533126823  
1977  4 30.000000    14.5221108585     -14.410317249  
1977  5 10.000000    14.4941903836     -14.285452159  
1977  5 20.000000    14.4672743738     -14.158842537  
1977  5 30.000000    14.4428733127     -14.036768631  
1977  6  9.000000    14.4221217149     -13.930100002  
1977  6 19.000000    14.4056650043     -13.849276550  
1977  6 29.000000    14.3938468767     -13.799455148  
1977  7  9.000000    14.3868598756     -13.778649958  
1977  7 19.000000    14.3850620455     -13.781634959  
1977  7 29.000000    14.3889214450     -13.805484567  
1977  8  8.000000    14.3986873103     -13.852123493  
1977  8 18.000000    14.4142880562     -13.926786525  
1977  8 28.000000    14.4352138648     -14.032734794  
1977  9  7.000000    14.4606954581     -14.167350741  
1977  9 17.000000    14.4900887612     -14.322696041  
1977  9 27.000000    14.5229168902     -14.489392117  
1977 10  7.000000    14.5588469493     -14.661851249  
1977 10 17.000000    14.5974783652     -14.839978658  
1977 10 27.000000    14.6380313509     -15.025971446  
1977 11  6.000000    14.6794558001     -15.219828203  
1977 11 16.000000    14.7206179764     -15.416230318  
1977 11 26.000000    14.7605093880     -15.605492099  
1977 12  6.000000    14.7984911655     -15.778734397  
1977 12 16.000000    14.8340842408     -15.931907039  
1977 12 26.000000    14.8666958951     -16.066383792  
1978  1  5.000000    14.8955426480     -16.185650497  
1978  1 15.000000    14.9196015536     -16.290021714  
1978  1 25.000000    14.9379634579     -16.374625420  
1978  2  4.000000    14.9501661377     -16.431792741  
1978  2 14.000000    14.9561759165     -16.455930089  
1978  2 24.000000    14.9563073417     -16.447900469  
1978  3  6.000000    14.9508811549     -16.414301290  
1978  3 16.000000    14.9400203969     -16.362437996  
1978  3 26.000000    14.9239143232     -16.296029933  
1978  4  5.000000    14.9030174436     -16.213540442  
1978  4 15.000000    14.8782877310     -16.111763203  
1978  4 25.000000    14.8511996461     -15.991861690  
1978  5  5.000000    14.8232511038     -15.861568655  
1978  5 15.000000    14.7957061391     -15.732857201  
1978  5 25.000000    14.7694989978     -15.616332091  
1978  6  4.000000    14.7452988596     -15.516331403  
1978  6 14.000000    14.7239273370     -15.431617641  
1978  6 24.000000    14.7064080258     -15.359928876  
1978  7  4.000000    14.6937571257     -15.302812546  
1978  7 14.000000    14.6867816348     -15.267144579  
1978  7 24.000000    14.6857396473     -15.261027374  
1978  8  3.000000    14.6904290643     -15.288491595  
1978  8 13.000000    14.7005244852     -15.347057089  
1978  8 23.000000    14.7157405653     -15.429265770  
1978  9  2.000000    14.7360165865     -15.528274526  
1978  9 12.000000    14.7613334478     -15.642043851  
1978  9 22.000000    14.7913540747     -15.772855441  
1978 10  2.000000    14.8254056036     -15.923610562  
1978 10 12.000000    14.8625012641     -16.092963412  
1978 10 22.000000    14.9016000318     -16.273760764  
1978 11  1.000000    14.9419519542     -16.456233482  
1978 11 11.000000    14.9830145914     -16.632744136  
1978 11 21.000000    15.0242886637     -16.801127263  
1978 12  1.000000    15.0650952969     -16.963692188  
1978 12 11.000000    15.1043644920     -17.122242756  
1978 12 21.000000    15.1408877750     -17.274385410  
1978 12 31.000000    15.1736107152     -17.412832469  
1979  1 10.000000    15.2018008808     -17.528729449  
1979  1 20.000000    15.2251570437     -17.617245482  
1979  1 30.000000    15.2434662321     -17.679655019  
1979  2  9.000000    15.2563386511     -17.720959141  
1979  2 19.000000    15.2632710426     -17.745322384  
1979  3  1.000000    15.2637594737     -17.751862987  
1979  3 11.000000    15.2577114812     -17.735268904  
1979  3 21.000000    15.2456796064     -17.690869382  
1979  3 31.000000    15.2286021119     -17.619206599  
1979  4 10.000000    15.2075667262     -17.527613564  
1979  4 20.000000    15.1834873172     -17.426450887  
1979  4 30.000000    15.1570309629     -17.323101841  
1979  5 10.000000    15.1290092341     -17.219432989  
1979  5 20.000000    15.1005326722     -17.113456598  
1979  5 30.000000    15.0730428606     -17.004651071  
1979  6  9.000000    15.0481161795     -16.898515134  

