v15.04    Планета: Уран  (INPOP13C)
          Спутник: U1 Ариэль  (GUST86, Laskar J. et al (1987) A&A, v.188, p.212.)
   Обсерватория N:  84 - Pulkovo
    Шкала времени: UTC
Средний экватор и равноденствие эпохи J2000.  ICRF. 
Координаты астрометрические 

Год  Месяц День       alpha (h)          delta (º)
1952  2  1.000000     6.8321899346      23.336440735  
1952  2 11.000000     6.8085490152      23.364360576  
1952  2 21.000000     6.7896878601      23.385579576  
1952  3  2.000000     6.7764151625      23.399682080  
1952  3 12.000000     6.7692984008      23.406392492  
1952  3 22.000000     6.7685956234      23.405739902  
1952  4  1.000000     6.7744072182      23.397720128  
1952  4 11.000000     6.7865865614      23.382393173  
1952  4 21.000000     6.8047900909      23.359955941  
1952  5  1.000000     6.8285990887      23.330481287  
1952  5 11.000000     6.8574141524      23.294207401  
1952  5 21.000000     6.8905736544      23.251466116  
1952  5 31.000000     6.9273932874      23.202566771  
1952  6 10.000000     6.9670755022      23.148121157  
1952  6 20.000000     7.0088506191      23.088817997  
1952  6 30.000000     7.0519295980      23.025473938  
1952  7 10.000000     7.0954651271      22.959265362  
1952  7 20.000000     7.1386791016      22.891386314  
1952  7 30.000000     7.1807555843      22.823282128  
1952  8  9.000000     7.2208746369      22.756654849  
1952  8 19.000000     7.2582977496      22.693133348  
1952  8 29.000000     7.2922465161      22.634590541  
1952  9  8.000000     7.3220071156      22.582887434  
1952  9 18.000000     7.3469576250      22.539668383  
1952  9 28.000000     7.3664823114      22.506628954  
1952 10  8.000000     7.3801253879      22.485043604  
1952 10 18.000000     7.3875546469      22.475782145  
1952 10 28.000000     7.3885504125      22.479412330  
1952 11  7.000000     7.3831595374      22.495701481  
1952 11 17.000000     7.3715990775      22.523920359  
1952 11 27.000000     7.3543163187      22.562785350  
1952 12  7.000000     7.3320677374      22.610228702  
1952 12 17.000000     7.3057683252      22.663949114  
1952 12 27.000000     7.2765750939      22.721275240  
1953  1  6.000000     7.2458254321      22.779317034  
1953  1 16.000000     7.2148722676      22.835511653  
1953  1 26.000000     7.1851518182      22.887362622  
1953  2  5.000000     7.1580097573      22.932795025  
1953  2 15.000000     7.1346163439      22.970323090  
1953  2 25.000000     7.1160264810      22.998692094  
1953  3  7.000000     7.1030004579      23.017212826  
1953  3 17.000000     7.0960603699      23.025546418  
1953  3 27.000000     7.0955357095      23.023449690  
1953  4  6.000000     7.1014485150      23.011087112  
1953  4 16.000000     7.1136670076      22.988647203  
1953  4 26.000000     7.1318959493      22.956370401  
1953  5  6.000000     7.1556387892      22.914781779  
1953  5 16.000000     7.1843592180      22.864311273  
1953  5 26.000000     7.2174041378      22.805565693  
1953  6  5.000000     7.2540358323      22.739380608  
1953  6 15.000000     7.2935414253      22.666536094  
1953  6 25.000000     7.3351172080      22.588152950  
1953  7  5.000000     7.3779597643      22.505510102  
1953  7 15.000000     7.4212985242      22.419922589  
1953  7 25.000000     7.4642908774      22.333123399  
1953  8  4.000000     7.5061486886      22.246866033  
1953  8 14.000000     7.5460974889      22.163022862  
1953  8 24.000000     7.5833256599      22.083776892  
1953  9  3.000000     7.6171167804      22.011135062  
1953  9 13.000000     7.6467577903      21.947207821  
1953  9 23.000000     7.6715704874      21.894094537  
1953 10  3.000000     7.6910186244      21.853444817  
1953 10 13.000000     7.7046020713      21.826833574  
1953 10 23.000000     7.7119722931      21.815318111  
1953 11  2.000000     7.7129822285      21.819247645  
1953 11 12.000000     7.7076041879      21.838596670  
1953 11 22.000000     7.6960882416      21.872413515  
1953 12  2.000000     7.6789201508      21.919038056  
1953 12 12.000000     7.6567765392      21.976339486  
1953 12 22.000000     7.6306436048      22.041363775  
1954  1  1.000000     7.6016603643      22.110971347  
1954  1 11.000000     7.5711068999      22.181896934  
1954  1 21.000000     7.5404138139      22.250713443  
1954  1 31.000000     7.5109437358      22.314542116  
1954  2 10.000000     7.4840288596      22.370784867  
1954  2 20.000000     7.4608921816      22.417263547  
1954  3  2.000000     7.4424913282      22.452585328  
1954  3 12.000000     7.4296249206      22.475627991  
1954  3 22.000000     7.4228265429      22.485784660  
1954  4  1.000000     7.4223475212      22.482946928  
1954  4 11.000000     7.4282854288      22.467046015  
1954  4 21.000000     7.4404778023      22.438441747  
1954  5  1.000000     7.4585980057      22.397643441  
1954  5 11.000000     7.4822314168      22.345143615  
1954  5 21.000000     7.5107812587      22.281820622  
1954  5 31.000000     7.5436141704      22.208533957  
1954  6 10.000000     7.5800501794      22.126257028  
1954  6 20.000000     7.6193059342      22.036331576  
1954  6 30.000000     7.6606373441      21.940032679  
1954  7 10.000000     7.7032555701      21.838939261  
1954  7 20.000000     7.7463330532      21.734908657  
1954  7 30.000000     7.7891059704      21.629738771  
1954  8  9.000000     7.8307553147      21.525637131  
1954  8 19.000000     7.8704810293      21.424897750  
1954  8 29.000000     7.9075458696      21.329753828  
1954  9  8.000000     7.9411684247      21.242768110  
1954  9 18.000000     7.9706519933      21.166276225  
1954  9 28.000000     7.9953662126      21.102472966  
1954 10  8.000000     8.0146987632      21.053545040  
1954 10 18.000000     8.0282064542      21.021029192  
1954 10 28.000000     8.0355463630      21.006130270  
1954 11  7.000000     8.0365118055      21.009500650  
1954 11 17.000000     8.0311567412      21.030795941  
1954 11 27.000000     8.0196900516      21.069159760  
1954 12  7.000000     8.0025776081      21.122796481  
1954 12 17.000000     7.9805719504      21.189007427  
1954 12 27.000000     7.9545801340      21.264763095  
1955  1  6.000000     7.9257681962      21.346301116  
1955  1 16.000000     7.8954500794      21.429705163  
1955  1 26.000000     7.8649651128      21.511281940  
1955  2  5.000000     7.8357374205      21.587286480  
1955  2 15.000000     7.8090746944      21.654645491  
1955  2 25.000000     7.7861337196      21.710854062  
1955  3  7.000000     7.7679451642      21.753793118  
1955  3 17.000000     7.7552382561      21.782232212  
1955  3 27.000000     7.7485347555      21.795317072  
1955  4  6.000000     7.7481442017      21.792599222  
1955  4 16.000000     7.7540816478      21.774254596  
1955  4 26.000000     7.7662289058      21.740506197  
1955  5  6.000000     7.7842824426      21.691940976  
1955  5 16.000000     7.8077608229      21.629462204  
1955  5 26.000000     7.8361454116      21.553906389  
1955  6  5.000000     7.8687829577      21.466523003  
1955  6 15.000000     7.9049618076      21.368681974  
1955  6 25.000000     7.9439805140      21.261769790  
1955  7  5.000000     7.9850399553      21.147649764  
1955  7 15.000000     8.0273627957      21.028170607  
1955  7 25.000000     8.0701805015      20.905359301  
1955  8  4.000000     8.1126581054      20.781665848  
1955  8 14.000000     8.1540266974      20.659429061  
1955  8 24.000000     8.1935059582      20.541267391  
1955  9  3.000000     8.2302954615      20.430003083  
1955  9 13.000000     8.2636884824      20.328224596  
1955  9 23.000000     8.2929637974      20.238738289  
1955 10  3.000000     8.3174592049      20.164122668  
1955 10 13.000000     8.3366395839      20.106524786  
1955 10 23.000000     8.3500018207      20.067989730  
1955 11  2.000000     8.3572170369      20.049765456  
1955 11 12.000000     8.3581345056      20.052418420  
1955 11 22.000000     8.3527330633      20.075933785  
1955 12  2.000000     8.3412806147      20.119074870  
1955 12 12.000000     8.3242542906      20.179883974  
1955 12 22.000000     8.3023418295      20.255589337  
1956  1  1.000000     8.2765309738      20.342397743  
1956  1 11.000000     8.2479414171      20.436306384  
1956  1 21.000000     8.2178548187      20.532869362  
1956  1 31.000000     8.1876769988      20.627519944  
1956  2 10.000000     8.1587404137      20.716257674  
1956  2 20.000000     8.1323657327      20.795257046  
1956  3  1.000000     8.1097351980      20.861392768  
1956  3 11.000000     8.0917819891      20.912398181  
1956  3 21.000000     8.0792913181      20.946397834  
1956  3 31.000000     8.0727639893      20.962408400  
1956  4 10.000000     8.0724487858      20.959981054  
1956  4 20.000000     8.0784373934      20.938959272  
1956  4 30.000000     8.0905558608      20.899881027  
1956  5 10.000000     8.1084951384      20.843413673  
1956  5 20.000000     8.1318406424      20.770466505  
1956  5 30.000000     8.1600028767      20.682434305  
1956  6  9.000000     8.1923735130      20.580648270  
1956  6 19.000000     8.2282738475      20.466773313  
1956  6 29.000000     8.2669398084      20.342789959  
1956  7  9.000000     8.3076479326      20.210610049  
1956  7 19.000000     8.3496106604      20.072596201  
1956  7 29.000000     8.3920243772      19.931249142  
1956  8  8.000000     8.4341361214      19.789085260  
1956  8 18.000000     8.4751286084      19.649080698  
1956  8 28.000000     8.5142259586      19.514136227  
1956  9  7.000000     8.5506918810      19.387219619  
1956  9 17.000000     8.5837503095      19.271559115  
1956  9 27.000000     8.6127252627      19.170012212  
1956 10  7.000000     8.6369819475      19.085418027  
1956 10 17.000000     8.6559201969      19.020398213  
1956 10 27.000000     8.6691124155      18.976833640  
1956 11  6.000000     8.6762120980      18.956280014  
1956 11 16.000000     8.6770330794      18.959428675  
1956 11 26.000000     8.6716371727      18.985901680  
1956 12  6.000000     8.6602328418      19.034657596  
1956 12 16.000000     8.6433062167      19.103368601  
1956 12 26.000000     8.6216012346      19.188766521  
1957  1  5.000000     8.5960200827      19.286985116  
1957  1 15.000000     8.5677296651      19.393209229  
1957  1 25.000000     8.5380108009      19.502504831  
1957  2  4.000000     8.5081850467      19.609942130  
1957  2 14.000000     8.4796493938      19.710585483  
1957  2 24.000000     8.4536632399      19.800321660  
1957  3  6.000000     8.4313619467      19.875548980  
1957  3 16.000000     8.4137372623      19.933351384  
1957  3 26.000000     8.4014827782      19.971891813  
1957  4  5.000000     8.3951122977      19.989788793  
1957  4 15.000000     8.3949081624      19.986449459  
1957  4 25.000000     8.4008791414      19.962003045  
1957  5  5.000000     8.4129160278      19.916774159  
1957  5 15.000000     8.4307066879      19.851733692  
1957  5 25.000000     8.4537891244      19.768155306  
1957  6  4.000000     8.4816605015      19.667406206  
1957  6 14.000000     8.5136737398      19.551389925  
1957  6 24.000000     8.5491492693      19.422046162  
1957  7  4.000000     8.5873985468      19.281499627  
1957  7 14.000000     8.6276375334      19.132316144  
1957  7 24.000000     8.6691209316      18.976986588  
1957  8  3.000000     8.7110863867      18.818320060  
1957  8 13.000000     8.7527186532      18.659421922  
1957  8 23.000000     8.7932726464      18.503276184  
1957  9  2.000000     8.8319688274      18.353232656  
1957  9 12.000000     8.8680288136      18.212663672  
1957  9 22.000000     8.9007577221      18.084756078  
1957 10  2.000000     8.9294345672      17.972898958  
1957 10 12.000000     8.9534198995      17.880060166  
1957 10 22.000000     8.9721807399      17.808838737  
1957 11  1.000000     8.9852192059      17.761576537  
1957 11 11.000000     8.9922289758      17.739635144  
1957 11 21.000000     8.9930551903      17.743696931  
1957 12  1.000000     8.9876887348      17.773576903  
1957 12 11.000000     8.9764117319      17.827721932  
1957 12 21.000000     8.9596892464      17.903769726  
1957 12 31.000000     8.9382174178      17.998208506  
1958  1 10.000000     8.9129737337      18.106467157  
1958  1 20.000000     8.8850496666      18.223617559  
1958  1 30.000000     8.8557158490      18.344087419  
1958  2  9.000000     8.8263347667      18.462295556  
1958  2 19.000000     8.7981979420      18.573151382  
1958  3  1.000000     8.7725970974      18.671779768  
1958  3 11.000000     8.7506589605      18.754257733  
1958  3 21.000000     8.7332873322      18.817543153  
1958  3 31.000000     8.7212417219      18.859234303  
1958  4 10.000000     8.7149881906      18.878063250  
1958  4 20.000000     8.7147758791      18.873371397  
1958  4 30.000000     8.7206879031      18.845092292  
1958  5 10.000000     8.7325479509      18.793973688  
1958  5 20.000000     8.7500726516      18.720958532  
1958  5 30.000000     8.7728523252      18.627471070  
1958  6  9.000000     8.8003195155      18.515391796  
1958  6 19.000000     8.8318996492      18.386597008  
1958  6 29.000000     8.8669242604      18.243433285  
1958  7  9.000000     8.9046617918      18.088442850  
1958  7 19.000000     8.9444161510      17.924187037  
1958  7 29.000000     8.9854101527      17.753699968  
1958  8  8.000000     9.0268733306      17.580033934  
1958  8 18.000000     9.0680663830      17.406353802  
1958  8 28.000000     9.1081821638      17.236218372  
1958  9  7.000000     9.1464717497      17.073029618  
1958  9 17.000000     9.1821992087      16.920341047  
1958  9 27.000000     9.2146000514      16.781825416  
1958 10  7.000000     9.2430161062      16.660766833  
1958 10 17.000000     9.2668063470      16.560435842  
1958 10 27.000000     9.2853865248      16.483703324  
1958 11  6.000000     9.2983378728      16.432698491  
1958 11 16.000000     9.3053090416      16.409122361  
1958 11 26.000000     9.3061337118      16.413598798  
1958 12  6.000000     9.3008717591      16.445676853  
1958 12 16.000000     9.2897294440      16.504023435  
1958 12 26.000000     9.2732055433      16.585833809  
1959  1  5.000000     9.2520234654      16.687338138  
1959  1 15.000000     9.2270751118      16.803911878  
1959  1 25.000000     9.1995144999      16.929915058  
1959  2  4.000000     9.1705767279      17.059577831  
1959  2 14.000000     9.1415585199      17.186986204  
1959  2 24.000000     9.1138154797      17.306335240  
1959  3  6.000000     9.0885538610      17.412684762  
1959  3 16.000000     9.0668845921      17.501638631  
1959  3 26.000000     9.0497553275      17.569739999  
1959  4  5.000000     9.0378310888      17.614668625  
1959  4 15.000000     9.0316215575      17.634740761  
1959  4 25.000000     9.0313871424      17.629299219  
1959  5  5.000000     9.0371454837      17.598451075  
1959  5 15.000000     9.0488031175      17.542697624  
1959  5 25.000000     9.0660512835      17.463321296  
1959  6  4.000000     9.0884618594      17.361900159  
1959  6 14.000000     9.1155529329      17.240270225  
1959  6 24.000000     9.1466959834      17.100811133  
1959  7  4.000000     9.1812507252      16.945927794  
1959  7 14.000000     9.2185429367      16.778318099  
1959  7 24.000000     9.2578122065      16.601051120  
1959  8  3.000000     9.2983447948      16.417131696  
1959  8 13.000000     9.3393823507      16.229936447  
1959  8 23.000000     9.3801330866      16.043035258  
1959  9  2.000000     9.4198689930      15.859925065  
1959  9 12.000000     9.4578078161      15.684458774  
1959  9 22.000000     9.4931921910      15.520415717  
1959 10  2.000000     9.5253301900      15.371458231  
1959 10 12.000000     9.5534985341      15.241358820  
1959 10 22.000000     9.5770768632      15.133401515  
1959 11  1.000000     9.5955259855      15.050528894  
1959 11 11.000000     9.6083536214      14.995271504  
1959 11 21.000000     9.6152695141      14.969117550  
1959 12  1.000000     9.6161096156      14.972834434  
1959 12 11.000000     9.6108781843      15.006118166  
1959 12 21.000000     9.5998628638      15.067241419  
1959 12 31.000000     9.5835150623      15.153532403  
1960  1 10.000000     9.5625383839      15.260989833  
1960  1 20.000000     9.5378900368      15.384511273  
1960  1 30.000000     9.5106349128      15.518482330  
1960  2  9.000000     9.4820291092      15.656562489  
1960  2 19.000000     9.4533855458      15.792433797  
1960  2 29.000000     9.4259613874      15.920171396  
1960  3 10.000000     9.4010176729      16.034147130  
1960  3 20.000000     9.3796280684      16.129787892  
1960  3 30.000000     9.3626773072      16.203416023  
1960  4  9.000000     9.3509017200      16.252199241  
1960  4 19.000000     9.3447417833      16.274553569  
1960  4 29.000000     9.3444572790      16.269601196  
1960  5  9.000000     9.3501263473      16.237263390  
1960  5 19.000000     9.3615817359      16.178340896  
1960  5 29.000000     9.3785696613      16.093937206  
1960  6  8.000000     9.4006873116      15.985771660  
1960  6 18.000000     9.4273968507      15.856023743  
1960  6 28.000000     9.4581534144      15.706969812  
1960  7  8.000000     9.4922983197      15.541392880  
1960  7 18.000000     9.5291344673      15.362261753  
1960  7 28.000000     9.5679834171      15.172635105  
1960  8  7.000000     9.6080773634      14.976023299  
1960  8 17.000000     9.6486748771      14.775941420  
1960  8 27.000000     9.6890394511      14.576078929  
1960  9  6.000000     9.7283736765      14.380452900  
1960  9 16.000000     9.7659481322      14.192928862  
1960  9 26.000000     9.8010195933      14.017553913  
1960 10  6.000000     9.8328362980      13.858405153  
1960 10 16.000000     9.8607505029      13.719174865  
1960 10 26.000000     9.8841124250      13.603522933  
1960 11  5.000000     9.9023563930      13.514603910  
1960 11 15.000000     9.9150668554      13.454816269  
1960 11 25.000000     9.9218911395      13.426038959  
1960 12  5.000000     9.9226851786      13.428959632  
1960 12 15.000000     9.9175043307      13.463133631  
1960 12 25.000000     9.9065599674      13.527069911  
1961  1  4.000000     9.8903633982      13.617705739  
1961  1 14.000000     9.8696173307      13.730908461  
1961  1 24.000000     9.8452114856      13.861525545  
1961  2  3.000000     9.8182834092      14.003323801  
1961  2 13.000000     9.7900268818      14.149855904  
1961  2 23.000000     9.7617196033      14.294433245  
1961  3  5.000000     9.7346727555      14.430507911  
1961  3 15.000000     9.7100480693      14.552382409  
1961  3 25.000000     9.6889342321      14.654948598  
1961  4  4.000000     9.6722341193      14.734160732  
1961  4 14.000000     9.6605936338      14.787186756  
1961  4 24.000000     9.6545159360      14.811968198  
1961  5  4.000000     9.6542400556      14.807631102  
1961  5 14.000000     9.6597983626      14.774159509  
1961  5 24.000000     9.6711061983      14.712086993  
1961  6  3.000000     9.6878585346      14.622833596  
1961  6 13.000000     9.7096611728      14.508192017  
1961  6 23.000000     9.7360444612      14.370328498  
1961  7  3.000000     9.7663987660      14.211984288  
1961  7 13.000000     9.8001187781      14.035979116  
1961  7 23.000000     9.8365371394      13.845487077  
1961  8  2.000000     9.8749184220      13.644039273  
1961  8 12.000000     9.9145728273      13.435131236  
1961  8 22.000000     9.9547430961      13.222661471  
1961  9  1.000000     9.9946621805      13.010682209  
1961  9 11.000000    10.0336117487      12.803186590  
1961  9 21.000000    10.0708092700      12.604519445  
1961 10  1.000000    10.1055190418      12.418908718  
1961 10 11.000000    10.1370471726      12.250448804  
1961 10 21.000000    10.1646753337      12.103314092  
1961 10 31.000000    10.1878013957      11.981126283  
1961 11 10.000000    10.2058795298      11.887134581  
1961 11 20.000000    10.2184326689      11.824087950  
1961 11 30.000000    10.2251847047      11.793617754  
1961 12 10.000000    10.2259659584      11.796561576  
1961 12 20.000000    10.2208024927      11.832551401  
1961 12 30.000000    10.2099842043      11.899706236  
1962  1  9.000000    10.1939542778      11.995093558  
1962  1 19.000000    10.1734275862      12.114303083  
1962  1 29.000000    10.1493370372      12.251748087  
1962  2  8.000000    10.1227271145      12.401220587  
1962  2 18.000000    10.0948369604      12.555687000  
1962  2 28.000000    10.0669278815      12.708125100  
1962  3 10.000000    10.0402276595      12.851864405  
1962  3 20.000000    10.0159600795      12.980546212  
1962  3 30.000000     9.9951469449      13.088950067  
1962  4  9.000000     9.9786560307      13.172821303  
1962  4 19.000000     9.9671923112      13.228856782  
1962  4 29.000000     9.9611745998      13.255153225  
1962  5  9.000000     9.9608700551      13.250623874  
1962  5 19.000000     9.9663454984      13.215130991  
1962  5 29.000000     9.9774468766      13.149536473  
1962  6  8.000000     9.9939435371      13.055103548  
1962  6 18.000000    10.0154373666      12.933830886  
1962  6 28.000000    10.0414243475      12.788230827  
1962  7  8.000000    10.0713828673      12.620961132  
1962  7 18.000000    10.1046666510      12.435266569  
1962  7 28.000000    10.1406161228      12.234562721  
1962  8  7.000000    10.1785657712      12.022382871  
1962  8 17.000000    10.2177631905      11.802743913  
1962  8 27.000000    10.2574964431      11.579623845  
1962  9  6.000000    10.2970297448      11.357188097  
1962  9 16.000000    10.3355823058      11.139919022  
1962  9 26.000000    10.3724413625      10.932091151  
1962 10  6.000000    10.4068567002      10.738163985  
1962 10 16.000000    10.4380948278      10.562578758  
1962 10 26.000000    10.4655129157      10.409325914  
1962 11  5.000000    10.4884560838      10.282358415  
1962 11 15.000000    10.5063792368      10.185021837  
1962 11 25.000000    10.5188651612      10.119844308  
1962 12  5.000000    10.5255657110      10.088788673  
1962 12 15.000000    10.5263567091      10.092491614  
1962 12 25.000000    10.5212862727      10.130402719  
1963  1  4.000000    10.5105767396      10.200842174  
1963  1 14.000000    10.4947449720      10.300410664  
1963  1 24.000000    10.4744730871      10.424618309  
1963  2  3.000000    10.4506514772      10.567832555  
1963  2 13.000000    10.4243919129      10.723252539  
1963  2 23.000000    10.3968491501      10.883874624  
1963  3  5.000000    10.3692810441      11.042369826  
1963  3 15.000000    10.3429465170      11.191566292  
1963  3 25.000000    10.3189675638      11.325209520  
1963  4  4.000000    10.2984073644      11.437634334  
1963  4 14.000000    10.2821211846      11.524366396  
1963  4 24.000000    10.2707420724      11.582241951  
1963  5  4.000000    10.2647621236      11.608941909  
1963  5 14.000000    10.2644026356      11.603514881  
1963  5 24.000000    10.2697156363      11.565937038  
1963  6  3.000000    10.2806224224      11.496823810  
1963  6 13.000000    10.2968301371      11.397830140  
1963  6 23.000000    10.3179807464      11.270992048  
1963  7  3.000000    10.3436170192      11.118787484  
1963  7 13.000000    10.3731582773      10.944358173  
1963  7 23.000000    10.4060323075      10.750875392  
1963  8  2.000000    10.4415816637      10.541936424  
1963  8 12.000000    10.4791031438      10.321492712  
1963  8 22.000000    10.5179256618      10.093412036  
1963  9  1.000000    10.5572963865       9.862021470  
1963  9 11.000000    10.5964749695       9.631733929  
1963  9 21.000000    10.6347446100       9.406874979  
1963 10  1.000000    10.6713245974       9.192157922  
1963 10 11.000000    10.7054967538       8.992063629  
1963 10 21.000000    10.7365568397       8.810950961  
1963 10 31.000000    10.7637924688       8.653235884  
1963 11 10.000000    10.7866112851       8.522653663  
1963 11 20.000000    10.8044557732       8.422598583  
1963 11 30.000000    10.8168643093       8.355876100  
1963 12 10.000000    10.8235654291       8.324060512  
1963 12 20.000000    10.8243842342       8.327972729  
1963 12 30.000000    10.8193676581       8.367089509  
1964  1  9.000000    10.8088004471       8.439303570  
1964  1 19.000000    10.7931226444       8.541487988  
1964  1 29.000000    10.7730564589       8.668875827  
1964  2  8.000000    10.7495077248       8.815534528  
1964  2 18.000000    10.7235067229       8.974896846  
1964  2 28.000000    10.6962700796       9.139458537  
1964  3  9.000000    10.6690107052       9.301811078  
1964  3 19.000000    10.6429335335       9.454853631  
1964  3 29.000000    10.6192212969       9.591776747  
1964  4  8.000000    10.5988536968       9.707056898  
1964  4 18.000000    10.5826872754       9.796080223  
1964  4 28.000000    10.5713962308       9.855288459  
1964  5  8.000000    10.5653907418       9.882663441  
1964  5 18.000000    10.5649487210       9.876976025  
1964  5 28.000000    10.5701301876       9.838105632  
1964  6  7.000000    10.5808058876       9.767008831  
1964  6 17.000000    10.5967675277       9.665028201  
1964  6 27.000000    10.6176276860       9.534399163  
1964  7  7.000000    10.6429216007       9.377855134  
1964  7 17.000000    10.6721459502       9.198282361  
1964  7 27.000000    10.7046716113       8.999271181  
1964  8  6.000000    10.7398736600       8.784489968  
1964  8 16.000000    10.7770928498       8.557772254  
1964  8 26.000000    10.8155932307       8.323479970  
1964  9  5.000000    10.8546824362       8.085816480  
1964  9 15.000000    10.8936189203       7.849259030  
1964  9 25.000000    10.9316357421       7.618566568  
1964 10  5.000000    10.9680229125       7.398184728  
1964 10 15.000000    11.0020195429       7.192854895  
1964 10 25.000000    11.0329048435       7.007169920  
1964 11  4.000000    11.0600281071       6.845230831  
1964 11 14.000000    11.0827294391       6.711171127  
1964 11 24.000000    11.1004783844       6.608347403  
1964 12  4.000000    11.1128483129       6.539322176  
1964 12 14.000000    11.1195000021       6.506100624  
1964 12 24.000000    11.1203239766       6.509202788  
1965  1  3.000000    11.1153608678       6.548047853  
1965  1 13.000000    11.1048502451       6.620845728  
1965  1 23.000000    11.0893104674       6.724001137  
1965  2  2.000000    11.0694093135       6.852934494  
1965  2 12.000000    11.0460426459       7.001772637  
1965  2 22.000000    11.0202952585       7.163477971  
1965  3  4.000000    10.9932938511       7.330883748  
1965  3 14.000000    10.9662793900       7.496311746  
1965  3 24.000000    10.9404633886       7.652329540  
1965  4  3.000000    10.9169415575       7.792436258  
1965  4 13.000000    10.8967532919       7.910582664  
1965  4 23.000000    10.8807173025       8.002087433  
1965  5  3.000000    10.8694648061       8.063534630  
1965  5 13.000000    10.8634772582       8.092350788  
1965  5 23.000000    10.8629700145       8.087519211  
1965  6  2.000000    10.8680188852       8.048875904  
1965  6 12.000000    10.8785485430       7.977001625  
1965  6 22.000000    10.8942856629       7.873647449  
1965  7  2.000000    10.9149034383       7.740853496  
1965  7 12.000000    10.9399523272       7.581274447  
1965  7 22.000000    10.9688811272       7.398237608  
1965  8  1.000000    11.0011391708       7.195041591  
1965  8 11.000000    11.0360738269       6.975578277  
1965  8 21.000000    11.0730086822       6.743999059  
1965  8 31.000000    11.1112773894       6.504366796  
1965  9 10.000000    11.1501281593       6.261335306  
1965  9 20.000000    11.1888382843       6.019479486  
1965  9 30.000000    11.2266814746       5.783349716  
1965 10 10.000000    11.2628780241       5.557936559  
1965 10 20.000000    11.2967175337       5.347817317  
1965 10 30.000000    11.3274809667       5.157564472  
1965 11  9.000000    11.3544628329       4.991748253  
1965 11 19.000000    11.3770728646       4.854138023  
1965 11 29.000000    11.3947446639       4.748291821  
1965 12  9.000000    11.4070338785       4.677025869  
1965 12 19.000000    11.4136694704       4.641910296  
1965 12 29.000000    11.4144796540       4.643861609  
1966  1  8.000000    11.4095328884       4.682245647  
1966  1 18.000000    11.3991087390       4.754956633  
1966  1 28.000000    11.3836542613       4.858869741  
1966  2  7.000000    11.3638982961       4.989047700  
1966  2 17.000000    11.3407245088       5.139548125  
1966  2 27.000000    11.3151593365       5.303674174  
1966  3  9.000000    11.2883964827       5.473683698  
1966  3 19.000000    11.2616114079       5.642070681  
1966  3 29.000000    11.2359946430       5.801421089  
1966  4  8.000000    11.2126898095       5.944630444  
1966  4 18.000000    11.1926477658       6.065967257  
1966  4 28.000000    11.1767172540       6.160416947  
1966  5  8.000000    11.1655448460       6.224181743  
1966  5 18.000000    11.1595405819       6.255030916  
1966  5 28.000000    11.1589892861       6.251435711  
1966  6  7.000000    11.1639461068       6.213219944  
1966  6 17.000000    11.1743065288       6.141231565  
1966  6 27.000000    11.1898752476       6.036738773  
1966  7  7.000000    11.2102761742       5.902125892  
1966  7 17.000000    11.2350766492       5.740137375  
1966  7 27.000000    11.2637815996       5.553809567  
1966  8  6.000000    11.2957789490       5.346984990  
1966  8 16.000000    11.3304681383       5.123435471  
1966  8 26.000000    11.3671889230       4.887279875  
1966  9  5.000000    11.4052216984       4.643137283  
1966  9 15.000000    11.4438833098       4.395364046  
1966  9 25.000000    11.4824244865       4.148767092  
1966 10  5.000000    11.5200913936       3.908280750  
1966 10 15.000000    11.5561690641       3.678520400  
1966 10 25.000000    11.5898884885       3.464500788  
1966 11  4.000000    11.6205398353       3.270874347  
1966 11 14.000000    11.6474606596       3.101894296  
1966 11 24.000000    11.6699911313       2.961854209  
1966 12  4.000000    11.6876120952       2.854062064  
1966 12 14.000000    11.6998880145       2.781206680  
1966 12 24.000000    11.7064926868       2.745315662  
1967  1  3.000000    11.7073267462       2.746812142  
1967  1 13.000000    11.7024274618       2.785221247  
1967  1 23.000000    11.6920531203       2.858658687  
1967  2  2.000000    11.6767200279       2.963460220  
1967  2 12.000000    11.6570894132       3.095099401  
1967  2 22.000000    11.6340630062       3.247511932  
1967  3  4.000000    11.6086996741       3.413596568  
1967  3 14.000000    11.5821093451       3.586093517  
1967  3 24.000000    11.5555167071       3.757020069  
1967  4  3.000000    11.5300929064       3.918823566  
1967  4 13.000000    11.5069176410       4.064714125  
1967  4 23.000000    11.4870064029       4.188302751  
1967  5  3.000000    11.4711498700       4.284744780  
1967  5 13.000000    11.4599811787       4.350269371  
1967  5 23.000000    11.4539683563       4.382081943  
1967  6  2.000000    11.4533267413       4.379079198  
1967  6 12.000000    11.4581520884       4.340855863  
1967  6 22.000000    11.4683694051       4.268014004  
1967  7  2.000000    11.4837271801       4.162345362  
1967  7 12.000000    11.5039225911       4.025852134  
1967  7 22.000000    11.5285130989       3.861419375  
1967  8  1.000000    11.5569762428       3.672493888  
1967  8 11.000000    11.5887759600       3.462516806  
1967  8 21.000000    11.6232665417       3.235704757  
1967  8 31.000000    11.6597950378       2.996338397  
1967  9 10.000000    11.6976948624       2.748733844  
1967  9 20.000000    11.7362183002       2.497839252  
1967  9 30.000000    11.7746541487       2.248316478  
1967 10 10.000000    11.8122635706       2.004994078  
1967 10 20.000000    11.8482691505       1.773023153  
1967 10 30.000000    11.8819601945       1.557018708  
1967 11  9.000000    11.9126016311       1.361765684  
1967 11 19.000000    11.9394934753       1.191828467  
1967 11 29.000000    11.9620390673       1.050965083  
1967 12  9.000000    11.9796638188       0.942833917  
1967 12 19.000000    11.9919363512       0.870096248  
1967 12 29.000000    11.9985797023       0.834307090  
1968  1  8.000000    11.9994270933       0.836372007  
1968  1 18.000000    11.9945634924       0.875458458  
1968  1 28.000000    11.9842614211       0.949493780  
1968  2  7.000000    11.9689783071       1.055270425  
1968  2 17.000000    11.9494467078       1.187700131  
1968  2 27.000000    11.9265333226       1.340910649  
1968  3  8.000000    11.9012652813       1.508038942  
1968  3 18.000000    11.8748154703       1.681250763  
1968  3 28.000000    11.8483333098       1.853046529  
1968  4  7.000000    11.8229994572       2.015743277  
1968  4 17.000000    11.7999246116       2.162169808  
1968  4 27.000000    11.7800429661       2.286470285  
1968  5  7.000000    11.7641971751       2.383343211  
1968  5 17.000000    11.7530131651       2.448966492  
1968  5 27.000000    11.7469087400       2.480941097  
1968  6  6.000000    11.7461741875       2.477588192  
1968  6 16.000000    11.7508664465       2.438811643  
1968  6 26.000000    11.7609078881       2.365351869  
1968  7  6.000000    11.7761139589       2.258547797  
1968  7 16.000000    11.7961250616       2.120940946  
1968  7 26.000000    11.8205382335       1.955271164  
1968  8  5.000000    11.8488645149       1.764812596  
1968  8 15.000000    11.8805110864       1.553577617  
1968  8 25.000000    11.9148955591       1.325408642  
1968  9  4.000000    11.9513545792       1.084728038  
1968  9 14.000000    11.9891818753       0.836251723  
1968  9 24.000000    12.0276946467       0.584442724  
1968 10  4.000000    12.0661325620       0.334353527  
1968 10 14.000000    12.1037468323       0.090896966  
1968 10 24.000000    12.1398076232      -0.141212078  
1968 11  3.000000    12.1735337403      -0.356865124  
1968 11 13.000000    12.2042154503      -0.551549425  
1968 11 23.000000    12.2311705578      -0.720963266  
1968 12  3.000000    12.2537355774      -0.860909533  
1968 12 13.000000    12.2713927646      -0.968285187  
1968 12 23.000000    12.2836945152      -1.040404132  
1969  1  2.000000    12.2903257255      -1.075466532  
1969  1 12.000000    12.2911915064      -1.073187364  
1969  1 22.000000    12.2863287651      -1.034047341  
1969  2  1.000000    12.2760148133      -0.960140472  
1969  2 11.000000    12.2607639821      -0.855096095  
1969  2 21.000000    12.2412395706      -0.723396629  
1969  3  3.000000    12.2183519766      -0.571206379  
1969  3 13.000000    12.1931411670      -0.405425827  
1969  3 23.000000    12.1667121082      -0.233285565  
1969  4  2.000000    12.1402792413      -0.062782047  
1969  4 12.000000    12.1149852578       0.098727856  
1969  4 22.000000    12.0919051740       0.244366017  
1969  5  2.000000    12.0720376641       0.367745636  
1969  5 12.000000    12.0561580824       0.464094042  
1969  5 22.000000    12.0449079758       0.529458481  
1969  6  1.000000    12.0387479097       0.561091229  
1969  6 11.000000    12.0379018565       0.557861146  
1969  6 21.000000    12.0424856155       0.519222047  
1969  7  1.000000    12.0524275622       0.445904371  
1969  7 11.000000    12.0675000758       0.339637412  
1969  7 21.000000    12.0874188909       0.202418512  
1969  7 31.000000    12.1117481963       0.037306064  
1969  8 10.000000    12.1399894964      -0.152307280  
1969  8 20.000000    12.1716121942      -0.362863873  
1969  8 30.000000    12.2059738376      -0.590003021  
1969  9  9.000000    12.2424344048      -0.829502298  
1969  9 19.000000    12.2803164063      -1.076878294  
1969  9 29.000000    12.3188695714      -1.327152102  
1969 10  9.000000    12.3573816431      -1.575731704  
1969 10 19.000000    12.3950915395      -1.817668799  
1969 10 29.000000    12.4312168904      -2.047932897  
1969 11  8.000000    12.4650357337      -2.262008664  
1969 11 18.000000    12.4957910681      -2.455109368  
1969 11 28.000000    12.5227826239      -2.622941002  
1969 12  8.000000    12.5454015693      -2.761847240  
1969 12 18.000000    12.5630647730      -2.868294000  
1969 12 28.000000    12.5753515332      -2.939924814  
1970  1  7.000000    12.5819793358      -2.975207607  
1970  1 17.000000    12.5827913538      -2.973387143  
1970  1 27.000000    12.5778895378      -2.935443843  
1970  2  6.000000    12.5675453748      -2.863303898  
1970  2 16.000000    12.5522341038      -2.760209484  
1970  2 26.000000    12.5326954065      -2.631110353  
1970  3  8.000000    12.5097895114      -2.481575560  
1970  3 18.000000    12.4845527018      -2.318375164  
1970  3 28.000000    12.4581440867      -2.149008778  
1970  4  7.000000    12.4317004931      -1.980727253  
1970  4 17.000000    12.4064011347      -1.821131918  
1970  4 27.000000    12.3833331495      -1.677113638  
1970  5  7.000000    12.3634266076      -1.554510857  
1970  5 17.000000    12.3475235976      -1.458646039  
1970  5 27.000000    12.3362369477      -1.393222323  
1970  6  6.000000    12.3299980105      -1.360828661  
1970  6 16.000000    12.3291025186      -1.363182992  
1970  6 26.000000    12.3336109939      -1.400388410  
1970  7  6.000000    12.3434699015      -1.471931924  
1970  7 16.000000    12.3584998062      -1.576438348  
1970  7 26.000000    12.3783541139      -1.711426051  
1970  8  5.000000    12.4026498399      -1.874298222  
1970  8 15.000000    12.4308958608      -2.061670513  
1970  8 25.000000    12.4625112367      -2.269627487  
1970  9  4.000000    12.4969194585      -2.494362935  
1970  9 14.000000    12.5334459745      -2.731353464  
1970  9 24.000000    12.5713893754      -2.976022627  
1970 10  4.000000    12.6100564202      -3.223875806  
1970 10 14.000000    12.6486705090      -3.469862511  
1970 10 24.000000    12.6864806148      -3.709253627  
1970 11  3.000000    12.7227353802      -3.937313797  
1970 11 13.000000    12.7566404576      -4.149088298  
1970 11 23.000000    12.7874820215      -4.340287283  
1970 12  3.000000    12.8145567668      -4.506635048  
1970 12 13.000000    12.8372008431      -4.644211406  
1970 12 23.000000    12.8548972250      -4.750087131  
1971  1  2.000000    12.8671890113      -4.821618313  
1971  1 12.000000    12.8737776710      -4.857253320  
1971  1 22.000000    12.8745739258      -4.856695530  
1971  2  1.000000    12.8696198772      -4.820373709  
1971  2 11.000000    12.8592166495      -4.750412354  
1971  2 21.000000    12.8438795554      -4.650133898  
1971  3  3.000000    12.8242809146      -4.523824782  
1971  3 13.000000    12.8013438499      -4.377401221  
1971  3 23.000000    12.7760950225      -4.217290791  
1971  4  2.000000    12.7496427726      -4.050517547  
1971  4 12.000000    12.7231956656      -3.884742693  
1971  4 22.000000    12.6978768508      -3.726995413  
1971  5  2.000000    12.6747638465      -3.584125774  
1971  5 12.000000    12.6548424657      -3.462323108  
1971  5 22.000000    12.6388804837      -3.366349696  
1971  6  1.000000    12.6275297180      -3.300319071  
1971  6 11.000000    12.6212433347      -3.266939188  
1971  6 21.000000    12.6202566570      -3.267560147  
1971  7  1.000000    12.6247009787      -3.302900745  
1971  7 11.000000    12.6345040525      -3.372253424  
1971  7 21.000000    12.6494599863      -3.474140408  
1971  7 31.000000    12.6692946866      -3.606623041  
1971  8 10.000000    12.6935737314      -3.766670004  
1971  8 20.000000    12.7218175160      -3.951078508  
1971  8 30.000000    12.7534928117      -4.156225293  
1971  9  9.000000    12.7879563613      -4.377811751  
1971  9 19.000000    12.8245758077      -4.611720466  
1971  9 29.000000    12.8626571909      -4.853367230  
1971 10  9.000000    12.9014463476      -5.097908736  
1971 10 19.000000    12.9402250501      -5.340814603  
1971 10 29.000000    12.9782079897      -5.577112337  
1971 11  8.000000    13.0146081068      -5.802001794  
1971 11 18.000000    13.0486887387      -6.011030181  
1971 11 28.000000    13.0796719368      -6.199525860  
1971 12  8.000000    13.1068579978      -6.363473437  
1971 12 18.000000    13.1296234521      -6.499276840  
1971 12 28.000000    13.1473793679      -6.603616075  
1972  1  7.000000    13.1597150371      -6.674331331  
1972  1 17.000000    13.1663405082      -6.709875679  
1972  1 27.000000    13.1671119115      -6.709642660  
1972  2  6.000000    13.1621456712      -6.674559181  
1972  2 16.000000    13.1517114879      -6.606349527  
1972  2 26.000000    13.1363055440      -6.508195163  
1972  3  7.000000    13.1166721909      -6.384676073  
1972  3 17.000000    13.0936681078      -6.241029468  
1972  3 27.000000    13.0683433260      -6.083788597  
1972  4  6.000000    13.0418441229      -5.919971080  
1972  4 16.000000    13.0153030956      -5.756590826  
1972  4 26.000000    12.9899031103      -5.601045409  
1972  5  6.000000    12.9667124553      -5.459922967  
1972  5 16.000000    12.9466662801      -5.339098925  
1972  5 26.000000    12.9306090487      -5.243838284  
1972  6  5.000000    12.9191451902      -5.177828400  
1972  6 15.000000    12.9127250548      -5.143876277  
1972  6 25.000000    12.9116491110      -5.143711013  
1972  7  5.000000    12.9159845640      -5.177583720  
1972  7 15.000000    12.9257018197      -5.245170329  
1972  7 25.000000    12.9406238948      -5.345077335  
1972  8  4.000000    12.9604185799      -5.474996593  
1972  8 14.000000    12.9847191742      -5.632392567  
1972  8 24.000000    13.0130294383      -5.813824416  
1972  9  3.000000    13.0447811658      -6.015528580  
1972  9 13.000000    13.0793979566      -6.233647505  
1972  9 23.000000    13.1161917275      -6.463640880  
1972 10  3.000000    13.1544655834      -6.701070436  
1972 10 13.000000    13.1935086273      -6.941381652  
1972 10 23.000000    13.2325265263      -7.179627519  
1972 11  2.000000    13.2707633216      -7.411243903  
1972 11 12.000000    13.3074390052      -7.631515487  
1972 11 22.000000    13.3417450814      -7.835751881  
1972 12  2.000000    13.3729583983      -8.019849899  
1972 12 12.000000    13.4003483967      -8.179679303  
1972 12 22.000000    13.4232496956      -8.311673879  
1973  1  1.000000    13.4411387349      -8.413057585  
1973  1 11.000000    13.4535458889      -8.481381956  
1973  1 21.000000    13.4601867379      -8.515355368  
1973  1 31.000000    13.4609709117      -8.514664894  
1973  2 10.000000    13.4559452515      -8.479815634  
1973  2 20.000000    13.4454319222      -8.412897270  
1973  3  2.000000    13.4299436469      -8.316954981  
1973  3 12.000000    13.4101667772      -8.196136906  
1973  3 22.000000    13.3870368029      -8.056003814  
1973  4  1.000000    13.3615710305      -7.902558863  
1973  4 11.000000    13.3348924293      -7.742570045  
1973  4 21.000000    13.3082075046      -7.583248940  
1973  5  1.000000    13.2826308220      -7.431317489  
1973  5 11.000000    13.2592554093      -7.293460219  
1973  5 21.000000    13.2390598429      -7.175564213  
1973  5 31.000000    13.2228172748      -7.082364718  
1973  6 10.000000    13.2111983888      -7.017932733  
1973  6 20.000000    13.2046535891      -6.984873801  
1973  6 30.000000    13.2034392128      -6.984685430  
1973  7 10.000000    13.2077032621      -7.018069580  
1973  7 20.000000    13.2173755272      -7.084328144  
1973  7 30.000000    13.2322751830      -7.182143548  
1973  8  9.000000    13.2521341122      -7.309514022  
1973  8 19.000000    13.2765193798      -7.463473008  
1973  8 29.000000    13.3049675577      -7.640903320  
1973  9  8.000000    13.3369348158      -7.838107631  
1973  9 18.000000    13.3717748321      -8.050908522  
1973  9 28.000000    13.4088542086      -8.275229431  
1973 10  8.000000    13.4474531368      -8.506497980  
1973 10 18.000000    13.4868091249      -8.740080383  
1973 10 28.000000    13.5261858115      -8.971524879  
1973 11  7.000000    13.5647651345      -9.196032629  
1973 11 17.000000    13.6017502226      -9.409122036  
1973 11 27.000000    13.6363766593      -9.606511242  
1973 12  7.000000    13.6678407358      -9.783888246  
1973 12 17.000000    13.6954380075      -9.937612658  
1973 12 27.000000    13.7185203082     -10.064338414  
1974  1  6.000000    13.7364932620     -10.161173369  
1974  1 16.000000    13.7489511049     -10.226241468  
1974  1 26.000000    13.7555922155     -10.258176315  
1974  2  5.000000    13.7562898735     -10.256641426  
1974  2 15.000000    13.7511715912     -10.222547888  
1974  2 25.000000    13.7405080122     -10.157565179  
1974  3  7.000000    13.7248237925     -10.064772756  
1974  3 17.000000    13.7048691310      -9.948360690  
1974  3 27.000000    13.6815081825      -9.813239508  
1974  4  6.000000    13.6558144171      -9.665494685  
1974  4 16.000000    13.6289294141      -9.511566650  
1974  4 26.000000    13.6019976748      -9.358075515  
1974  5  6.000000    13.5762152140      -9.211901689  
1974  5 16.000000    13.5526432541      -9.079192680  
1974  5 26.000000    13.5322375326      -8.965595534  
1974  6  5.000000    13.5158492133      -8.876022269  
1974  6 15.000000    13.5040848964      -8.814010706  
1974  6 25.000000    13.4974216122      -8.782322804  
1974  7  5.000000    13.4961620910      -8.782536990  
1974  7 15.000000    13.5003858731      -8.814969555  
1974  7 25.000000    13.5100851502      -8.879327205  
1974  8  4.000000    13.5250782411      -8.974189953  
1974  8 14.000000    13.5450472324      -9.097407334  
1974  8 24.000000    13.5696311008      -9.246459712  
1974  9  3.000000    13.5983192291      -9.417979308  
1974  9 13.000000    13.6305503028      -9.608382654  
1974  9 23.000000    13.6657327583      -9.813850905  
1974 10  3.000000    13.7031562890     -10.030034126  
1974 10 13.000000    13.7421185129     -10.252710335  
1974 10 23.000000    13.7818766262     -10.477462945  
1974 11  2.000000    13.8216123726     -10.699684744  
1974 11 12.000000    13.8605542193     -10.915096362  
1974 11 22.000000    13.8978841583     -11.119286432  
1974 12  2.000000    13.9327784588     -11.308040788  
1974 12 12.000000    13.9644961242     -11.477613899  
1974 12 22.000000    13.9922785528     -11.624311231  
1975  1  1.000000    14.0154627322     -11.745060161  
1975  1 11.000000    14.0335143220     -11.837409468  
1975  1 21.000000    14.0459578707     -11.899299349  
1975  1 31.000000    14.0525292702     -11.929724202  
1975  2 10.000000    14.0531369099     -11.928456011  
1975  2 20.000000    14.0478446422     -11.896101074  
1975  3  2.000000    14.0370007657     -11.834587822  
1975  3 12.000000    14.0211206480     -11.746657322  
1975  3 22.000000    14.0009187647     -11.636126744  
1975  4  1.000000    13.9773463659     -11.507947412  
1975  4 11.000000    13.9514220638     -11.367524032  
1975  4 21.000000    13.9242956133     -11.221031498  
1975  5  1.000000    13.8971746286     -11.074935262  
1975  5 11.000000    13.8711779584     -10.935408719  
1975  5 21.000000    13.8474210606     -10.808607544  
1975  5 31.000000    13.8268770710     -10.699915670  
1975  6 10.000000    13.8103340862     -10.613814364  
1975  6 20.000000    13.7984795501     -10.554107724  
1975  6 30.000000    13.7917602475     -10.523260230  
1975  7 10.000000    13.7904555076     -10.522792737  
1975  7 20.000000    13.7947202421     -10.553363415  
1975  7 30.000000    13.8044827843     -10.614382166  
1975  8  9.000000    13.8195822679     -10.704676408  
1975  8 19.000000    13.8397422864     -10.822317185  
1975  8 29.000000    13.8645274062     -10.964569559  
1975  9  8.000000    13.8934793910     -11.128483458  
1975  9 18.000000    13.9260308283     -11.310523501  
1975  9 28.000000    13.9615290112     -11.506809712  
1975 10  8.000000    13.9993265199     -11.713461637  
1975 10 18.000000    14.0386702694     -11.926175493  
1975 10 28.000000    14.0787877755     -12.140688522  
1975 11  7.000000    14.1189138010     -12.352823127  
1975 11 17.000000    14.1581978433     -12.558197580  
1975 11 27.000000    14.1958340540     -12.752769982  
1975 12  7.000000    14.2310261001     -12.932649892  
1975 12 17.000000    14.2629524317     -13.094040237  
1975 12 27.000000    14.2909070258     -13.233744310  
1976  1  6.000000    14.3142206039     -13.348833497  
1976  1 16.000000    14.3323046651     -13.436865355  
1976  1 26.000000    14.3447617798     -13.496233931  
1976  2  5.000000    14.3512866797     -13.525806042  
1976  2 15.000000    14.3517800920     -13.525371966  
1976  2 25.000000    14.3463802309     -13.495717948  
1976  3  6.000000    14.3353684507     -13.438336641  
1976  3 16.000000    14.3193015834     -13.355933015  
1976  3 26.000000    14.2989325184     -13.252119562  
1976  4  5.000000    14.2751418284     -13.131223751  
1976  4 15.000000    14.2490239806     -12.998589940  
1976  4 25.000000    14.2217140765     -12.859885929  
1976  5  5.000000    14.1943765141     -12.721061539  
1976  5 15.000000    14.1682145117     -12.588274399  
1976  5 25.000000    14.1442846132     -12.467120821  
1976  6  4.000000    14.1235671166     -12.362827645  
1976  6 14.000000    14.1069130576     -12.279930681  
1976  6 24.000000    14.0949350660     -12.221819113  
1976  7  4.000000    14.0881348340     -12.191168333  
1976  7 14.000000    14.0868113723     -12.189530429  
1976  7 24.000000    14.0910585025     -12.217364994  
1976  8  3.000000    14.1008828243     -12.274476597  
1976  8 13.000000    14.1160936450     -12.359621371  
1976  8 23.000000    14.1363869215     -12.470895821  
1976  9  2.000000    14.1613970995     -12.605947762  
1976  9 12.000000    14.1905989803     -12.761668961  
1976  9 22.000000    14.2234359620     -12.934741959  
1976 10  2.000000    14.2592926943     -13.121561448  
1976 10 12.000000    14.2974404721     -13.318094589  
1976 10 22.000000    14.3371685616     -13.520415881  
1976 11  1.000000    14.3776977358     -13.724414282  
1976 11 11.000000    14.4181932185     -13.925887487  
1976 11 21.000000    14.4578646760     -14.120919688  
1976 12  1.000000    14.4958586927     -14.305530359  
1976 12 11.000000    14.5313445128     -14.475980844  
1976 12 21.000000    14.5635611137     -14.628942729  
1976 12 31.000000    14.5917297352     -14.761200949  
1977  1 10.000000    14.6151954622     -14.870122260  
1977  1 20.000000    14.6334114747     -14.953590835  
1977  1 30.000000    14.6459053115     -15.009882741  
1977  2  9.000000    14.6524329081     -15.038164758  
1977  2 19.000000    14.6528988273     -15.038247589  
1977  3  1.000000    14.6473884880     -15.010672886  
1977  3 11.000000    14.6362683052     -14.957086024  
1977  3 21.000000    14.6200531972     -14.879824917  
1977  3 31.000000    14.5994846770     -14.782178898  
1977  4 10.000000    14.5755189273     -14.668409388  
1977  4 20.000000    14.5491762196     -14.543222001  
1977  4 30.000000    14.5216306344     -14.412044658  
1977  5 10.000000    14.4940839942     -14.280594375  
1977  5 20.000000    14.4676664942     -14.154425198  
1977  5 30.000000    14.4435133077     -14.039118596  
1977  6  9.000000    14.4225935858     -13.939617530  
1977  6 19.000000    14.4057198713     -13.860129223  
1977  6 29.000000    14.3935936560     -13.804236585  
1977  7  9.000000    14.3866652008     -13.774331934  
1977  7 19.000000    14.3852433810     -13.771968794  
1977  7 29.000000    14.3894860363     -13.797837880  
1977  8  8.000000    14.3993285987     -13.851499353  
1977  8 18.000000    14.4146307118     -13.931940913  
1977  8 28.000000    14.4351043791     -14.037390203  
1977  9  7.000000    14.4603184088     -14.165331165  
1977  9 17.000000    14.4898159276     -14.313009949  
1977  9 27.000000    14.5230049067     -14.477108871  
1977 10  7.000000    14.5592296504     -14.654007984  
1977 10 17.000000    14.5978228538     -14.840069819  
1977 10 27.000000    14.6379998026     -15.031303889  
1977 11  6.000000    14.6789783277     -15.223786254  
1977 11 16.000000    14.7199583937     -15.413691653  
1977 11 26.000000    14.7600618517     -15.597070004  
1977 12  6.000000    14.7984705374     -15.770324847  
1977 12 16.000000    14.8343522929     -15.930027701  
1977 12 26.000000    14.8668729174     -16.072893313  
1978  1  5.000000    14.8953179759     -16.196208407  
1978  1 15.000000    14.9189952542     -16.297504490  
1978  1 25.000000    14.9373251952     -16.374771270  
1978  2  4.000000    14.9499078228     -16.426722179  
1978  2 14.000000    14.9564345413     -16.452458702  
1978  2 24.000000    14.9568300495     -16.451872114  
1978  3  6.000000    14.9512316573     -16.425681503  
1978  3 16.000000    14.9399322549     -16.375178148  
1978  3 26.000000    14.9235138118     -16.302696015  
1978  4  5.000000    14.9027253967     -16.211321780  
1978  4 15.000000    14.8784678826     -16.104770567  
1978  4 25.000000    14.8518520354     -15.987662386  
1978  5  5.000000    14.8240105476     -15.864919420  
1978  5 15.000000    14.7961356241     -15.741768017  
1978  5 25.000000    14.7694385917     -15.623665050  
1978  6  4.000000    14.7449853010     -15.515606558  
1978  6 14.000000    14.7237891291     -15.422334408  
1978  6 24.000000    14.7067060065     -15.347978313  
1978  7  4.000000    14.6943708332     -15.295658168  
1978  7 14.000000    14.6873137295     -15.267885011  
1978  7 24.000000    14.6858348826     -15.266111295  
1978  8  3.000000    14.6900537746     -15.290792238  
1978  8 13.000000    14.6999877083     -15.341776261  
1978  8 23.000000    14.7154413453     -15.417904588  
1978  9  2.000000    14.7361265341     -15.517403830  
1978  9 12.000000    14.7616650701     -15.638065430  
1978  9 22.000000    14.7915190056     -15.776969781  
1978 10  2.000000    14.8251300170     -15.931022793  
1978 10 12.000000    14.8618493310     -16.096852901  
1978 10 22.000000    14.9009293561     -16.270736344  
1978 11  1.000000    14.9416396450     -16.449088691  
1978 11 11.000000    14.9831576080     -16.628176096  
1978 11 21.000000    15.0246296063     -16.804249195  
1978 12  1.000000    15.0652347736     -16.973887483  
1978 12 11.000000    15.1040815355     -17.133634554  
1978 12 21.000000    15.1403288070     -17.280339421  
1978 12 31.000000    15.1731863587     -17.411262447  
1979  1 10.000000    15.2018571469     -17.523769541  
1979  1 20.000000    15.2256902673     -17.615802371  
1979  1 30.000000    15.2441212261     -17.685743488  
1979  2  9.000000    15.2566852193     -17.732278604  
1979  2 19.000000    15.2631521010     -17.754888294  
1979  3  1.000000    15.2634231851     -17.753527059  
1979  3 11.000000    15.2576100698     -17.728731807  
1979  3 21.000000    15.2460923451     -17.681965518  
1979  3 31.000000    15.2293924929     -17.615188440  
1979  4 10.000000    15.2082840505     -17.531177797  
1979  4 20.000000    15.1837279011     -17.433509750  
1979  4 30.000000    15.1567612838     -17.326111570  
1979  5 10.000000    15.1285871920     -17.213600916  
1979  5 20.000000    15.1004083866     -17.100828577  
1979  5 30.000000    15.0733829318     -16.992537019  
1979  6  9.000000    15.0486694581     -16.893589357  

