v15.04    Планета: Уран  (INPOP13C)
          Спутник: U4 Оберон  (GUST86, Laskar J. et al (1987) A&A, v.188, p.212.)
   Обсерватория N:  84 - Pulkovo
    Шкала времени: UTC
Средний экватор и равноденствие эпохи J2000.  ICRF. 
Координаты астрометрические 

Год  Месяц День       alpha (h)          delta (º)
1952  2  1.000000     6.8332837243      23.336257972  
1952  2 11.000000     6.8088045967      23.351299598  
1952  2 21.000000     6.7891226261      23.385324598  
1952  3  2.000000     6.7767273013      23.409412173  
1952  3 12.000000     6.7702884484      23.401190495  
1952  3 22.000000     6.7685903848      23.390843936  
1952  4  1.000000     6.7737374469      23.397448380  
1952  4 11.000000     6.7868573326      23.389657160  
1952  4 21.000000     6.8055183756      23.351820720  
1952  5  1.000000     6.8282553850      23.316389106  
1952  5 11.000000     6.8566191765      23.296185951  
1952  5 21.000000     6.8907734712      23.258433837  
1952  5 31.000000     6.9278543301      23.194114031  
1952  6 10.000000     6.9664623691      23.137340285  
1952  6 20.000000     7.0080311909      23.094928784  
1952  6 30.000000     7.0521490290      23.033706308  
1952  7 10.000000     7.0957718410      22.951999631  
1952  7 20.000000     7.1379545684      22.885004419  
1952  7 30.000000     7.1800674940      22.833898146  
1952  8  9.000000     7.2212470541      22.766109486  
1952  8 19.000000     7.2585897839      22.686841065  
1952  8 29.000000     7.2915590255      22.631984887  
1952  9  8.000000     7.3215761688      22.596680308  
1952  9 18.000000     7.3475778487      22.548679430  
1952  9 28.000000     7.3668424302      22.499657118  
1952 10  8.000000     7.3795454657      22.484320100  
1952 10 18.000000     7.3874221041      22.490328461  
1952 10 28.000000     7.3894206176      22.485475485  
1952 11  7.000000     7.3835670186      22.485966219  
1952 11 17.000000     7.3710937524      22.522986166  
1952 11 27.000000     7.3544188916      22.575629785  
1952 12  7.000000     7.3330804619      22.611306754  
1952 12 17.000000     7.3060991287      22.650470429  
1952 12 27.000000     7.2760300850      22.719279164  
1953  1  6.000000     7.2460223092      22.789348094  
1953  1 16.000000     7.2158404150      22.831533587  
1953  1 26.000000     7.1852369680      22.871390630  
1953  2  5.000000     7.1573132052      22.930866827  
1953  2 15.000000     7.1347770560      22.978425428  
1953  2 25.000000     7.1167858302      22.991734334  
1953  3  7.000000     7.1027484509      23.001733941  
1953  3 17.000000     7.0952041080      23.026093881  
1953  3 27.000000     7.0956338364      23.031612899  
1953  4  6.000000     7.1019672606      23.003820636  
1953  4 16.000000     7.1131396202      22.976504332  
1953  4 26.000000     7.1310000562      22.961297085  
1953  5  6.000000     7.1557678877      22.924395788  
1953  5 16.000000     7.1847370199      22.858297922  
1953  5 26.000000     7.2167638727      22.797944695  
1953  6  5.000000     7.2532762542      22.748883619  
1953  6 15.000000     7.2938367073      22.677360760  
1953  6 25.000000     7.3354879028      22.583070407  
1953  7  5.000000     7.3773636977      22.501591663  
1953  7 15.000000     7.4208077206      22.432484391  
1953  7 25.000000     7.4648333911      22.343367193  
1953  8  4.000000     7.5065821838      22.240910269  
1953  8 14.000000     7.5456116449      22.160737920  
1953  8 24.000000     7.5831276109      22.096961041  
1953  9  3.000000     7.6178865897      22.018344060  
1953  9 13.000000     7.6472196321      21.938271692  
1953  9 23.000000     7.6711456351      21.891434308  
1953 10  3.000000     7.6910292327      21.865156144  
1953 10 13.000000     7.7054887538      21.829246740  
1953 10 23.000000     7.7123440834      21.802343904  
1953 11  2.000000     7.7124976793      21.815514745  
1953 11 12.000000     7.7076901832      21.848165001  
1953 11 22.000000     7.6969466261      21.869977025  
1953 12  2.000000     7.6790647019      21.902985525  
1953 12 12.000000     7.6561173409      21.972771501  
1953 12 22.000000     7.6306949789      22.049797830  
1954  1  1.000000     7.6023739463      22.105459268  
1954  1 11.000000     7.5709432501      22.165590423  
1954  1 21.000000     7.5395561707      22.249767633  
1954  1 31.000000     7.5109420182      22.323697240  
1954  2 10.000000     7.4845655109      22.364816705  
1954  2 20.000000     7.4604551026      22.403859551  
1954  3  2.000000     7.4415482196      22.456292123  
1954  3 12.000000     7.4296622734      22.486720787  
1954  3 22.000000     7.4232603184      22.481025374  
1954  4  1.000000     7.4217873746      22.473984504  
1954  4 11.000000     7.4274540382      22.475621019  
1954  4 21.000000     7.4406941780      22.450946875  
1954  5  1.000000     7.4590460301      22.393749248  
1954  5 11.000000     7.4817113365      22.339860805  
1954  5 21.000000     7.5102163450      22.293480061  
1954  5 31.000000     7.5440919925      22.220311877  
1954  6 10.000000     7.5805678542      22.121322282  
1954  6 20.000000     7.6188926687      22.032534471  
1954  6 30.000000     7.6603641102      21.952124979  
1954  7 10.000000     7.7039550092      21.847490520  
1954  7 20.000000     7.7468643729      21.726840711  
1954  7 30.000000     7.7887457694      21.625423748  
1954  8  9.000000     7.8306804001      21.536201453  
1954  8 19.000000     7.8712716538      21.428724072  
1954  8 29.000000     7.9079662933      21.317662034  
1954  9  8.000000     7.9407429492      21.237421835  
1954  9 18.000000     7.9706401010      21.174976036  
1954  9 28.000000     7.9961097704      21.101739398  
1954 10  8.000000     8.0148924152      21.038319430  
1954 10 18.000000     8.0276153434      21.015893309  
1954 10 28.000000     8.0355037829      21.014237820  
1954 11  7.000000     8.0371276285      21.005881199  
1954 11 17.000000     8.0310691269      21.014801936  
1954 11 27.000000     8.0189058958      21.066623876  
1954 12  7.000000     8.0024933384      21.132312072  
1954 12 17.000000     7.9810630244      21.184794882  
1954 12 27.000000     7.9542463813      21.250864882  
1955  1  6.000000     7.9248678012      21.348609422  
1955  1 16.000000     7.8954075081      21.441913036  
1955  1 26.000000     7.8654100964      21.508056447  
1955  2  5.000000     7.8352783724      21.577263045  
1955  2 15.000000     7.8082288950      21.662207401  
1955  2 25.000000     7.7862742737      21.725037509  
1955  3  7.000000     7.7684474026      21.751246824  
1955  3 17.000000     7.7548024170      21.775601864  
1955  3 27.000000     7.7479134923      21.806212205  
1955  4  6.000000     7.7485576979      21.806199736  
1955  4 16.000000     7.7546776115      21.770378105  
1955  4 26.000000     7.7658857916      21.735155226  
1955  5  6.000000     7.7839349464      21.703254702  
1955  5 16.000000     7.8084052987      21.639674450  
1955  5 26.000000     7.8367599052      21.546639638  
1955  6  5.000000     7.8684784526      21.460547662  
1955  6 15.000000     7.9048029417      21.378359882  
1955  6 25.000000     7.9447125410      21.267130291  
1955  7  5.000000     7.9855330390      21.136327877  
1955  7 15.000000     8.0269834863      21.021187904  
1955  7 25.000000     8.0700806088      20.913226091  
1955  8  4.000000     8.1133292709      20.782602592  
1955  8 14.000000     8.1542820469      20.645107744  
1955  8 24.000000     8.1929679727      20.534570320  
1955  9  3.000000     8.2301687776      20.437499463  
1955  9 13.000000     8.2642252487      20.326533280  
1955  9 23.000000     8.2929486939      20.223664556  
1955 10  3.000000     8.3167561353      20.160027153  
1955 10 13.000000     8.3364865822      20.115757701  
1955 10 23.000000     8.3504277198      20.065842604  
1955 11  2.000000     8.3569847498      20.036345339  
1955 11 12.000000     8.3573382395      20.053053904  
1955 11 22.000000     8.3526358041      20.088363258  
1955 12  2.000000     8.3416903710      20.117805081  
1955 12 12.000000     8.3239158649      20.169538910  
1955 12 22.000000     8.3015761613      20.261601268  
1956  1  1.000000     8.2766093514      20.357539406  
1956  1 11.000000     8.2484413005      20.435401568  
1956  1 21.000000     8.2175274284      20.525202798  
1956  1 31.000000     8.1870693068      20.637273517  
1956  2 10.000000     8.1590818561      20.731467233  
1956  2 20.000000     8.1329954278      20.792649121  
1956  3  1.000000     8.1094731093      20.854560450  
1956  3 11.000000     8.0913899330      20.922873855  
1956  3 21.000000     8.0798720563      20.958434152  
1956  3 31.000000     8.0734437670      20.956004357  
1956  4 10.000000     8.0722039682      20.952250085  
1956  4 20.000000     8.0782069365      20.947903792  
1956  4 30.000000     8.0912381366      20.906967781  
1956  5 10.000000     8.1090672184      20.832657837  
1956  5 20.000000     8.1315049164      20.761632933  
1956  5 30.000000     8.1598197414      20.689588983  
1956  6  9.000000     8.1930002804      20.583219059  
1956  6 19.000000     8.2286060532      20.453026030  
1956  6 29.000000     8.2664363593      20.334368434  
1956  7  9.000000     8.3074362303      20.217498020  
1956  7 19.000000     8.3501018304      20.072679134  
1956  7 29.000000     8.3920836470      19.916931087  
1956  8  8.000000     8.4334796237      19.783386118  
1956  8 18.000000     8.4749047988      19.657856543  
1956  8 28.000000     8.5146088605      19.513984673  
1956  9  7.000000     8.5505489876      19.374569584  
1956  9 17.000000     8.5830340395      19.270496340  
1956  9 27.000000     8.6125767838      19.182076720  
1956 10  7.000000     8.6373536231      19.086144354  
1956 10 17.000000     8.6556930037      19.010387657  
1956 10 27.000000     8.6684501140      18.980868497  
1956 11  6.000000     8.6762401845      18.971325370  
1956 11 16.000000     8.6774927563      18.960393907  
1956 11 26.000000     8.6714208736      18.977859712  
1956 12  6.000000     8.6597045095      19.042450252  
1956 12 16.000000     8.6435720017      19.119199189  
1956 12 26.000000     8.6221930608      19.187810568  
1957  1  5.000000     8.5958468631      19.279089645  
1957  1 15.000000     8.5673560184      19.402224117  
1957  1 25.000000     8.5384996638      19.515950612  
1957  2  4.000000     8.5088588030      19.604763034  
1957  2 14.000000     8.4794714862      19.701215872  
1957  2 24.000000     8.4533967231      19.808248655  
1957  3  6.000000     8.4319692060      19.884336525  
1957  3 16.000000     8.4143494652      19.923273985  
1957  3 26.000000     8.4011964231      19.961042438  
1957  4  5.000000     8.3948617279      19.996143998  
1957  4 15.000000     8.3954846704      19.990709528  
1957  4 25.000000     8.4012775438      19.948581897  
1957  5  5.000000     8.4124452128      19.906294760  
1957  5 15.000000     8.4304135632      19.858032973  
1957  5 25.000000     8.4542448319      19.769979431  
1957  6  4.000000     8.4817938550      19.653453483  
1957  6 14.000000     8.5130414659      19.543885644  
1957  6 24.000000     8.5488459882      19.430433905  
1957  7  4.000000     8.5877569205      19.283193331  
1957  7 14.000000     8.6275759386      19.120189838  
1957  7 24.000000     8.6684398414      18.974227911  
1957  8  3.000000     8.7108742244      18.830020429  
1957  8 13.000000     8.7530714416      18.662034585  
1957  8 23.000000     8.7931352079      18.493721230  
1957  9  2.000000     8.8313641937      18.355323249  
1957  9 12.000000     8.8680022050      18.227236885  
1957  9 22.000000     8.9011877331      18.087536255  
1957 10  2.000000     8.9293099545      17.964953993  
1957 10 12.000000     8.9529600878      17.885617401  
1957 10 22.000000     8.9723750498      17.824372210  
1957 11  1.000000     8.9857528144      17.762455280  
1957 11 11.000000     8.9921343170      17.731352596  
1957 11 21.000000     8.9927315422      17.750524353  
1957 12  1.000000     8.9880745565      17.787414692  
1957 12 11.000000     8.9770102323      17.824350001  
1957 12 21.000000     8.9595728931      17.893402002  
1957 12 31.000000     8.9379617440      18.004385960  
1958  1 10.000000     8.9134668370      18.116457825  
1958  1 20.000000     8.8856149719      18.214863820  
1958  1 30.000000     8.8554845396      18.331526962  
1958  2  9.000000     8.8260577453      18.467392765  
1958  2 19.000000     8.7986857340      18.579035300  
1958  3  1.000000     8.7730063096      18.658995330  
1958  3 11.000000     8.7502345851      18.741646961  
1958  3 21.000000     8.7329397853      18.823018060  
1958  3 31.000000     8.7216455215      18.862836376  
1958  4 10.000000     8.7151755390      18.864379007  
1958  4 20.000000     8.7141741669      18.863767977  
1958  4 30.000000     8.7203154712      18.853076997  
1958  5 10.000000     8.7328801919      18.797567041  
1958  5 20.000000     8.7500822969      18.709072183  
1958  5 30.000000     8.7721901600      18.622830362  
1958  6  9.000000     8.8000367095      18.526919735  
1958  6 19.000000     8.8322420105      18.391106802  
1958  6 29.000000     8.8668646354      18.234149287  
1958  7  9.000000     8.9040763582      18.088725307  
1958  7 19.000000     8.9443245105      17.938526000  
1958  7 29.000000     8.9858322620      17.758290603  
1958  8  8.000000     9.0268254411      17.572268091  
1958  8 18.000000     9.0676328539      17.409900647  
1958  8 28.000000     9.1083111690      17.251358992  
1958  9  7.000000     9.1469785886      17.075699498  
1958  9 17.000000     9.1821711246      16.912035271  
1958  9 27.000000     9.2143042445      16.786419703  
1958 10  7.000000     9.2433151110      16.674355831  
1958 10 17.000000     9.2673399590      16.558991738  
1958 10 27.000000     9.2853223336      16.473051811  
1958 11  6.000000     9.2981024211      16.436671089  
1958 11 16.000000     9.3056869203      16.419495217  
1958 11 26.000000     9.3066111400      16.406885285  
1958 12  6.000000     9.3006896203      16.432356753  
1958 12 16.000000     9.2894642471      16.507224948  
1958 12 26.000000     9.2735774830      16.592891482  
1959  1  5.000000     9.2523735180      16.676205613  
1959  1 15.000000     9.2267140850      16.789780577  
1959  1 25.000000     9.1991702733      16.933996418  
1959  2  4.000000     9.1708977684      17.064874655  
1959  2 14.000000     9.1417477788      17.174183858  
1959  2 24.000000     9.1132791540      17.294652776  
1959  3  6.000000     9.0881615652      17.419880592  
1959  3 16.000000     9.0671726052      17.507177327  
1959  3 26.000000     9.0498130624      17.558222942  
1959  4  5.000000     9.0372116040      17.607934510  
1959  4 15.000000     9.0312907496      17.646042985  
1959  4 25.000000     9.0317110378      17.635889435  
1959  5  5.000000     9.0371513372      17.589368865  
1959  5 15.000000     9.0482360070      17.541095402  
1959  5 25.000000     9.0658993321      17.477733246  
1959  6  4.000000     9.0888816751      17.368539752  
1959  6 14.000000     9.1155748058      17.232618448  
1959  6 24.000000     9.1462689107      17.102544470  
1959  7  4.000000     9.1813176654      16.961063865  
1959  7 14.000000     9.2190499139      16.782827826  
1959  7 24.000000     9.2578488738      16.592732901  
1959  8  3.000000     9.2980507699      16.419752901  
1959  8 13.000000     9.3396134408      16.243349470  
1959  8 23.000000     9.3806484973      16.043389343  
1959  9  2.000000     9.4198549574      15.849199338  
1959  9 12.000000     9.4575720832      15.686315118  
1959  9 22.000000     9.4934853178      15.530775101  
1959 10  2.000000     9.5257588827      15.366827180  
1959 10 12.000000     9.5533601644      15.227938701  
1959 10 22.000000     9.5768218022      15.134575278  
1959 11  1.000000     9.5958007888      15.058135222  
1959 11 11.000000     9.6086420297      14.986464413  
1959 11 21.000000     9.6149712431      14.954503675  
1959 12  1.000000     9.6157991657      14.975034597  
1959 12 11.000000     9.6111135149      15.012577578  
1959 12 21.000000     9.6000163638      15.056430536  
1959 12 31.000000     9.5830717951      15.140517464  
1960  1 10.000000     9.5621909018      15.266603254  
1960  1 20.000000     9.5381187444      15.391721998  
1960  1 30.000000     9.5107006298      15.508156459  
1960  2  9.000000     9.4815036994      15.647828694  
1960  2 19.000000     9.4530735882      15.802871639  
1960  2 29.000000     9.4262486583      15.928891007  
1960  3 10.000000     9.4010636931      16.025651958  
1960  3 20.000000     9.3791201958      16.126157274  
1960  3 30.000000     9.3625020737      16.217740316  
1960  4  9.000000     9.3513040087      16.261154699  
1960  4 19.000000     9.3448193265      16.267148898  
1960  4 29.000000     9.3440520098      16.269458293  
1960  5  9.000000     9.3501458038      16.252662502  
1960  5 19.000000     9.3620881440      16.184999604  
1960  5 29.000000     9.3786649374      16.085569412  
1960  6  8.000000     9.4003916804      15.986490996  
1960  6 18.000000     9.4275713055      15.869620674  
1960  6 28.000000     9.4586737516      15.709174963  
1960  7  8.000000     9.4923366098      15.530461165  
1960  7 18.000000     9.5288856705      15.362193415  
1960  7 28.000000     9.5682138452      15.183087113  
1960  8  7.000000     9.6085024569      14.973247140  
1960  8 17.000000     9.6485803765      14.762401003  
1960  8 27.000000     9.6887734677      14.575364383  
1960  9  6.000000     9.7285829427      14.388311637  
1960  9 16.000000     9.7662199849      14.186311552  
1960  9 26.000000     9.8007715442      14.002895214  
1960 10  6.000000     9.8325385690      13.858719312  
1960 10 16.000000     9.8609244263      13.726239400  
1960 10 26.000000     9.8842456404      13.595083250  
1960 11  5.000000     9.9019930274      13.501153006  
1960 11 15.000000     9.9147697473      13.458435389  
1960 11 25.000000     9.9220690154      13.434270954  
1960 12  5.000000     9.9227430717      13.420721937  
1960 12 15.000000     9.9170902619      13.453148413  
1960 12 25.000000     9.9063163229      13.535650963  
1961  1  4.000000     9.8906067705      13.627994762  
1961  1 14.000000     9.8696723227      13.723881573  
1961  1 24.000000     9.8448107036      13.855991610  
1961  2  3.000000     9.8181486253      14.016580659  
1961  2 13.000000     9.7903857009      14.161009649  
1961  2 23.000000     9.7618171399      14.287850475  
1961  3  5.000000     9.7343325444      14.428292250  
1961  3 15.000000     9.7100575038      14.567624972  
1961  3 25.000000     9.6894069846      14.664012104  
1961  4  4.000000     9.6723602602      14.726026886  
1961  4 14.000000     9.6603180832      14.785878359  
1961  4 24.000000     9.6546478083      14.825832517  
1961  5  4.000000     9.6547482702      14.812003672  
1961  5 14.000000     9.6598757664      14.762985775  
1961  5 24.000000     9.6708498214      14.710001612  
1961  6  3.000000     9.6880380933      14.633587312  
1961  6 13.000000     9.7100915231      14.507305613  
1961  6 23.000000     9.7359908143      14.356375844  
1961  7  3.000000     9.7661137711      14.209354530  
1961  7 13.000000     9.8002782641      14.044147044  
1961  7 23.000000     9.8368194131      13.840715633  
1961  8  2.000000     9.8747117312      13.629090133  
1961  8 12.000000     9.9142603815      13.433640566  
1961  8 22.000000     9.9548728494      13.230142392  
1961  9  1.000000     9.9948051997      13.004306345  
1961  9 11.000000    10.0332998873      12.789551223  
1961  9 21.000000    10.0705214017      12.606255530  
1961 10  1.000000    10.1056618788      12.427714539  
1961 10 11.000000    10.1371141240      12.244417648  
1961 10 21.000000    10.1643379560      12.092805717  
1961 10 31.000000    10.1876019283      11.987580882  
1961 11 10.000000    10.2060896686      11.898240212  
1961 11 20.000000    10.2184914157      11.819091300  
1961 11 30.000000    10.2248820690      11.786810819  
1961 12 10.000000    10.2258884746      11.807698193  
1961 12 20.000000    10.2211107260      11.845050315  
1961 12 30.000000    10.2100713184      11.894750102  
1962  1  9.000000    10.1937015845      11.990978336  
1962  1 19.000000    10.1734646496      12.128139030  
1962  1 29.000000    10.1497370676      12.262918889  
1962  2  8.000000    10.1228339576      12.394115175  
1962  2 18.000000    10.0946119025      12.552216628  
1962  2 28.000000    10.0670440400      12.721582639  
1962  3 10.000000    10.0406703540      12.858684671  
1962  3 20.000000    10.0160327957      12.969620907  
1962  3 30.000000     9.9949064499      13.084642845  
1962  4  9.000000     9.9787966986      13.183731348  
1962  4 19.000000     9.9675918082      13.230135509  
1962  4 29.000000     9.9611398911      13.240781769  
1962  5  9.000000     9.9605784623      13.245785616  
1962  5 19.000000     9.9664633488      13.223623840  
1962  5 29.000000     9.9777303692      13.146604480  
1962  6  8.000000     9.9937668936      13.039508970  
1962  6 18.000000    10.0151057781      12.930311003  
1962  6 28.000000    10.0415172672      12.796164519  
1962  7  8.000000    10.0715439221      12.616382645  
1962  7 18.000000    10.1043889901      12.421129528  
1962  7 28.000000    10.1403110274      12.234514514  
1962  8  7.000000    10.1786800585      12.031751090  
1962  8 17.000000    10.2178544135      11.798637607  
1962  8 27.000000    10.2572013557      11.568710799  
1962  9  6.000000    10.2968292396      11.361792679  
1962  9 16.000000    10.3357702955      11.151558146  
1962  9 26.000000    10.3725198537      10.929065193  
1962 10  6.000000    10.4066081092      10.730641183  
1962 10 16.000000    10.4380348233      10.571500125  
1962 10 26.000000    10.4657874591      10.422430548  
1962 11  5.000000    10.4885396680      10.279282739  
1962 11 15.000000    10.5061857960      10.179608696  
1962 11 25.000000    10.5189224238      10.131407378  
1962 12  5.000000    10.5258971564      10.101151146  
1962 12 15.000000    10.5264258962      10.087149735  
1962 12 25.000000    10.5211114857      10.125164727  
1963  1  4.000000    10.5106936469      10.212669894  
1963  1 14.000000    10.4950880513      10.309290705  
1963  1 24.000000    10.4744941361      10.415016578  
1963  2  3.000000    10.4504463877      10.561375802  
1963  2 13.000000    10.4245130355      10.733461818  
1963  2 23.000000    10.3971597568      10.887582905  
1963  3  5.000000    10.3692172197      11.028345626  
1963  3 15.000000    10.3426773623      11.184255134  
1963  3 25.000000    10.3190591915      11.333635156  
1963  4  4.000000    10.2986467553      11.436862258  
1963  4 14.000000    10.2819501668      11.508246961  
1963  4 24.000000    10.2704181472      11.576303117  
1963  5  4.000000    10.2648299491      11.617206205  
1963  5 14.000000    10.2645617786      11.600827558  
1963  5 24.000000    10.2694617115      11.551019020  
1963  6  3.000000    10.2803090790      11.494730576  
1963  6 13.000000    10.2969238955      11.407829648  
1963  6 23.000000    10.3180938942      11.268742035  
1963  7  3.000000    10.3433494161      11.107204816  
1963  7 13.000000    10.3729416509      10.947210190  
1963  7 23.000000    10.4062045385      10.763217653  
1963  8  2.000000    10.4416882270      10.540715401  
1963  8 12.000000    10.4788816696      10.313323249  
1963  8 22.000000    10.5178511723      10.100497598  
1963  9  1.000000    10.5575538691       9.875697098  
1963  9 11.000000    10.5965766429       9.630401410  
1963  9 21.000000    10.6345764988       9.400615301  
1963 10  1.000000    10.6713714403       9.201570894  
1963 10 11.000000    10.7057935940       9.005035914  
1963 10 21.000000    10.7366165486       8.807438555  
1963 10 31.000000    10.7636407599       8.646838079  
1963 11 10.000000    10.7867188477       8.532319195  
1963 11 20.000000    10.8047296811       8.432668752  
1963 11 30.000000    10.8168413123       8.348220429  
1963 12 10.000000    10.8233855532       8.316056277  
1963 12 20.000000    10.8244946545       8.336488661  
1963 12 30.000000    10.8195818717       8.372801149  
1964  1  9.000000    10.8086823871       8.426880923  
1964  1 19.000000    10.7928916972       8.532095202  
1964  1 29.000000    10.7731428532       8.676298692  
1964  2  8.000000    10.7496633603       8.817154859  
1964  2 18.000000    10.7233091567       8.959333604  
1964  2 28.000000    10.6959955743       9.130939599  
1964  3  9.000000    10.6690827095       9.309780019  
1964  3 19.000000    10.6430528824       9.454456990  
1964  3 29.000000    10.6189769830       9.576432367  
1964  4  8.000000    10.5985791926       9.702443695  
1964  4 18.000000    10.5827847146       9.806452491  
1964  4 28.000000    10.5715080812       9.855114110  
1964  5  8.000000    10.5651470285       9.870296227  
1964  5 18.000000    10.5647433730       9.877769688  
1964  5 28.000000    10.5702998183       9.851281150  
1964  6  7.000000    10.5809315771       9.767731298  
1964  6 17.000000    10.5965658343       9.656086099  
1964  6 27.000000    10.6175411783       9.539744626  
1964  7  7.000000    10.6431728025       9.392440918  
1964  7 17.000000    10.6722722595       9.198728853  
1964  7 27.000000    10.7045150903       8.992222808  
1964  8  6.000000    10.7398988230       8.792171488  
1964  8 16.000000    10.7773791355       8.571495237  
1964  8 26.000000    10.8156694446       8.321630795  
1964  9  5.000000    10.8545352707       8.078517683  
1964  9 15.000000    10.8937030668       7.857008206  
1964  9 25.000000    10.9318855136       7.629379393  
1964 10  5.000000    10.9679957895       7.392348808  
1964 10 15.000000    11.0018433234       7.183831724  
1964 10 25.000000    11.0329967765       7.013738216  
1964 11  4.000000    11.0601961099       6.852174608  
1964 11 14.000000    11.0825850282       6.700806150  
1964 11 24.000000    11.1002675653       6.597652966  
1964 12  4.000000    11.1129341322       6.545074934  
1964 12 14.000000    11.1195950186       6.509685098  
1964 12 24.000000    11.1200993726       6.495457174  
1965  1  3.000000    11.1151432718       6.537602316  
1965  1 13.000000    11.1049486427       6.627588136  
1965  1 23.000000    11.0893778014       6.725944841  
1965  2  2.000000    11.0691624006       6.838421257  
1965  2 12.000000    11.0458519078       6.994564644  
1965  2 22.000000    11.0204327250       7.173316795  
1965  3  4.000000    10.9933775698       7.333095937  
1965  3 14.000000    10.9660539626       7.483748472  
1965  3 24.000000    10.9403273577       7.650507820  
1965  4  3.000000    10.9171387690       7.805988889  
1965  4 13.000000    10.8968709675       7.913626094  
1965  4 23.000000    10.8805339631       7.992480923  
1965  5  3.000000    10.8694073110       8.066822457  
1965  5 13.000000    10.8637367916       8.107977157  
1965  5 23.000000    10.8631024192       8.090111539  
1965  6  2.000000    10.8678702506       8.041025223  
1965  6 12.000000    10.8785683775       7.983014496  
1965  6 22.000000    10.8945713144       7.888494096  
1965  7  2.000000    10.9149943629       7.740838019  
1965  7 12.000000    10.9398026066       7.573044748  
1965  7 22.000000    10.9689428382       7.404332595  
1965  8  1.000000    11.0013860550       7.206778443  
1965  8 11.000000    11.0360605872       6.971342659  
1965  8 21.000000    11.0728237654       6.733981949  
1965  8 31.000000    11.1113447889       6.509212075  
1965  9 10.000000    11.1502899630       6.269208904  
1965  9 20.000000    11.1887001601       6.010876894  
1965  9 30.000000    11.2264673627       5.771734140  
1965 10 10.000000    11.2629515942       5.561997434  
1965 10 20.000000    11.2968002602       5.352708941  
1965 10 30.000000    11.3272560605       5.145890128  
1965 11  9.000000    11.3542672414       4.980187397  
1965 11 19.000000    11.3771866401       4.859263501  
1965 11 29.000000    11.3947938029       4.752044845  
1965 12  9.000000    11.4067889367       4.664376820  
1965 12 19.000000    11.4135428638       4.632842514  
1965 12 29.000000    11.4146631170       4.652230349  
1966  1  8.000000    11.4095932075       4.686605228  
1966  1 18.000000    11.3988942211       4.743406575  
1966  1 28.000000    11.3836117634       4.854461622  
1966  2  7.000000    11.3641490709       5.001788935  
1966  2 17.000000    11.3408129519       5.145045704  
1966  2 27.000000    11.3149868305       5.294184773  
1966  3  9.000000    11.2884173375       5.474383209  
1966  3 19.000000    11.2619018058       5.658024201  
1966  3 29.000000    11.2360956607       5.806636903  
1966  4  8.000000    11.2125398066       5.936313560  
1966  4 18.000000    11.1927018533       6.069889400  
1966  4 28.000000    11.1770082043       6.176394310  
1966  5  8.000000    11.1656136080       6.226482815  
1966  5 18.000000    11.1593785248       6.245920936  
1966  5 28.000000    11.1590486991       6.255765139  
1966  6  7.000000    11.1641909513       6.226184859  
1966  6 17.000000    11.1742883538       6.138790181  
1966  6 27.000000    11.1896736024       6.025597365  
1966  7  7.000000    11.2103251363       5.905291300  
1966  7 17.000000    11.2352424370       5.749087757  
1966  7 27.000000    11.2636521036       5.546753835  
1966  8  6.000000    11.2955484078       5.334267896  
1966  8 16.000000    11.3305240627       5.125925444  
1966  8 26.000000    11.3672830102       4.893270370  
1966  9  5.000000    11.4050099719       4.633133869  
1966  9 15.000000    11.4436786105       4.382828550  
1966  9 25.000000    11.4825335175       4.152372451  
1966 10  5.000000    11.5201538895       3.913324010  
1966 10 15.000000    11.5559366517       3.667752662  
1966 10 25.000000    11.5897739541       3.454287598  
1966 11  4.000000    11.6207413806       3.277593571  
1966 11 14.000000    11.6475279922       3.107809606  
1966 11 24.000000    11.6697862568       2.952026696  
1966 12  4.000000    11.6876147185       2.847842207  
1966 12 14.000000    11.7001785320       2.792285909  
1966 12 24.000000    11.7065675440       2.752750796  
1967  1  3.000000    11.7071549010       2.738467300  
1967  1 13.000000    11.7025166538       2.783446971  
1967  1 23.000000    11.6923811627       2.873573121  
1967  2  2.000000    11.6767732506       2.971123710  
1967  2 12.000000    11.6569214492       3.087224950  
1967  2 22.000000    11.6341749197       3.248864559  
1967  3  4.000000    11.6090017559       3.429723204  
1967  3 14.000000    11.5821087609       3.591137757  
1967  3 24.000000    11.5553212920       3.747625525  
1967  4  3.000000    11.5301790538       3.920874426  
1967  4 13.000000    11.5071548373       4.078714895  
1967  4 23.000000    11.4869315483       4.188268410  
1967  5  3.000000    11.4709152226       4.272627694  
1967  5 13.000000    11.4600343377       4.351461244  
1967  5 23.000000    11.4541311697       4.392268976  
1967  6  2.000000    11.4531722854       4.373799480  
1967  6 12.000000    11.4578961307       4.326781532  
1967  6 22.000000    11.4684199443       4.268752258  
1967  7  2.000000    11.4838328894       4.169496762  
1967  7 12.000000    11.5037116349       4.017310301  
1967  7 22.000000    11.5282875184       3.847566868  
1967  8  1.000000    11.5570784778       3.674550331  
1967  8 11.000000    11.5888617549       3.468736396  
1967  8 21.000000    11.6230455047       3.226434759  
1967  8 31.000000    11.6596633108       2.984984343  
1967  9 10.000000    11.6978961514       2.754004584  
1967  9 20.000000    11.7363128803       2.505031935  
1967  9 30.000000    11.7744597938       2.240114303  
1967 10 10.000000    11.8122592850       1.997539770  
1967 10 20.000000    11.8485708768       1.782476344  
1967 10 30.000000    11.8820513156       1.565818679  
1967 11  9.000000    11.9124291265       1.354961971  
1967 11 19.000000    11.9395924018       1.188280943  
1967 11 29.000000    11.9623856850       1.064133464  
1967 12  9.000000    11.9797006650       0.952187799  
1967 12 19.000000    11.9917453259       0.863426106  
1967 12 29.000000    11.9987156494       0.833297180  
1968  1  8.000000    11.9997397895       0.851276368  
1968  1 18.000000    11.9944985507       0.882850347  
1968  1 28.000000    11.9840183509       0.940814369  
1968  2  7.000000    11.9690936323       1.054819566  
1968  2 17.000000    11.9496774815       1.201601787  
1968  2 27.000000    11.9263656904       1.343661479  
1968  3  8.000000    11.9009768690       1.495828748  
1968  3 18.000000    11.8748961876       1.680028638  
1968  3 28.000000    11.8484865552       1.864026047  
1968  4  7.000000    11.8227691750       2.012922609  
1968  4 17.000000    11.7996303872       2.147032458  
1968  4 27.000000    11.7801180794       2.284940628  
1968  5  7.000000    11.7643087689       2.391606471  
1968  5 17.000000    11.7527657020       2.442168897  
1968  5 27.000000    11.7466606434       2.465491363  
1968  6  6.000000    11.7462952608       2.477716719  
1968  6 16.000000    11.7509761118       2.446263785  
1968  6 26.000000    11.7606806532       2.357478292  
1968  7  6.000000    11.7759636384       2.245690811  
1968  7 16.000000    11.7963371772       2.124690833  
1968  7 26.000000    11.8206662670       1.963794662  
1968  8  5.000000    11.8486750997       1.758021393  
1968  8 15.000000    11.8804838495       1.544850865  
1968  8 25.000000    11.9152030823       1.333519816  
1968  9  4.000000    11.9514790319       1.094849996  
1968  9 14.000000    11.9890097488       0.830859322  
1968  9 24.000000    12.0277669102       0.579524029  
1968 10  4.000000    12.0664841215       0.345971570  
1968 10 14.000000    12.1038035045       0.101502358  
1968 10 24.000000    12.1396019024      -0.146545730  
1968 11  3.000000    12.1736483646      -0.359606944  
1968 11 13.000000    12.2045336514      -0.538353498  
1968 11 23.000000    12.2310949308      -0.712015358  
1968 12  3.000000    12.2534562196      -0.868328985  
1968 12 13.000000    12.2715014318      -0.970835689  
1968 12 23.000000    12.2839274040      -1.027764338  
1969  1  2.000000    12.2901047688      -1.070418807  
1969  1 12.000000    12.2908496449      -1.084415781  
1969  1 22.000000    12.2864265942      -1.037612171  
1969  2  1.000000    12.2761681484      -0.949500241  
1969  2 11.000000    12.2604522440      -0.855195930  
1969  2 21.000000    12.2408973344      -0.738437591  
1969  3  3.000000    12.2184720596      -0.575304589  
1969  3 13.000000    12.1932636987      -0.396702942  
1969  3 23.000000    12.1663957469      -0.237678167  
1969  4  2.000000    12.1400089502      -0.079285835  
1969  4 12.000000    12.1151669307       0.096316328  
1969  4 22.000000    12.0920438991       0.252809719  
1969  5  2.000000    12.0717752825       0.361704135  
1969  5 12.000000    12.0560015913       0.449592730  
1969  5 22.000000    12.0451732691       0.531205838  
1969  6  1.000000    12.0389152415       0.571010651  
1969  6 11.000000    12.0376998645       0.552585510  
1969  6 21.000000    12.0424458333       0.508914121  
1969  7  1.000000    12.0527668190       0.452592064  
1969  7 11.000000    12.0676631582       0.351303570  
1969  7 21.000000    12.0872393706       0.198422004  
1969  7 31.000000    12.1117928160       0.030983478  
1969  8 10.000000    12.1403552217      -0.141935988  
1969  8 20.000000    12.1717037451      -0.350825446  
1969  8 30.000000    12.2057560169      -0.594072807  
1969  9  9.000000    12.2425110085      -0.833696126  
1969  9 19.000000    12.2806424046      -1.065070962  
1969  9 29.000000    12.3188215339      -1.316872895  
1969 10  9.000000    12.3570802592      -1.581922829  
1969 10 19.000000    12.3951644670      -1.821834259  
1969 10 29.000000    12.4314595381      -2.036770628  
1969 11  8.000000    12.4648232111      -2.255395860  
1969 11 18.000000    12.4954143558      -2.465008773  
1969 11 28.000000    12.5228625207      -2.628338145  
1969 12  8.000000    12.5455703460      -2.752389689  
1969 12 18.000000    12.5627324098      -2.866214533  
1969 12 28.000000    12.5749700320      -2.953789315  
1970  1  7.000000    12.5821192373      -2.981487563  
1970  1 17.000000    12.5829412747      -2.965209865  
1970  1 27.000000    12.5775299665      -2.937237609  
1970  2  6.000000    12.5672512628      -2.879480753  
1970  2 16.000000    12.5524845929      -2.765196413  
1970  2 26.000000    12.5328785740      -2.622496369  
1970  3  8.000000    12.5094829304      -2.485179747  
1970  3 18.000000    12.4843967534      -2.333729579  
1970  3 28.000000    12.4585040285      -2.149855942  
1970  4  7.000000    12.4319187608      -1.969892621  
1970  4 17.000000    12.4061648689      -1.824354794  
1970  4 27.000000    12.3832986426      -1.688945658  
1970  5  7.000000    12.3638454465      -1.549840269  
1970  5 17.000000    12.3477301053      -1.445411491  
1970  5 27.000000    12.3360282623      -1.395489581  
1970  6  6.000000    12.3300299944      -1.368722209  
1970  6 16.000000    12.3295150756      -1.354149058  
1970  6 26.000000    12.3337371356      -1.386537050  
1970  7  6.000000    12.3432240514      -1.474551781  
1970  7 16.000000    12.3585440998      -1.582105388  
1970  7 26.000000    12.3787035958      -1.700718209  
1970  8  5.000000    12.4026336821      -1.862387588  
1970  8 15.000000    12.4305669753      -2.066650713  
1970  8 25.000000    12.4625411366      -2.275302940  
1970  9  4.000000    12.4971787335      -2.484388427  
1970  9 14.000000    12.5332666179      -2.723292308  
1970  9 24.000000    12.5709849372      -2.984780028  
1970 10  4.000000    12.6100957250      -3.230854639  
1970 10 14.000000    12.6488623687      -3.461638951  
1970 10 24.000000    12.6861774790      -3.705552463  
1970 11  3.000000    12.7223248782      -3.949870004  
1970 11 13.000000    12.7567604514      -4.156993095  
1970 11 23.000000    12.7876688389      -4.333157999  
1970 12  3.000000    12.8142119452      -4.506316857  
1970 12 13.000000    12.8368812019      -4.659112432  
1970 12 23.000000    12.8551685477      -4.757011572  
1971  1  2.000000    12.8674240024      -4.813674854  
1971  1 12.000000    12.8734638985      -4.858382151  
1971  1 22.000000    12.8744056968      -4.871507481  
1971  2  1.000000    12.8700510176      -4.823704033  
1971  2 11.000000    12.8594957489      -4.739676954  
1971  2 21.000000    12.8436133731      -4.650928659  
1971  3  3.000000    12.8242473571      -4.536216564  
1971  3 13.000000    12.8018614007      -4.375313947  
1971  3 23.000000    12.7763531247      -4.203240872  
1971  4  2.000000    12.7493845269      -4.050530370  
1971  4 12.000000    12.7232241206      -3.893894750  
1971  4 22.000000    12.6983728965      -3.719949499  
1971  5  2.000000    12.6749193141      -3.568560526  
1971  5 12.000000    12.6545358651      -3.462941880  
1971  5 22.000000    12.6389007212      -3.373502337  
1971  6  1.000000    12.6279295001      -3.290899534  
1971  6 11.000000    12.6212442709      -3.253020683  
1971  6 21.000000    12.6198691633      -3.271031242  
1971  7  1.000000    12.6246897028      -3.310200603  
1971  7 11.000000    12.6347935056      -3.363333301  
1971  7 21.000000    12.6493026311      -3.464325532  
1971  7 31.000000    12.6688433930      -3.614302003  
1971  8 10.000000    12.6935684607      -3.775322143  
1971  8 20.000000    12.7220384802      -3.943941432  
1971  8 30.000000    12.7532248700      -4.150971496  
1971  9  9.000000    12.7875106502      -4.389363065  
1971  9 19.000000    12.8246571002      -4.621206678  
1971  9 29.000000    12.8628816721      -4.847256453  
1971 10  9.000000    12.9011436930      -5.095873829  
1971 10 19.000000    12.9398742330      -5.354500178  
1971 10 29.000000    12.9784550448      -5.585563577  
1971 11  8.000000    13.0148915018      -5.794967076  
1971 11 18.000000    13.0484073595      -6.010158486  
1971 11 28.000000    13.0794725285      -6.213125027  
1971 12  8.000000    13.1072935691      -6.368656870  
1971 12 18.000000    13.1299597506      -6.489337375  
1971 12 28.000000    13.1471194815      -6.602201727  
1972  1  7.000000    13.1596550882      -6.686094517  
1972  1 17.000000    13.1669022605      -6.710213208  
1972  1 27.000000    13.1674250905      -6.695952793  
1972  2  6.000000    13.1618540025      -6.672227145  
1972  2 16.000000    13.1517164521      -6.615754130  
1972  2 26.000000    13.1368724107      -6.503649199  
1972  3  7.000000    13.1168600044      -6.368464558  
1972  3 17.000000    13.0932843775      -6.239247825  
1972  3 27.000000    13.0683309610      -6.091918383  
1972  4  6.000000    13.0423094867      -5.912533005  
1972  4 16.000000    13.0153064034      -5.741023769  
1972  4 26.000000    12.9894165584      -5.602392383  
1972  5  6.000000    12.9666584335      -5.468717478  
1972  5 16.000000    12.9470041388      -5.331631562  
1972  5 26.000000    12.9304479096      -5.232051410  
1972  6  5.000000    12.9186059766      -5.184068757  
1972  6 15.000000    12.9126764869      -5.154387122  
1972  6 25.000000    12.9119125466      -5.137746004  
1972  7  5.000000    12.9157315075      -5.170524108  
1972  7 15.000000    12.9251936697      -5.255807286  
1972  7 25.000000    12.9406677696      -5.356446979  
1972  8  4.000000    12.9606891067      -5.469896924  
1972  8 14.000000    12.9844512474      -5.628711318  
1972  8 24.000000    13.0126331592      -5.826657347  
1972  9  3.000000    13.0449938684      -6.025670764  
1972  9 13.000000    13.0797316780      -6.227479408  
1972  9 23.000000    13.1159532198      -6.461051138  
1972 10  3.000000    13.1542241256      -6.713664549  
1972 10 13.000000    13.1939124605      -6.948186782  
1972 10 23.000000    13.2329163169      -7.170531533  
1972 11  2.000000    13.2705378353      -7.407986425  
1972 11 12.000000    13.3073320033      -7.642288995  
1972 11 22.000000    13.3422888050      -7.837953555  
1972 12  2.000000    13.3733258384      -8.007046928  
1972 12 12.000000    13.4000633635      -8.175382818  
1972 12 22.000000    13.4232017425      -8.320479089  
1973  1  1.000000    13.4417133184      -8.410834758  
1973  1 11.000000    13.4537758149      -8.465763933  
1973  1 21.000000    13.4597622935      -8.511383850  
1973  1 31.000000    13.4609016286      -8.522845986  
1973  2 10.000000    13.4564440703      -8.474850456  
1973  2 20.000000    13.4454498184      -8.396997865  
1973  3  2.000000    13.4293637822      -8.315951996  
1973  3 12.000000    13.4100545608      -8.205713504  
1973  3 22.000000    13.3874238569      -8.050654384  
1973  4  1.000000    13.3614009862      -7.889401509  
1973  4 11.000000    13.3342369842      -7.746735172  
1973  4 21.000000    13.3081126830      -7.595277369  
1973  5  1.000000    13.2829537973      -7.427035291  
1973  5 11.000000    13.2589954757      -7.284596712  
1973  5 21.000000    13.2384525135      -7.184834595  
1973  5 31.000000    13.2228325148      -7.095794992  
1973  6 10.000000    13.2115365621      -7.014159666  
1973  6 20.000000    13.2044013854      -6.979411513  
1973  6 30.000000    13.2029738833      -6.996738602  
1973  7 10.000000    13.2078955085      -7.030338691  
1973  7 20.000000    13.2177792673      -7.079150080  
1973  7 30.000000    13.2320711382      -7.177827757  
1973  8  9.000000    13.2518398984      -7.321432630  
1973  8 19.000000    13.2768995304      -7.472109786  
1973  8 29.000000    13.3054237483      -7.632549020  
1973  9  8.000000    13.3367488355      -7.833074181  
1973  9 18.000000    13.3716138429      -8.060889453  
1973  9 28.000000    13.4093655732      -8.279112612  
1973 10  8.000000    13.4478793942      -8.494429799  
1973 10 18.000000    13.4865547305      -8.733999233  
1973 10 28.000000    13.5260733916      -8.979584868  
1973 11  7.000000    13.5653069123      -9.195721878  
1973 11 17.000000    13.6020334913      -9.394393761  
1973 11 27.000000    13.6359594645      -9.600780823  
1973 12  7.000000    13.6676977615      -9.791589257  
1973 12 17.000000    13.6959214866      -9.934930930  
1973 12 27.000000    13.7185834685     -10.049166750  
1974  1  6.000000    13.7358819884     -10.158186276  
1974  1 16.000000    13.7487667486     -10.235721084  
1974  1 26.000000    13.7559956052     -10.255218774  
1974  2  5.000000    13.7561460460     -10.243410208  
1974  2 15.000000    13.7504390285     -10.224421218  
1974  2 25.000000    13.7403545364     -10.170118500  
1974  3  7.000000    13.7251993656     -10.062653619  
1974  3 17.000000    13.7046188640      -9.938453911  
1974  3 27.000000    13.6808003358      -9.820463892  
1974  4  6.000000    13.6557992731      -9.680371309  
1974  4 16.000000    13.6293533180      -9.509663852  
1974  4 26.000000    13.6017568049      -9.351038918  
1974  5  6.000000    13.5756612588      -9.222632558  
1974  5 16.000000    13.5528348356      -9.093603887  
1974  5 26.000000    13.5327448181      -8.961880516  
1974  6  5.000000    13.5156713165      -8.869910698  
1974  6 15.000000    13.5037242913      -8.825157182  
1974  6 25.000000    13.4978076072      -8.793141565  
1974  7  5.000000    13.4967158044      -8.775059956  
1974  7 15.000000    13.5002339764      -8.807988093  
1974  7 25.000000    13.5098636625      -8.888660214  
1974  8  4.000000    13.5255798552      -8.979936809  
1974  8 14.000000    13.5455532687      -9.085853384  
1974  8 24.000000    13.5694068112      -9.238463894  
1974  9  3.000000    13.5981377759      -9.425395700  
1974  9 13.000000    13.6310633658      -9.609831345  
1974  9 23.000000    13.6660824402      -9.799698318  
1974 10  3.000000    13.7027625737     -10.022561783  
1974 10 13.000000    13.7418995253     -10.259887019  
1974 10 23.000000    13.7823271057     -10.476743682  
1974 11  2.000000    13.8217402775     -10.685275540  
1974 11 12.000000    13.8599573367     -10.910400836  
1974 11 22.000000    13.8976223957     -11.128354908  
1974 12  2.000000    13.9331652652     -11.307210672  
1974 12 12.000000    13.9644184327     -11.465007253  
1974 12 22.000000    13.9915380373     -11.624209089  
1975  1  1.000000    14.0152379100     -11.757337961  
1975  1 11.000000    14.0339073199     -11.837439669  
1975  1 21.000000    14.0457643130     -11.889401493  
1975  1 31.000000    14.0517789459     -11.934664451  
1975  2 10.000000    14.0530728759     -11.943562452  
1975  2 20.000000    14.0483337538     -11.896315746  
1975  3  2.000000    14.0368047066     -11.826776356  
1975  3 12.000000    14.0205000982     -11.755323698  
1975  3 22.000000    14.0011008955     -11.651716305  
1975  4  1.000000    13.9779654692     -11.506144837  
1975  4 11.000000    13.9512834176     -11.359974809  
1975  4 21.000000    13.9238644248     -11.230722207  
1975  5  1.000000    13.8975837527     -11.087680235  
1975  5 11.000000    13.8718611714     -10.929317373  
1975  5 21.000000    13.8473001939     -10.799706061  
1975  5 31.000000    13.8265841635     -10.708263699  
1975  6 10.000000    13.8108568459     -10.621613189  
1975  6 20.000000    13.7990972272     -10.543238611  
1975  6 30.000000    13.7915546821     -10.513093995  
1975  7 10.000000    13.7901958121     -10.529503387  
1975  7 20.000000    13.7952297386     -10.556708507  
1975  7 30.000000    13.8049186919     -10.600538684  
1975  8  9.000000    13.8192002315     -10.695137336  
1975  8 19.000000    13.8394382991     -10.828994495  
1975  8 29.000000    13.8649557679     -10.965663287  
1975  9  8.000000    13.8936827775     -11.114442762  
1975  9 18.000000    13.9254477157     -11.304008561  
1975  9 28.000000    13.9611822705     -11.515518167  
1975 10  8.000000    13.9996895798     -11.714520792  
1975 10 18.000000    14.0386708529     -11.914076701  
1975 10 28.000000    14.0780650204     -12.138795173  
1975 11  7.000000    14.1186091128     -12.364733481  
1975 11 17.000000    14.1585814598     -12.560181852  
1975 11 27.000000    14.1957260155     -12.743268001  
1975 12  7.000000    14.2302856642     -12.935566815  
1975 12 17.000000    14.2628175376     -13.108752291  
1975 12 27.000000    14.2914172666     -13.235882102  
1976  1  6.000000    14.3141099988     -13.340972044  
1976  1 16.000000    14.3316697797     -13.443233952  
1976  1 26.000000    14.3448960580     -13.511760892  
1976  2  5.000000    14.3519717757     -13.525944364  
1976  2 15.000000    14.3517131519     -13.517176799  
1976  2 25.000000    14.3459043591     -13.503224749  
1976  3  6.000000    14.3357656966     -13.451867374  
1976  3 16.000000    14.3200944747     -13.351659823  
1976  3 26.000000    14.2988596176     -13.241908643  
1976  4  5.000000    14.2747779606     -13.137912908  
1976  4 15.000000    14.2495609573     -13.008002944  
1976  4 25.000000    14.2224562212     -12.850323382  
1976  5  5.000000    14.1941866125     -12.708950811  
1976  5 15.000000    14.1678616316     -12.593825030  
1976  5 25.000000    14.1448076785     -12.472349150  
1976  6  4.000000    14.1241098397     -12.349578463  
1976  6 14.000000    14.1065207665     -12.268094148  
1976  6 24.000000    14.0945249549     -12.227757469  
1976  7  4.000000    14.0885592871     -12.194143425  
1976  7 14.000000    14.0870983948     -12.175674632  
1976  7 24.000000    14.0904609242     -12.208660974  
1976  8  3.000000    14.1004305222     -12.282834914  
1976  8 13.000000    14.1164414246     -12.362589059  
1976  8 23.000000    14.1364662164     -12.458995098  
1976  9  2.000000    14.1606723628     -12.602195708  
1976  9 12.000000    14.1901982596     -12.773430517  
1976  9 22.000000    14.2238074950     -12.938648265  
1976 10  2.000000    14.2592739989     -13.112329803  
1976 10 12.000000    14.2967128104     -13.319200013  
1976 10 22.000000    14.3369494382     -13.534877960  
1976 11  1.000000    14.3782071516     -13.728387790  
1976 11 11.000000    14.4181808596     -13.918157773  
1976 11 21.000000    14.4572417630     -14.125206929  
1976 12  1.000000    14.4959143989     -14.320653541  
1976 12 11.000000    14.5320459125     -14.477858553  
1976 12 21.000000    14.5635892935     -14.620602374  
1976 12 31.000000    14.5912428394     -14.766443028  
1977  1 10.000000    14.6155222445     -14.883502047  
1977  1 20.000000    14.6342491738     -14.951172463  
1977  1 30.000000    14.6459070765     -14.999212843  
1977  2  9.000000    14.6520217024     -15.042740539  
1977  2 19.000000    14.6533911765     -15.048246644  
1977  3  1.000000    14.6482112821     -15.002993297  
1977  3 11.000000    14.6361176998     -14.943951595  
1977  3 21.000000    14.6196136280     -14.883674931  
1977  3 31.000000    14.5999897975     -14.788760081  
1977  4 10.000000    14.5761584007     -14.656533374  
1977  4 20.000000    14.5487777767     -14.529595033  
1977  4 30.000000    14.5210992995     -14.416751562  
1977  5 10.000000    14.4945005036     -14.285337149  
1977  5 20.000000    14.4680420941     -14.141214992  
1977  5 30.000000    14.4428754901     -14.028222987  
1977  6  9.000000    14.4220063318     -13.947313223  
1977  6 19.000000    14.4060607338     -13.865101376  
1977  6 29.000000    14.3937538136     -13.792585486  
1977  7  9.000000    14.3859015031     -13.768513258  
1977  7 19.000000    14.3847227868     -13.783627629  
1977  7 29.000000    14.3898562284     -13.803863460  
1977  8  8.000000    14.3993981240     -13.842415662  
1977  8 18.000000    14.4138876583     -13.931214474  
1977  8 28.000000    14.4347867112     -14.051955063  
1977  9  7.000000    14.4608341658     -14.171277826  
1977  9 17.000000    14.4899039267     -14.305334282  
1977  9 27.000000    14.5223839961     -14.479551667  
1977 10  7.000000    14.5591942625     -14.669069543  
1977 10 17.000000    14.5985315320     -14.843711052  
1977 10 27.000000    14.6381285935     -15.022888702  
1977 11  6.000000    14.6784904387     -15.227002047  
1977 11 16.000000    14.7201899329     -15.426877098  
1977 11 26.000000    14.7609082922     -15.596419811  
1977 12  6.000000    14.7985644171     -15.759517340  
1977 12 16.000000    14.8339194645     -15.932556153  
1977 12 26.000000    14.8672687279     -16.082926906  
1978  1  5.000000    14.8961641369     -16.190483306  
1978  1 15.000000    14.9189193431     -16.284134219  
1978  1 25.000000    14.9368308983     -16.376742342  
1978  2  4.000000    14.9503339125     -16.433894161  
1978  2 14.000000    14.9571249476     -16.442589271  
1978  2 24.000000    14.9564684944     -16.437585516  
1978  3  6.000000    14.9506025219     -16.428767481  
1978  3 16.000000    14.9402971736     -16.381153209  
1978  3 26.000000    14.9239610950     -16.291061193  
1978  4  5.000000    14.9020740263     -16.199036937  
1978  4 15.000000    14.8777481757     -16.111301527  
1978  4 25.000000    14.8521692005     -15.994412240  
1978  5  5.000000    14.8242535684     -15.854171669  
1978  5 15.000000    14.7953255751     -15.734074345  
1978  5 25.000000    14.7687804017     -15.634834961  
1978  6  4.000000    14.7453610907     -15.523762049  
1978  6 14.000000    14.7239545108     -15.413668634  
1978  6 24.000000    14.7059204643     -15.345345173  
1978  7  4.000000    14.6939375177     -15.310327124  
1978  7 14.000000    14.6878563364     -15.276040188  
1978  7 24.000000    14.6860291007     -15.258529927  
1978  8  3.000000    14.6894110587     -15.291400991  
1978  8 13.000000    14.6998563902     -15.357140960  
1978  8 23.000000    14.7161806754     -15.423562674  
1978  9  2.000000    14.7363647515     -15.508843522  
1978  9 12.000000    14.7611665801     -15.639444218  
1978  9 22.000000    14.7916552388     -15.790335464  
1978 10  2.000000    14.8259974677     -15.932156728  
1978 10 12.000000    14.8620473400     -16.085801389  
1978 10 22.000000    14.9004809185     -16.271379584  
1978 11  1.000000    14.9419313598     -16.459223305  
1978 11 11.000000    14.9840159284     -16.624272528  
1978 11 21.000000    15.0246470071     -16.790711449  
1978 12  1.000000    15.0647087260     -16.974016538  
1978 12 11.000000    15.1043978934     -17.141104975  
1978 12 21.000000    15.1410369249     -17.272507757  
1978 12 31.000000    15.1729059269     -17.396870625  
1979  1 10.000000    15.2011741081     -17.525192576  
1979  1 20.000000    15.2259574267     -17.622491101  
1979  1 30.000000    15.2446112543     -17.676221307  
1979  2  9.000000    15.2560897673     -17.719598577  
1979  2 19.000000    15.2623480538     -17.759922329  
1979  3  1.000000    15.2636766829     -17.761414423  
1979  3 11.000000    15.2579270501     -17.719732632  
1979  3 21.000000    15.2452969624     -17.673201244  
1979  3 31.000000    15.2286228672     -17.625193351  
1979  4 10.000000    15.2086424734     -17.540933384  
1979  4 20.000000    15.1839920593     -17.425912230  
1979  4 30.000000    15.1559560554     -17.321823909  
1979  5 10.000000    15.1280374307     -17.227755962  
1979  5 20.000000    15.1009806570     -17.111022199  
1979  5 30.000000    15.0736964182     -16.985422928  
1979  6  9.000000    15.0479980521     -16.892385157  

