v15.04    Планета: Уран  (INPOP13C)
          Спутник: U2 Умбриэль  (GUST86, Laskar J. et al (1987) A&A, v.188, p.212.)
   Обсерватория N:  84 - Pulkovo
    Шкала времени: UTC
Средний экватор и равноденствие эпохи J2000.  ICRF. 

Координаты астрометрические 
Год  Месяц День       alpha (h)          delta (º)
1952  2  1.000000     6.8320849607      23.336801769  
1952  2 11.000000     6.8091349781      23.360418091  
1952  2 21.000000     6.7897717273      23.389115404  
1952  3  2.000000     6.7766150683      23.391947406  
1952  3 12.000000     6.7697045211      23.407842982  
1952  3 22.000000     6.7684092965      23.400571321  
1952  4  1.000000     6.7748653194      23.393069388  
1952  4 11.000000     6.7863629402      23.382249075  
1952  4 21.000000     6.8049011280      23.351088039  
1952  5  1.000000     6.8286229652      23.331913068  
1952  5 11.000000     6.8570691826      23.287347739  
1952  5 21.000000     6.8907592703      23.249620740  
1952  5 31.000000     6.9268884408      23.202072367  
1952  6 10.000000     6.9670875814      23.142448294  
1952  6 20.000000     7.0085700887      23.092981661  
1952  6 30.000000     7.0515710702      23.020638960  
1952  7 10.000000     7.0954958256      22.962672492  
1952  7 20.000000     7.1381309535      22.892504812  
1952  7 30.000000     7.1808446528      22.822762523  
1952  8  9.000000     7.2205297626      22.763763820  
1952  8 19.000000     7.2581622194      22.691037199  
1952  8 29.000000     7.2923157369      22.642417094  
1952  9  8.000000     7.3216651771      22.584384941  
1952  9 18.000000     7.3472769140      22.542924982  
1952  9 28.000000     7.3662554935      22.513678176  
1952 10  8.000000     7.3803468371      22.483573133  
1952 10 18.000000     7.3877311923      22.484347537  
1952 10 28.000000     7.3885099629      22.477981335  
1952 11  7.000000     7.3836814842      22.499461950  
1952 11 17.000000     7.3714912276      22.526654864  
1952 11 27.000000     7.3548177601      22.559436566  
1952 12  7.000000     7.3322222614      22.615542698  
1952 12 17.000000     7.3059290843      22.657509831  
1952 12 27.000000     7.2770658957      22.723280412  
1953  1  6.000000     7.2456891538      22.775812093  
1953  1 16.000000     7.2153935314      22.830418120  
1953  1 26.000000     7.1850564930      22.888314278  
1953  2  5.000000     7.1581622860      22.923301620  
1953  2 15.000000     7.1347911410      22.971437559  
1953  2 25.000000     7.1157291247      22.991559076  
1953  3  7.000000     7.1032918578      23.013708879  
1953  3 17.000000     7.0956318781      23.024744126  
1953  3 27.000000     7.0955741651      23.015778205  
1953  4  6.000000     7.1012517006      23.014138953  
1953  4 16.000000     7.1132807709      22.982460359  
1953  4 26.000000     7.1319610405      22.957778499  
1953  5  6.000000     7.1550641370      22.915193636  
1953  5 16.000000     7.1843974000      22.861811309  
1953  5 26.000000     7.2170500186      22.811826415  
1953  6  5.000000     7.2537950740      22.736345356  
1953  6 15.000000     7.2935758980      22.673036840  
1953  6 25.000000     7.3346860498      22.589787637  
1953  7  5.000000     7.3781785194      22.507675590  
1953  7 15.000000     7.4210289671      22.427308234  
1953  7 25.000000     7.4643724134      22.331797453  
1953  8  4.000000     7.5062862209      22.255356309  
1953  8 14.000000     7.5459577909      22.163079648  
1953  8 24.000000     7.5837580131      22.087495139  
1953  9  3.000000     7.6169944395      22.015690635  
1953  9 13.000000     7.6471363710      21.944758583  
1953  9 23.000000     7.6717502906      21.900562916  
1953 10  3.000000     7.6911082279      21.849046976  
1953 10 13.000000     7.7050876600      21.829282782  
1953 10 23.000000     7.7118761897      21.814132947  
1953 11  2.000000     7.7134633815      21.814510705  
1953 11 12.000000     7.7076276174      21.840955995  
1953 11 22.000000     7.6962302225      21.863634639  
1953 12  2.000000     7.6792103499      21.920070290  
1953 12 12.000000     7.6565497469      21.970066659  
1953 12 22.000000     7.6310003371      22.036597489  
1954  1  1.000000     7.6013645748      22.110461326  
1954  1 11.000000     7.5711675182      22.172657334  
1954  1 21.000000     7.5403466027      22.252835301  
1954  1 31.000000     7.5105676067      22.307263549  
1954  2 10.000000     7.4841589382      22.370077652  
1954  2 20.000000     7.4603387180      22.417037345  
1954  3  2.000000     7.4425049154      22.447720385  
1954  3 12.000000     7.4292937014      22.481028951  
1954  3 22.000000     7.4224974154      22.481284068  
1954  4  1.000000     7.4223684162      22.488018973  
1954  4 11.000000     7.4277608981      22.468430243  
1954  4 21.000000     7.4406159643      22.439196783  
1954  5  1.000000     7.4582685666      22.405255774  
1954  5 11.000000     7.4821838907      22.343447450  
1954  5 21.000000     7.5108732519      22.290267382  
1954  5 31.000000     7.5433620817      22.209556458  
1954  6 10.000000     7.5804090700      22.129887373  
1954  6 20.000000     7.6191358487      22.042369699  
1954  6 30.000000     7.6609152886      21.938326679  
1954  7 10.000000     7.7034321225      21.846444568  
1954  7 20.000000     7.7463539114      21.732422280  
1954  7 30.000000     7.7895744492      21.632757426  
1954  8  9.000000     7.8306758857      21.526689067  
1954  8 19.000000     7.8709147598      21.421059306  
1954  8 29.000000     7.9076472992      21.333472955  
1954  9  8.000000     7.9412900125      21.235664337  
1954  9 18.000000     7.9710040391      21.167505719  
1954  9 28.000000     7.9952108833      21.097998432  
1954 10  8.000000     8.0150651075      21.048490020  
1954 10 18.000000     8.0280569606      21.021275828  
1954 10 28.000000     8.0356114453      20.996799660  
1954 11  7.000000     8.0365763166      21.010800664  
1954 11 17.000000     8.0308452953      21.023597767  
1954 11 27.000000     8.0198721149      21.066518716  
1954 12  7.000000     8.0021430257      21.122251022  
1954 12 17.000000     7.9805696545      21.182078739  
1954 12 27.000000     7.9543496199      21.268970058  
1955  1  6.000000     7.9254050774      21.340457589  
1955  1 16.000000     7.8954908008      21.432790924  
1955  1 26.000000     7.8644194372      21.512228143  
1955  2  5.000000     7.8358046166      21.586031032  
1955  2 15.000000     7.8087302086      21.662164169  
1955  2 25.000000     7.7859618086      21.708199925  
1955  3  7.000000     7.7680006108      21.761902151  
1955  3 17.000000     7.7548682866      21.783816749  
1955  3 27.000000     7.7488148870      21.798535439  
1955  4  6.000000     7.7479073078      21.800066731  
1955  4 16.000000     7.7542507800      21.772885379  
1955  4 26.000000     7.7663854337      21.749245088  
1955  5  6.000000     7.7842154328      21.691017932  
1955  5 16.000000     7.8082152676      21.633223192  
1955  5 26.000000     7.8360489767      21.557121214  
1955  6  5.000000     7.8691865325      21.463588851  
1955  6 15.000000     7.9051118040      21.374014731  
1955  6 25.000000     7.9440870022      21.256317651  
1955  7  5.000000     7.9854504414      21.149513600  
1955  7 15.000000     8.0272565663      21.025616122  
1955  7 25.000000     8.0705736123      20.900583768  
1955  8  4.000000     8.1126184543      20.782926194  
1955  8 14.000000     8.1541111074      20.650769258  
1955  8 24.000000     8.1936739159      20.542144638  
1955  9  3.000000     8.2300559647      20.423651769  
1955  9 13.000000     8.2639110724      20.324375308  
1955  9 23.000000     8.2926618535      20.238191434  
1955 10  3.000000     8.3174562231      20.156180087  
1955 10 13.000000     8.3365284758      20.109292803  
1955 10 23.000000     8.3496676398      20.061595396  
1955 11  2.000000     8.3572867589      20.050504554  
1955 11 12.000000     8.3576698321      20.052780433  
1955 11 22.000000     8.3527419816      20.072540802  
1955 12  2.000000     8.3410067479      20.125511887  
1955 12 12.000000     8.3240049890      20.176152762  
1955 12 22.000000     8.3023853351      20.262233209  
1956  1  1.000000     8.2761155270      20.344118152  
1956  1 11.000000     8.2481215972      20.438300678  
1956  1 21.000000     8.2175976153      20.541163447  
1956  1 31.000000     8.1877118819      20.625984123  
1956  2 10.000000     8.1588693407      20.725785182  
1956  2 20.000000     8.1321946580      20.795651978  
1956  3  1.000000     8.1101378150      20.865674315  
1956  3 11.000000     8.0916497085      20.917866380  
1956  3 21.000000     8.0796304801      20.944225129  
1956  3 31.000000     8.0729407377      20.969741109  
1956  4 10.000000     8.0725153710      20.956090881  
1956  4 20.000000     8.0788973799      20.941860342  
1956  4 30.000000     8.0904732380      20.899383203  
1956  5 10.000000     8.1089241547      20.839092281  
1956  5 20.000000     8.1318887695      20.773191393  
1956  5 30.000000     8.1601150570      20.674458274  
1956  6  9.000000     8.1926447723      20.581684532  
1956  6 19.000000     8.2280922467      20.461368642  
1956  6 29.000000     8.2672283727      20.338215731  
1956  7  9.000000     8.3074464902      20.210347806  
1956  7 19.000000     8.3496342411      20.064020405  
1956  7 29.000000     8.3920109692      19.932935335  
1956  8  8.000000     8.4338375411      19.782464078  
1956  8 18.000000     8.4752339668      19.647829675  
1956  8 28.000000     8.5138367415      19.513945288  
1956  9  7.000000     8.5506728846      19.382091002  
1956  9 17.000000     8.5835492853      19.276385845  
1956  9 27.000000     8.6124480143      19.165418984  
1956 10  7.000000     8.6370220901      19.089764028  
1956 10 17.000000     8.6555255332      19.021727682  
1956 10 27.000000     8.6691994795      18.977003521  
1956 11  6.000000     8.6759897763      18.964020206  
1956 11 16.000000     8.6769536788      18.957423818  
1956 11 26.000000     8.6717389588      18.994701159  
1956 12  6.000000     8.6600003277      19.035950492  
1956 12 16.000000     8.6436002147      19.107286237  
1956 12 26.000000     8.6214625174      19.195844925  
1957  1  5.000000     8.5962293242      19.285382428  
1957  1 15.000000     8.5679077971      19.402075168  
1957  1 25.000000     8.5380011013      19.500340532  
1957  2  4.000000     8.5086263402      19.613848244  
1957  2 14.000000     8.4795747734      19.712504406  
1957  2 24.000000     8.4540658455      19.796680677  
1957  3  6.000000     8.4314818955      19.880281661  
1957  3 16.000000     8.4138475701      19.926295865  
1957  3 26.000000     8.4018440692      19.973644095  
1957  4  5.000000     8.3949793697      19.985606066  
1957  4 15.000000     8.3952649756      19.981438371  
1957  4 25.000000     8.4007740292      19.962488287  
1957  5  5.000000     8.4129774242      19.907549713  
1957  5 15.000000     8.4307974037      19.852882039  
1957  5 25.000000     8.4535250081      19.761246110  
1957  6  4.000000     8.4818266830      19.664507100  
1957  6 14.000000     8.5133391454      19.550763317  
1957  6 24.000000     8.5491324072      19.415209760  
1957  7  4.000000     8.5872512400      19.284953481  
1957  7 14.000000     8.6273398497      19.126725574  
1957  7 24.000000     8.6691660145      18.979148891  
1957  8  3.000000     8.7106930658      18.819025047  
1957  8 13.000000     8.7527460254      18.657688033  
1957  8 23.000000     8.7930644989      18.509910947  
1957  9  2.000000     8.8318117429      18.350520982  
1957  9 12.000000     8.8681006077      18.219840666  
1957  9 22.000000     8.9004902616      18.086317194  
1957 10  2.000000     8.9296257461      17.975676658  
1957 10 12.000000     8.9532858018      17.887516416  
1957 10 22.000000     8.9722641927      17.807518955  
1957 11  1.000000     8.9853752127      17.770584472  
1957 11 11.000000     8.9921528381      17.739130337  
1957 11 21.000000     8.9934066899      17.747931826  
1957 12  1.000000     8.9876278744      17.777653395  
1957 12 11.000000     8.9767019458      17.825095101  
1957 12 21.000000     8.9598474928      17.910269810  
1957 12 31.000000     8.9382761256      17.992891097  
1958  1 10.000000     8.9133466165      18.109156964  
1958  1 20.000000     8.8849597821      18.221428612  
1958  1 30.000000     8.8560632933      18.339257174  
1958  2  9.000000     8.8263313019      18.464170592  
1958  2 19.000000     8.7982669678      18.563860721  
1958  3  1.000000     8.7727885587      18.672927683  
1958  3 11.000000     8.7504431295      18.747413517  
1958  3 21.000000     8.7335144537      18.813266834  
1958  3 31.000000     8.7209860273      18.858467348  
1958  4 10.000000     8.7149861520      18.869407850  
1958  4 20.000000     8.7147023678      18.875774782  
1958  4 30.000000     8.7203818234      18.838218909  
1958  5 10.000000     8.7326208538      18.794091729  
1958  5 20.000000     8.7496765346      18.720890505  
1958  5 30.000000     8.7728455579      18.623610045  
1958  6  9.000000     8.8001131200      18.520981898  
1958  6 19.000000     8.8316743644      18.382712082  
1958  6 29.000000     8.8669709452      18.249007477  
1958  7  9.000000     8.9043399370      18.089833671  
1958  7 19.000000     8.9445350163      17.925569096  
1958  7 29.000000     8.9852508967      17.761117042  
1958  8  8.000000     9.0268642634      17.578547784  
1958  8 18.000000     9.0681906975      17.414920533  
1958  8 28.000000     9.1080496128      17.236833243  
1958  9  7.000000     9.1467479530      17.077006621  
1958  9 17.000000     9.1821369255      16.925849113  
1958  9 27.000000     9.2147932328      16.780083472  
1958 10  7.000000     9.2431804204      16.668234128  
1958 10 17.000000     9.2668166697      16.557238003  
1958 10 27.000000     9.2857179436      16.487074827  
1958 11  6.000000     9.2982851774      16.432886371  
1958 11 16.000000     9.3055824179      16.405267809  
1958 11 26.000000     9.3062060227      16.417040466  
1958 12  6.000000     9.3009110974      16.437753544  
1958 12 16.000000     9.2899631887      16.505571823  
1958 12 26.000000     9.2730520380      16.580252326  
1959  1  5.000000     9.2522468471      16.682513727  
1959  1 15.000000     9.2269362878      16.803633111  
1959  1 25.000000     9.1995076375      16.920262958  
1959  2  4.000000     9.1705992333      17.061205303  
1959  2 14.000000     9.1412831700      17.179188515  
1959  2 24.000000     9.1139214885      17.304459983  
1959  3  6.000000     9.0882130329      17.411829925  
1959  3 16.000000     9.0668544402      17.495386204  
1959  3 26.000000     9.0495898361      17.574217775  
1959  4  5.000000     9.0375570448      17.609109163  
1959  4 15.000000     9.0316624725      17.638596894  
1959  4 25.000000     9.0310221856      17.630111621  
1959  5  5.000000     9.0372048127      17.598072589  
1959  5 15.000000     9.0486151414      17.549964874  
1959  5 25.000000     9.0659543248      17.461073465  
1959  6  4.000000     9.0885538286      17.370046264  
1959  6 14.000000     9.1153489725      17.241482130  
1959  6 24.000000     9.1469165448      17.104355956  
1959  7  4.000000     9.1811592169      16.952616075  
1959  7 14.000000     9.2186678907      16.777046005  
1959  7 24.000000     9.2579703856      16.609337109  
1959  8  3.000000     9.2983155769      16.415648958  
1959  8 13.000000     9.3396922255      16.233802437  
1959  8 23.000000     9.3800964511      16.045350207  
1959  9  2.000000     9.4201015605      15.857091034  
1959  9 12.000000     9.4579238251      15.689336975  
1959  9 22.000000     9.4932178866      15.514442272  
1959 10  2.000000     9.5255795638      15.373584230  
1959 10 12.000000     9.5534005737      15.237865865  
1959 10 22.000000     9.5772748203      15.128949994  
1959 11  1.000000     9.5954855138      15.051285879  
1959 11 11.000000     9.6083356258      14.986203820  
1959 11 21.000000     9.6153588678      14.970338150  
1959 12  1.000000     9.6158961848      14.965472819  
1959 12 11.000000     9.6109846616      15.002871265  
1959 12 21.000000     9.5996377956      15.066046313  
1959 12 31.000000     9.5834601230      15.145617956  
1960  1 10.000000     9.5624613393      15.264100576  
1960  1 20.000000     9.5376225311      15.377523034  
1960  1 30.000000     9.5106837251      15.520183630  
1960  2  9.000000     9.4817035485      15.656408781  
1960  2 19.000000     9.4533876650      15.789800410  
1960  2 29.000000     9.4258006742      15.926725129  
1960  3 10.000000     9.4008475100      16.030518124  
1960  3 20.000000     9.3797002489      16.137106133  
1960  3 30.000000     9.3624203866      16.204665680  
1960  4  9.000000     9.3510578081      16.254937848  
1960  4 19.000000     9.3446244761      16.282211475  
1960  4 29.000000     9.3445031341      16.268303701  
1960  5  9.000000     9.3502711669      16.246472503  
1960  5 19.000000     9.3614980862      16.178145700  
1960  5 29.000000     9.3788605490      16.098369110  
1960  6  8.000000     9.4006447871      15.990139097  
1960  6 18.000000     9.4276046169      15.854032652  
1960  6 28.000000     9.4582999149      15.713517158  
1960  7  8.000000     9.4923180625      15.537123844  
1960  7 18.000000     9.5294145010      15.365202267  
1960  7 28.000000     9.5679221779      15.171242933  
1960  8  7.000000     9.6082859586      14.972145767  
1960  8 17.000000     9.6487007679      14.778043611  
1960  8 27.000000     9.6890343935      14.568083034  
1960  9  6.000000     9.7285130091      14.381737152  
1960  9 16.000000     9.7657880253      14.186826902  
1960  9 26.000000     9.8011321466      14.013689491  
1960 10  6.000000     9.8327000331      13.857531743  
1960 10 16.000000     9.8606882550      13.710770687  
1960 10 26.000000     9.8841018479      13.605463434  
1960 11  5.000000     9.9021262632      13.507265013  
1960 11 15.000000     9.9151133262      13.454435039  
1960 11 25.000000     9.9216544953      13.425062715  
1960 12  5.000000     9.9226410226      13.424302773  
1960 12 15.000000     9.9174166327      13.468113644  
1960 12 25.000000     9.9063672984      13.522047208  
1961  1  4.000000     9.8904275785      13.623099085  
1961  1 14.000000     9.8693862703      13.731514644  
1961  1 24.000000     9.8452887014      13.862657771  
1961  2  3.000000     9.8181968531      14.010948423  
1961  2 13.000000     9.7899875133      14.147950880  
1961  2 23.000000     9.7618514239      14.303877720  
1961  3  5.000000     9.7345464252      14.431128385  
1961  3 15.000000     9.7102828623      14.557110202  
1961  3 25.000000     9.6888921035      14.661198906  
1961  4  4.000000     9.6723813232      14.732847128  
1961  4 14.000000     9.6607585620      14.795649776  
1961  4 24.000000     9.6545090609      14.809258169  
1961  5  4.000000     9.6545359650      14.811765152  
1961  5 14.000000     9.6597597494      14.774985610  
1961  5 24.000000     9.6713240979      14.708936052  
1961  6  3.000000     9.6879415259      14.626748467  
1961  6 13.000000     9.7096726706      14.501201461  
1961  6 23.000000     9.7362413714      14.372216464  
1961  7  3.000000     9.7662794876      14.207207132  
1961  7 13.000000     9.8002639878      14.031828198  
1961  7 23.000000     9.8364611488      13.845358192  
1961  8  2.000000     9.8748704472      13.635409546  
1961  8 12.000000     9.9146100650      13.436478519  
1961  8 22.000000     9.9545392280      13.215452080  
1961  9  1.000000     9.9947153528      13.008731411  
1961  9 11.000000    10.0334243148      12.801887185  
1961  9 21.000000    10.0707431568      12.598372855  
1961 10  1.000000    10.1054694722      12.422353320  
1961 10 11.000000    10.1368517649      12.244513812  
1961 10 21.000000    10.1647233737      12.106353822  
1961 10 31.000000    10.1876123151      11.980932981  
1961 11 10.000000    10.2058927862      11.886242684  
1961 11 20.000000    10.2183917608      11.830502674  
1961 11 30.000000    10.2250946634      11.790780862  
1961 12 10.000000    10.2260810184      11.804660901  
1961 12 20.000000    10.2206834457      11.833275758  
1961 12 30.000000    10.2101324288      11.903678418  
1962  1  9.000000    10.1939481021      12.002115436  
1962  1 19.000000    10.1734831709      12.113305118  
1962  1 29.000000    10.1495047854      12.261312588  
1962  2  8.000000    10.1226877685      12.400003967  
1962  2 18.000000    10.0950870859      12.560928487  
1962  2 28.000000    10.0669172712      12.711257735  
1962  3 10.000000    10.0403931909      12.849764951  
1962  3 20.000000    10.0160891301      12.986679237  
1962  3 30.000000     9.9951460441      13.083263536  
1962  4  9.000000     9.9788853624      13.175940870  
1962  4 19.000000     9.9671106377      13.225712968  
1962  4 29.000000     9.9613356190      13.251158541  
1962  5  9.000000     9.9608577298      13.251759792  
1962  5 19.000000     9.9663105731      13.206349424  
1962  5 29.000000     9.9775388827      13.150899431  
1962  6  8.000000     9.9937636221      13.047997227  
1962  6 18.000000    10.0155134168      12.930671322  
1962  6 28.000000    10.0412698758      12.786853303  
1962  7  8.000000    10.0713104152      12.613359564  
1962  7 18.000000    10.1046387373      12.437650099  
1962  7 28.000000    10.1404096180      12.227734761  
1962  8  7.000000    10.1786025416      12.023391640  
1962  8 17.000000    10.2175771090      11.801900283  
1962  8 27.000000    10.2574691635      11.576737152  
1962  9  6.000000    10.2969923972      11.362327845  
1962  9 16.000000    10.3354573081      11.136024239  
1962  9 26.000000    10.3725285339      10.938251720  
1962 10  6.000000    10.4067391296      10.738596819  
1962 10 16.000000    10.4381779489      10.564972665  
1962 10 26.000000    10.4655278543      10.416060607  
1962 11  5.000000    10.4884514349      10.281111824  
1962 11 15.000000    10.5065330868      10.194146096  
1962 11 25.000000    10.5188196579      10.119661728  
1962 12  5.000000    10.5257421359      10.094066763  
1962 12 15.000000    10.5263847972      10.097213194  
1962 12 25.000000    10.5213653440      10.129330834  
1963  1  4.000000    10.5107267852      10.208581969  
1963  1 14.000000    10.4947161617      10.296619693  
1963  1 24.000000    10.4746685799      10.429105413  
1963  2  3.000000    10.4506137071      10.566913881  
1963  2 13.000000    10.4244973512      10.720223614  
1963  2 23.000000    10.3969000887      10.886837941  
1963  3  5.000000    10.3692275744      11.034245017  
1963  3 15.000000    10.3430713158      11.193636710  
1963  3 25.000000    10.3188234898      11.318685411  
1963  4  4.000000    10.2984821711      11.433840056  
1963  4 14.000000    10.2820244760      11.523286869  
1963  4 24.000000    10.2706586600      11.573311462  
1963  5  4.000000    10.2647721235      11.610679757  
1963  5 14.000000    10.2641941942      11.595587399  
1963  5 24.000000    10.2697513598      11.565143388  
1963  6  3.000000    10.2804419402      11.495227817  
1963  6 13.000000    10.2967710264      11.392780382  
1963  6 23.000000    10.3179408446      11.275046265  
1963  7  3.000000    10.3434537276      11.113455765  
1963  7 13.000000    10.3732203947      10.948748928  
1963  7 23.000000    10.4058905850      10.750776100  
1963  8  2.000000    10.4416196306      10.542547037  
1963  8 12.000000    10.4791057151      10.327787864  
1963  8 22.000000    10.5178798217      10.091418209  
1963  9  1.000000    10.5574283093       9.870256397  
1963  9 11.000000    10.5964188700       9.632034620  
1963  9 21.000000    10.6348782253       9.411400000  
1963 10  1.000000    10.6713689670       9.197763726  
1963 10 11.000000    10.7055342516       8.991403011  
1963 10 21.000000    10.7367108969       8.819294998  
1963 10 31.000000    10.7637622272       8.651190223  
1963 11 10.000000    10.7867663225       8.527743071  
1963 11 20.000000    10.8044615906       8.423870653  
1963 11 30.000000    10.8169073435       8.354073819  
1963 12 10.000000    10.8236555059       8.328761611  
1963 12 20.000000    10.8243097134       8.321688370  
1963 12 30.000000    10.8194773113       8.370206847  
1964  1  9.000000    10.8087053628       8.434553173  
1964  1 19.000000    10.7931420320       8.538103755  
1964  1 29.000000    10.7730329067       8.668810529  
1964  2  8.000000    10.7493921873       8.806451175  
1964  2 18.000000    10.7235491006       8.976486298  
1964  2 28.000000    10.6960884570       9.131040701  
1964  3  9.000000    10.6690253107       9.299630163  
1964  3 19.000000    10.6428082030       9.452587842  
1964  3 29.000000    10.6191244750       9.584614422  
1964  4  8.000000    10.5988437159       9.710002669  
1964  4 18.000000    10.5825034636       9.788902178  
1964  4 28.000000    10.5714417513       9.857850249  
1964  5  8.000000    10.5652462081       9.881547911  
1964  5 18.000000    10.5649408162       9.875475904  
1964  5 28.000000    10.5701282275       9.843799176  
1964  6  7.000000    10.5807157282       9.763675965  
1964  6 17.000000    10.5968796206       9.672419550  
1964  6 27.000000    10.6175490345       9.534676015  
1964  7  7.000000    10.6430241081       9.381446902  
1964  7 17.000000    10.6721880897       9.204563084  
1964  7 27.000000    10.7046851963       8.998480836  
1964  8  6.000000    10.7400289264       8.793273796  
1964  8 16.000000    10.7770649865       8.556902388  
1964  8 26.000000    10.8157399409       8.328752333  
1964  9  5.000000    10.8547161299       8.088918691  
1964  9 15.000000    10.8936523642       7.848246259  
1964  9 25.000000    10.9317517720       7.624698475  
1964 10  5.000000    10.9679621613       7.393786134  
1964 10 15.000000    11.0021235069       7.196789401  
1964 10 25.000000    11.0328558967       7.004695811  
1964 11  4.000000    11.0600152276       6.842672514  
1964 11 14.000000    11.0827530901       6.712620733  
1964 11 24.000000    11.1003499943       6.600466298  
1964 12  4.000000    11.1128924542       6.541248109  
1964 12 14.000000    11.1193617913       6.498742656  
1964 12 24.000000    11.1202914838       6.506521862  
1965  1  3.000000    11.1153085637       6.545920742  
1965  1 13.000000    11.1047124620       6.612710161  
1965  1 23.000000    11.0893369068       6.725935247  
1965  2  2.000000    11.0692428948       6.844519598  
1965  2 12.000000    11.0460602191       7.002413547  
1965  2 22.000000    11.0202108936       7.161103311  
1965  3  4.000000    10.9932325420       7.327062873  
1965  3 14.000000    10.9663181358       7.500803349  
1965  3 24.000000    10.9403469944       7.647099592  
1965  4  3.000000    10.9170406614       7.798509503  
1965  4 13.000000    10.8966844367       7.910086841  
1965  4 23.000000    10.8807743694       8.004320678  
1965  5  3.000000    10.8695244125       8.070040292  
1965  5 13.000000    10.8634550970       8.090865499  
1965  5 23.000000    10.8631274505       8.096728968  
1965  6  2.000000    10.8679877453       8.048655979  
1965  6 12.000000    10.8786853827       7.982488140  
1965  6 22.000000    10.8943413495       7.878404150  
1965  7  2.000000    10.9149339458       7.740351067  
1965  7 12.000000    10.9400948639       7.588972662  
1965  7 22.000000    10.9688391052       7.395304151  
1965  8  1.000000    11.0012601230       7.199867551  
1965  8 11.000000    11.0360622163       6.975249052  
1965  8 21.000000    11.0730059983       6.742169176  
1965  8 31.000000    11.1113354008       6.507536682  
1965  9 10.000000    11.1500183989       6.254782547  
1965  9 20.000000    11.1888906204       6.022038092  
1965  9 30.000000    11.2265784285       5.777694915  
1965 10 10.000000    11.2628270065       5.555243886  
1965 10 20.000000    11.2966999181       5.346660454  
1965 10 30.000000    11.3273286380       5.149527934  
1965 11  9.000000    11.3544908283       4.993235666  
1965 11 19.000000    11.3769309154       4.845896917  
1965 11 29.000000    11.3947206318       4.747467314  
1965 12  9.000000    11.4070056234       4.674150208  
1965 12 19.000000    11.4135625207       4.636398216  
1965 12 29.000000    11.4145532041       4.646822564  
1966  1  8.000000    11.4094223861       4.675487143  
1966  1 18.000000    11.3991830968       4.758912674  
1966  1 28.000000    11.3836469963       4.857116642  
1966  2  7.000000    11.3638979417       4.989254685  
1966  2 17.000000    11.3408421555       5.145188098  
1966  2 27.000000    11.3151097961       5.300874121  
1966  3  9.000000    11.2885562740       5.482402033  
1966  3 19.000000    11.2616069148       5.641750669  
1966  3 29.000000    11.2360907863       5.806661465  
1966  4  8.000000    11.2127919510       5.950495472  
1966  4 18.000000    11.1926471984       6.065676894  
1966  4 28.000000    11.1768854540       6.169689424  
1966  5  8.000000    11.1655135406       6.222445785  
1966  5 18.000000    11.1596623701       6.261074499  
1966  5 28.000000    11.1590179841       6.253239388  
1966  6  7.000000    11.1639431967       6.212262544  
1966  6 17.000000    11.1744030960       6.146490655  
1966  6 27.000000    11.1897829938       6.031376239  
1966  7  7.000000    11.2103477218       5.905797827  
1966  7 17.000000    11.2350044880       5.736168068  
1966  7 27.000000    11.2637344519       5.551355822  
1966  8  6.000000    11.2957846689       5.347193285  
1966  8 16.000000    11.3303189135       5.115640005  
1966  8 26.000000    11.3672145681       4.888909173  
1966  9  5.000000    11.4050899300       4.635506865  
1966  9 15.000000    11.4438326962       4.393587272  
1966  9 25.000000    11.4824040903       4.146126739  
1966 10  5.000000    11.5199570640       3.901670377  
1966 10 15.000000    11.5562287860       3.680475965  
1966 10 25.000000    11.5897781455       3.457039951  
1966 11  4.000000    11.6205715625       3.272758744  
1966 11 14.000000    11.6474835379       3.099371561  
1966 11 24.000000    11.6699445644       2.959941949  
1966 12  4.000000    11.6877544960       2.858258227  
1966 12 14.000000    11.6998343310       2.776994347  
1966 12 24.000000    11.7066335989       2.752181365  
1967  1  3.000000    11.7073758575       2.745809657  
1967  1 13.000000    11.7024705790       2.789035503  
1967  1 23.000000    11.6922210092       2.864400884  
1967  2  2.000000    11.6766890040       2.962758406  
1967  2 12.000000    11.6572730130       3.104761615  
1967  2 22.000000    11.6340619748       3.246550564  
1967  3  4.000000    11.6087803425       3.420404313  
1967  3 14.000000    11.5822001576       3.589698459  
1967  3 24.000000    11.5554707130       3.757061021  
1967  4  3.000000    11.5302262697       3.926290701  
1967  4 13.000000    11.5068282899       4.060764675  
1967  4 23.000000    11.4870707132       4.193678981  
1967  5  3.000000    11.4711180070       4.282716606  
1967  5 13.000000    11.4599110335       4.348615861  
1967  5 23.000000    11.4540086888       4.384143219  
1967  6  2.000000    11.4531707669       4.371690561  
1967  6 12.000000    11.4581803122       4.343279732  
1967  6 22.000000    11.4682481694       4.260995078  
1967  7  2.000000    11.4836547472       4.160065516  
1967  7 12.000000    11.5039066250       4.023729658  
1967  7 22.000000    11.5283546357       3.853812471  
1967  8  1.000000    11.5570157500       3.674008588  
1967  8 11.000000    11.5886509328       3.454429544  
1967  8 21.000000    11.6232577867       3.235968586  
1967  8 31.000000    11.6598056207       2.993372871  
1967  9 10.000000    11.6976106386       2.744879374  
1967  9 20.000000    11.7363369328       2.500908747  
1967  9 30.000000    11.7745886303       2.242816639  
1967 10 10.000000    11.8123663682       2.009836107  
1967 10 20.000000    11.8483347426       1.771373549  
1967 10 30.000000    11.8819683604       1.558800357  
1967 11  9.000000    11.9127897658       1.366758047  
1967 11 19.000000    11.9394614825       1.190129964  
1967 11 29.000000    11.9622150375       1.059562558  
1967 12  9.000000    11.9797101061       0.942075275  
1967 12 19.000000    11.9919787444       0.876223169  
1967 12 29.000000    11.9987345074       0.838781770  
1968  1  8.000000    11.9993521192       0.836829602  
1968  1 18.000000    11.9947186461       0.884082774  
1968  1 28.000000    11.9841941880       0.947070099  
1968  2  7.000000    11.9689991150       1.061971625  
1968  2 17.000000    11.9494740264       1.187839496  
1968  2 27.000000    11.9263990343       1.340573048  
1968  3  8.000000    11.9013408995       1.512298232  
1968  3 18.000000    11.8746371904       1.675078911  
1968  3 28.000000    11.8483372497       1.856973100  
1968  4  7.000000    11.8229048092       2.009933929  
1968  4 17.000000    11.7997949752       2.160190550  
1968  4 27.000000    11.7800539612       2.285344918  
1968  5  7.000000    11.7639979908       2.375126393  
1968  5 17.000000    11.7530397949       2.450582891  
1968  5 27.000000    11.7467748338       2.472166011  
1968  6  6.000000    11.7461195546       2.476638843  
1968  6 16.000000    11.7508747427       2.435370178  
1968  6 26.000000    11.7607785498       2.359551887  
1968  7  6.000000    11.7762102340       2.260760373  
1968  7 16.000000    11.7960361159       2.113871375  
1968  7 26.000000    11.8206010499       1.958382181  
1968  8  5.000000    11.8489215258       1.762348308  
1968  8 15.000000    11.8804869529       1.553259879  
1968  8 25.000000    11.9150726837       1.329668065  
1968  9  4.000000    11.9513202035       1.081670708  
1968  9 14.000000    11.9893401252       0.843580331  
1968  9 24.000000    12.0277672229       0.583499869  
1968 10  4.000000    12.0661645909       0.339116761  
1968 10 14.000000    12.1039331134       0.095683539  
1968 10 24.000000    12.1397497448      -0.141142286  
1968 11  3.000000    12.1736992852      -0.348157000  
1968 11 13.000000    12.2041990574      -0.552948455  
1968 11 23.000000    12.2311745479      -0.714169613  
1968 12  3.000000    12.2538230276      -0.858979829  
1968 12 13.000000    12.2712393422      -0.967752685  
1968 12 23.000000    12.2837928362      -1.034437889  
1969  1  2.000000    12.2901610470      -1.079807817  
1969  1 12.000000    12.2911534921      -1.067906190  
1969  1 22.000000    12.2862800601      -1.037707966  
1969  2  1.000000    12.2758084927      -0.961096649  
1969  2 11.000000    12.2608040630      -0.854517909  
1969  2 21.000000    12.2409948779      -0.730977814  
1969  3  3.000000    12.2183456029      -0.568839909  
1969  3 13.000000    12.1930209166      -0.413943765  
1969  3 23.000000    12.1665788053      -0.234720904  
1969  4  2.000000    12.1403182399      -0.066309156  
1969  4 12.000000    12.1147924523       0.091404075  
1969  4 22.000000    12.0919943535       0.245903231  
1969  5  2.000000    12.0719360547       0.358941936  
1969  5 12.000000    12.0561724658       0.465585712  
1969  5 22.000000    12.0449809473       0.525774957  
1969  6  1.000000    12.0386762738       0.558496821  
1969  6 11.000000    12.0380826128       0.561231573  
1969  6 21.000000    12.0424395314       0.514283048  
1969  7  1.000000    12.0525683252       0.452033424  
1969  7 11.000000    12.0675914864       0.337967752  
1969  7 21.000000    12.0874382668       0.205689946  
1969  7 31.000000    12.1119568723       0.042157090  
1969  8 10.000000    12.1399500714      -0.153128003  
1969  8 20.000000    12.1717903410      -0.354189359  
1969  8 30.000000    12.2060049119      -0.590957914  
1969  9  9.000000    12.2424521857      -0.823005648  
1969  9 19.000000    12.2804526359      -1.073595473  
1969  9 29.000000    12.3187487295      -1.326373356  
1969 10  9.000000    12.3575039792      -1.568545944  
1969 10 19.000000    12.3949797142      -1.820541089  
1969 10 29.000000    12.4311741176      -2.041914989  
1969 11  8.000000    12.4650376878      -2.263413575  
1969 11 18.000000    12.4955708593      -2.455210837  
1969 11 28.000000    12.5228363303      -2.620441437  
1969 12  8.000000    12.5451610798      -2.767929995  
1969 12 18.000000    12.5630153313      -2.864946692  
1969 12 28.000000    12.5752591046      -2.946732266  
1970  1  7.000000    12.5817679403      -2.976414396  
1970  1 17.000000    12.5828499195      -2.975911749  
1970  1 27.000000    12.5776416905      -2.942995419  
1970  2  6.000000    12.5676045795      -2.861949610  
1970  2 16.000000    12.5521415365      -2.769616869  
1970  2 26.000000    12.5326335733      -2.630934284  
1970  3  8.000000    12.5099092226      -2.486182436  
1970  3 18.000000    12.4844169500      -2.323064886  
1970  3 28.000000    12.4583463006      -2.146839190  
1970  4  7.000000    12.4316545032      -1.987835013  
1970  4 17.000000    12.4065155706      -1.816588127  
1970  4 27.000000    12.3834766926      -1.680197611  
1970  5  7.000000    12.3634117600      -1.553135295  
1970  5 17.000000    12.3477814650      -1.454276982  
1970  5 27.000000    12.3362048979      -1.395525267  
1970  6  6.000000    12.3301928975      -1.352329517  
1970  6 16.000000    12.3291849063      -1.364349497  
1970  6 26.000000    12.3336339982      -1.394237148  
1970  7  6.000000    12.3436637221      -1.467648761  
1970  7 16.000000    12.3584073777      -1.575743758  
1970  7 26.000000    12.3785117612      -1.702987600  
1970  8  5.000000    12.4025940401      -1.876197964  
1970  8 15.000000    12.4308718306      -2.054868134  
1970  8 25.000000    12.4625664958      -2.269060380  
1970  9  4.000000    12.4967236020      -2.493802226  
1970  9 14.000000    12.5335194421      -2.726938485  
1970  9 24.000000    12.5711850462      -2.980760337  
1970 10  4.000000    12.6099913208      -3.219492515  
1970 10 14.000000    12.6486058003      -3.474652321  
1970 10 24.000000    12.6862413976      -3.710039118  
1970 11  3.000000    12.7227852695      -3.938176381  
1970 11 13.000000    12.7563785783      -4.156046848  
1970 11 23.000000    12.7874864509      -4.338536797  
1970 12  3.000000    12.8144700989      -4.515189465  
1970 12 13.000000    12.8370606307      -4.644789153  
1970 12 23.000000    12.8550222470      -4.754398054  
1971  1  2.000000    12.8669992657      -4.827505384  
1971  1 12.000000    12.8739548344      -4.855987649  
1971  1 22.000000    12.8745382421      -4.865027776  
1971  2  1.000000    12.8696754126      -4.817736467  
1971  2 11.000000    12.8594224232      -4.754720984  
1971  2 21.000000    12.8438159138      -4.651022527  
1971  3  3.000000    12.8245926822      -4.520667505  
1971  3 13.000000    12.8013286651      -4.381640127  
1971  3 23.000000    12.7762939201      -4.209927521  
1971  4  2.000000    12.7498084321      -4.052654121  
1971  4 12.000000    12.7231979604      -3.879609898  
1971  4 22.000000    12.6981598390      -3.722454823  
1971  5  2.000000    12.6746839466      -3.584008037  
1971  5 12.000000    12.6550421715      -3.452905004  
1971  5 22.000000    12.6388879452      -3.367748115  
1971  6  1.000000    12.6275087462      -3.292617413  
1971  6 11.000000    12.6213713684      -3.264645591  
1971  6 21.000000    12.6200695814      -3.266301366  
1971  7  1.000000    12.6248109077      -3.296363114  
1971  7 11.000000    12.6343349146      -3.375849086  
1971  7 21.000000    12.6493919535      -3.468282917  
1971  7 31.000000    12.6692655239      -3.609514909  
1971  8 10.000000    12.6933220600      -3.766781365  
1971  8 20.000000    12.7218658591      -3.950038760  
1971  8 30.000000    12.7532292794      -4.162542800  
1971  9  9.000000    12.7879171959      -4.375197977  
1971  9 19.000000    12.8244853537      -4.619179087  
1971  9 29.000000    12.8624607759      -4.854238966  
1971 10  9.000000    12.9015386154      -5.101287064  
1971 10 19.000000    12.9399984530      -5.347302772  
1971 10 29.000000    12.9783173370      -5.576084890  
1971 11  8.000000    13.0145618518      -5.810587309  
1971 11 18.000000    13.0486671252      -6.009944028  
1971 11 28.000000    13.0798745741      -6.204148895  
1971 12  8.000000    13.1067500464      -6.366356135  
1971 12 18.000000    13.1299167402      -6.497284253  
1971 12 28.000000    13.1473828577      -6.609421351  
1972  1  7.000000    13.1598768580      -6.668981275  
1972  1 17.000000    13.1665780249      -6.713010287  
1972  1 27.000000    13.1670873556      -6.706565113  
1972  2  6.000000    13.1625017371      -6.670683670  
1972  2 16.000000    13.1516595717      -6.607516536  
1972  2 26.000000    13.1365293152      -6.499168861  
1972  3  7.000000    13.1167716181      -6.386172267  
1972  3 17.000000    13.0936278200      -6.233376834  
1972  3 27.000000    13.0685730403      -6.080379186  
1972  4  6.000000    13.0416506391      -5.918320665  
1972  4 16.000000    13.0154568376      -5.748187255  
1972  4 26.000000    12.9897762728      -5.603538098  
1972  5  6.000000    12.9666209606      -5.452318167  
1972  5 16.000000    12.9466965635      -5.340020060  
1972  5 26.000000    12.9303174721      -5.242852262  
1972  6  5.000000    12.9192116796      -5.174512827  
1972  6 15.000000    12.9124496613      -5.149380714  
1972  6 25.000000    12.9115704264      -5.139580604  
1972  7  5.000000    12.9158982915      -5.183918271  
1972  7 15.000000    12.9254437301      -5.245790846  
1972  7 25.000000    12.9406933173      -5.347272355  
1972  8  4.000000    12.9601475421      -5.481910153  
1972  8 14.000000    12.9847634881      -5.631065020  
1972  8 24.000000    13.0129566153      -5.822628618  
1972  9  3.000000    13.0446826170      -6.015471703  
1972  9 13.000000    13.0795635264      -6.238306048  
1972  9 23.000000    13.1160362421      -6.468184293  
1972 10  3.000000    13.1546980871      -6.699797199  
1972 10 13.000000    13.1935051622      -6.948434045  
1972 10 23.000000    13.2326273713      -7.176126954  
1972 11  2.000000    13.2710115315      -7.415072622  
1972 11 12.000000    13.3073929301      -7.630723107  
1972 11 22.000000    13.3421029489      -7.832769442  
1972 12  2.000000    13.3729460498      -8.022583740  
1972 12 12.000000    13.4005613577      -8.172150600  
1972 12 22.000000    13.4234329346      -8.313588666  
1973  1  1.000000    13.4410960728      -8.406894841  
1973  1 11.000000    13.4538557345      -8.477700362  
1973  1 21.000000    13.4600290613      -8.514235477  
1973  1 31.000000    13.4611538602      -8.505763764  
1973  2 10.000000    13.4559002191      -8.481506362  
1973  2 20.000000    13.4453125991      -8.404605770  
1973  3  2.000000    13.4300604080      -8.316034837  
1973  3 12.000000    13.4098371528      -8.194177994  
1973  3 22.000000    13.3871284543      -8.050431041  
1973  4  1.000000    13.3612967968      -7.906742451  
1973  4 11.000000    13.3347548782      -7.736540678  
1973  4 21.000000    13.3081504740      -7.587903030  
1973  5  1.000000    13.2822785209      -7.431015127  
1973  5 11.000000    13.2593230430      -7.293938363  
1973  5 21.000000    13.2387262977      -7.182416567  
1973  5 31.000000    13.2227962603      -7.080092031  
1973  6 10.000000    13.2111059384      -7.026814836  
1973  6 20.000000    13.2044591081      -6.985269463  
1973  6 30.000000    13.2035831109      -6.989276613  
1973  7 10.000000    13.2074782694      -7.024097653  
1973  7 20.000000    13.2175519189      -7.083442314  
1973  7 30.000000    13.2322472478      -7.190645937  
1973  8  9.000000    13.2521655565      -7.307475912  
1973  8 19.000000    13.2767590662      -7.468165832  
1973  8 29.000000    13.3048866369      -7.642281337  
1973  9  8.000000    13.3372709772      -7.835940620  
1973  9 18.000000    13.3717822906      -8.055375226  
1973  9 28.000000    13.4090433889      -8.269172671  
1973 10  8.000000    13.4476842297      -8.509093679  
1973 10 18.000000    13.4867777390      -8.735776708  
1973 10 28.000000    13.5265334159      -8.968010162  
1973 11  7.000000    13.5646734349      -9.196056492  
1973 11 17.000000    13.6019504010      -9.400658271  
1973 11 27.000000    13.6364297684      -9.607906207  
1973 12  7.000000    13.6677374751      -9.776197676  
1973 12 17.000000    13.6956349207      -9.935398851  
1973 12 27.000000    13.7182294093     -10.062258430  
1974  1  6.000000    13.7366064737     -10.154225401  
1974  1 16.000000    13.7487407454     -10.229046151  
1974  1 26.000000    13.7554135466     -10.251053883  
1974  2  5.000000    13.7562904779     -10.259070453  
1974  2 15.000000    13.7507547218     -10.221267721  
1974  2 25.000000    13.7405751531     -10.155850796  
1974  3  7.000000    13.7244551131     -10.070596742  
1974  3 17.000000    13.7047648508      -9.944669614  
1974  3 27.000000    13.6814193314      -9.821095988  
1974  4  6.000000    13.6554946368      -9.665658475  
1974  4 16.000000    13.6290678755      -9.515379791  
1974  4 26.000000    13.6016828031      -9.364965865  
1974  5  6.000000    13.5763323260      -9.210951895  
1974  5 16.000000    13.5525965357      -9.088942119  
1974  5 26.000000    13.5321746613      -8.964689108  
1974  6  5.000000    13.5161017643      -8.881680924  
1974  6 15.000000    13.5039398490      -8.817534747  
1974  6 25.000000    13.4977485925      -8.781000117  
1974  7  5.000000    13.4961731439      -8.789142692  
1974  7 15.000000    13.5005443272      -8.810268834  
1974  7 25.000000    13.5103615225      -8.883132301  
1974  8  4.000000    13.5250415974      -8.971787294  
1974  8 14.000000    13.5454334669      -9.094312222  
1974  8 24.000000    13.5695919956      -9.248003662  
1974  9  3.000000    13.5985407066      -9.409988545  
1974  9 13.000000    13.6306906302      -9.610024690  
1974  9 23.000000    13.6656650819      -9.806967924  
1974 10  3.000000    13.7034243397     -10.027031735  
1974 10 13.000000    13.7419033998     -10.251012498  
1974 10 23.000000    13.7820222759     -10.469681683  
1974 11  2.000000    13.8214992471     -10.701575402  
1974 11 12.000000    13.8603882918     -10.907569335  
1974 11 22.000000    13.8979518506     -11.119701129  
1974 12  2.000000    13.9323841266     -11.306216811  
1974 12 12.000000    13.9645625196     -11.473905545  
1974 12 22.000000    13.9919466666     -11.628714050  
1975  1  1.000000    14.0152954185     -11.740181686  
1975  1 11.000000    14.0334495893     -11.843158911  
1975  1 21.000000    14.0455540737     -11.898956486  
1975  1 31.000000    14.0526418155     -11.931739281  
1975  2 10.000000    14.0527674238     -11.935051281  
1975  2 20.000000    14.0478699349     -11.894500086  
1975  3  2.000000    14.0369479596     -11.844112548  
1975  3 12.000000    14.0209337313     -11.746437245  
1975  3 22.000000    14.0011805567     -11.641865765  
1975  4  1.000000    13.9771179859     -11.513157233  
1975  4 11.000000    13.9517248209     -11.366886429  
1975  4 21.000000    13.9243131026     -11.229606220  
1975  5  1.000000    13.8972742067     -11.071737663  
1975  5 11.000000    13.8715221662     -10.940686496  
1975  5 21.000000    13.8473486677     -10.808390658  
1975  5 31.000000    13.8273217951     -10.697625803  
1975  6 10.000000    13.8103342813     -10.617417328  
1975  6 20.000000    13.7987214559     -10.546791557  
1975  6 30.000000    13.7919981399     -10.525835543  
1975  7 10.000000    13.7904072827     -10.516851665  
1975  7 20.000000    13.7950808245     -10.550004204  
1975  7 30.000000    13.8043316311     -10.613408808  
1975  8  9.000000    13.8197788464     -10.696083146  
1975  8 19.000000    13.8397285114     -10.823818149  
1975  8 29.000000    13.8643922173     -10.956555660  
1975  9  8.000000    13.8936260341     -11.127303328  
1975  9 18.000000    13.9256851638     -11.308299824  
1975  9 28.000000    13.9616166153     -11.501270613  
1975 10  8.000000    13.9990592766     -11.716695621  
1975 10 18.000000    14.0384825791     -11.920146178  
1975 10 28.000000    14.0787572950     -12.144333115  
1975 11  7.000000    14.1184894383     -12.351882961  
1975 11 17.000000    14.1582751752     -12.558147120  
1975 11 27.000000    14.1954612287     -12.758496762  
1975 12  7.000000    14.2309576178     -12.930101219  
1975 12 17.000000    14.2628911547     -13.102165486  
1975 12 27.000000    14.2906180944     -13.233772439  
1976  1  6.000000    14.3144363748     -13.353442040  
1976  1 16.000000    14.3320160803     -13.442777040  
1976  1 26.000000    14.3449744553     -13.495693014  
1976  2  5.000000    14.3513031200     -13.534975211  
1976  2 15.000000    14.3517776155     -13.523648308  
1976  2 25.000000    14.3467560476     -13.501598451  
1976  3  6.000000    14.3352422967     -13.440346274  
1976  3 16.000000    14.3197640808     -13.354604645  
1976  3 26.000000    14.2989732920     -13.257833439  
1976  4  5.000000    14.2753703055     -13.125332699  
1976  4 15.000000    14.2493771043     -13.002450683  
1976  4 25.000000    14.2216600349     -12.855625207  
1976  5  5.000000    14.1948503375     -12.717945331  
1976  5 15.000000    14.1681201890     -12.588651908  
1976  5 25.000000    14.1445365069     -12.458179240  
1976  6  4.000000    14.1236714516     -12.364537311  
1976  6 14.000000    14.1067943228     -12.271617873  
1976  6 24.000000    14.0951943028     -12.219425705  
1976  7  4.000000    14.0878240211     -12.188697290  
1976  7 14.000000    14.0869473021     -12.182089834  
1976  7 24.000000    14.0908593530     -12.219715653  
1976  8  3.000000    14.1006867414     -12.266935869  
1976  8 13.000000    14.1161164007     -12.361393545  
1976  8 23.000000    14.1359480861     -12.469118475  
1976  9  2.000000    14.1614628135     -12.603746589  
1976  9 12.000000    14.1902304046     -12.766535975  
1976  9 22.000000    14.2232981571     -12.930873175  
1976 10  2.000000    14.2592227116     -13.128247396  
1976 10 12.000000    14.2970760866     -13.317912255  
1976 10 22.000000    14.3373197016     -13.523561434  
1976 11  1.000000    14.3773643263     -13.730467576  
1976 11 11.000000    14.4182909661     -13.924960850  
1976 11 21.000000    14.4578540280     -14.129861505  
1976 12  1.000000    14.4957457593     -14.304851543  
1976 12 11.000000    14.5316748106     -14.481590362  
1976 12 21.000000    14.5633838669     -14.632635563  
1976 12 31.000000    14.5921189036     -14.760505967  
1977  1 10.000000    14.6152562801     -14.877155528  
1977  1 20.000000    14.6335707599     -14.949561131  
1977  1 30.000000    14.6463170940     -15.014519127  
1977  2  9.000000    14.6523633210     -15.036284357  
1977  2 19.000000    14.6534234717     -15.035834766  
1977  3  1.000000    14.6473647705     -15.012876962  
1977  3 11.000000    14.6365392462     -14.949059975  
1977  3 21.000000    14.6202945222     -14.882135921  
1977  3 31.000000    14.5993743166     -14.774790798  
1977  4 10.000000    14.5759089158     -14.665386896  
1977  4 20.000000    14.5489105630     -14.541195909  
1977  4 30.000000    14.5218227355     -14.403271738  
1977  5 10.000000    14.4939802948     -14.282373091  
1977  5 20.000000    14.4674523017     -14.145591515  
1977  5 30.000000    14.4436274314     -14.039104057  
1977  6  9.000000    14.4221251046     -13.936937169  
1977  6 19.000000    14.4058027166     -13.855534986  
1977  6 29.000000    14.3932284181     -13.808181298  
1977  7  9.000000    14.3864625581     -13.768593464  
1977  7 19.000000    14.3851817635     -13.777197500  
1977  7 29.000000    14.3890326873     -13.796940609  
1977  8  8.000000    14.3994365264     -13.852969626  
1977  8 18.000000    14.4142381488     -13.937967039  
1977  8 28.000000    14.4350982519     -14.035581289  
1977  9  7.000000    14.4602696223     -14.174068778  
1977  9 17.000000    14.4895910644     -14.312808461  
1977  9 27.000000    14.5232711239     -14.482322325  
1977 10  7.000000    14.5589877573     -14.658958189  
1977 10 17.000000    14.5981107362     -14.839673223  
1977 10 27.000000    14.6380442211     -15.039346431  
1977 11  6.000000    14.6790464077     -15.221325854  
1977 11 16.000000    14.7203598168     -15.418853859  
1977 11 26.000000    14.7599698986     -15.597445030  
1977 12  6.000000    14.7989652231     -15.768700846  
1977 12 16.000000    14.8343867557     -15.933945683  
1977 12 26.000000    14.8671176148     -16.066516245  
1978  1  5.000000    14.8956538807     -16.199138560  
1978  1 15.000000    14.9189073854     -16.292150383  
1978  1 25.000000    14.9377912910     -16.371773453  
1978  2  4.000000    14.9497348044     -16.425975282  
1978  2 14.000000    14.9566593187     -16.443764814  
1978  2 24.000000    14.9568629864     -16.453436717  
1978  3  6.000000    14.9510218198     -16.417009502  
1978  3 16.000000    14.9401602643     -16.373659270  
1978  3 26.000000    14.9230606443     -16.299793751  
1978  4  5.000000    14.9028357320     -16.204725109  
1978  4 15.000000    14.8781502888     -16.107682034  
1978  4 25.000000    14.8515830610     -15.980228962  
1978  5  5.000000    14.8239952980     -15.868270103  
1978  5 15.000000    14.7955830798     -15.739927591  
1978  5 25.000000    14.7695265597     -15.622949495  
1978  6  4.000000    14.7445293183     -15.521213095  
1978  6 14.000000    14.7236755585     -15.419024281  
1978  6 24.000000    14.7066299664     -15.356221475  
1978  7  4.000000    14.6940065316     -15.295361357  
1978  7 14.000000    14.6875330493     -15.272447508  
1978  7 24.000000    14.6854973554     -15.272095241  
1978  8  3.000000    14.6902453089     -15.290289297  
1978  8 13.000000    14.6999977349     -15.350959854  
1978  8 23.000000    14.7154032026     -15.416556914  
1978  9  2.000000    14.7365074468     -15.523247490  
1978  9 12.000000    14.7615233082     -15.640460136  
1978  9 22.000000    14.7919700258     -15.776081899  
1978 10  2.000000    14.8251886312     -15.936747508  
1978 10 12.000000    14.8620533518     -16.091996828  
1978 10 22.000000    14.9013181704     -16.274569390  
1978 11  1.000000    14.9415712395     -16.445830542  
1978 11 11.000000    14.9836573666     -16.625613172  
1978 11 21.000000    15.0245550008     -16.805039113  
1978 12  1.000000    15.0654781499     -16.965985468  
1978 12 11.000000    15.1042437773     -17.135336895  
1978 12 21.000000    15.1401651228     -17.272815948  
1978 12 31.000000    15.1735065960     -17.408858628  
1979  1 10.000000    15.2015011360     -17.521417392  
1979  1 20.000000    15.2258283987     -17.608280961  
1979  1 30.000000    15.2439231292     -17.687766986  
1979  2  9.000000    15.2564001695     -17.724320301  
1979  2 19.000000    15.2632155462     -17.756127941  
1979  3  1.000000    15.2628511506     -17.751188515  
1979  3 11.000000    15.2576840556     -17.725720417  
1979  3 21.000000    15.2456378755     -17.686570128  
1979  3 31.000000    15.2291714319     -17.610345659  
1979  4 10.000000    15.2082129061     -17.537887231  
1979  4 20.000000    15.1832210502     -17.432801380  
1979  4 30.000000    15.1569396246     -17.329145821  
1979  5 10.000000    15.1281502561     -17.220019337  
1979  5 20.000000    15.1004865925     -17.099613267  
1979  5 30.000000    15.0733618387     -17.002333495  
1979  6  9.000000    15.0484886252     -16.892943995  

