v15.04    Планета: Уран  (INPOP13C)
          Спутник: U3 Титани  (Emelyanov,Nikonchuk(2013),DOI:10.1093/mnras/stt1851..)
                            - эфемериды на инт. 1787/02/12.0-2032/01/09.0
   Обсерватория N:  84 - Pulkovo
    Шкала времени: UTC
Средний экватор и равноденствие эпохи J2000.  ICRF. 
Координаты астрометрические 
Год  Месяц День       alpha (h)          delta (º)
2007  8  1.000000    23.2867860476      -5.483285947  
2007  8  6.000000    23.2775604460      -5.526539849  
2007  8 11.000000    23.2680307029      -5.602266554  
2007  8 16.000000    23.2574573763      -5.664495760  
2007  8 21.000000    23.2463511576      -5.734165949  
2007  8 26.000000    23.2349523782      -5.817216057  
2007  8 31.000000    23.2227538021      -5.879178495  
2007  9  5.000000    23.2108515615      -5.972949996  
2007  9 10.000000    23.1982471363      -6.035625137  
2007  9 15.000000    23.1860791832      -6.123729700  
2007  9 20.000000    23.1738186393      -6.196009899  
2007  9 25.000000    23.1617708867      -6.266487634  
2007  9 30.000000    23.1504117694      -6.348298311  
2007 10  5.000000    23.1390550741      -6.401146998  
2007 10 10.000000    23.1288892952      -6.481085202  
2007 10 15.000000    23.1189390276      -6.525529591  
2007 10 20.000000    23.1101903582      -6.587572940  
2007 10 25.000000    23.1022738945      -6.632444210  
2007 10 30.000000    23.0952211530      -6.667221980  
2007 11  4.000000    23.0896523832      -6.712093156  
2007 11  9.000000    23.0847175856      -6.722438535  
2007 11 14.000000    23.0815697295      -6.756099755  
2007 11 19.000000    23.0792293534      -6.753138216  
2007 11 24.000000    23.0784584381      -6.761946520  
2007 11 29.000000    23.0789791833      -6.755426925  
2007 12  4.000000    23.0805913200      -6.733546267  
2007 12  9.000000    23.0839616121      -6.723064146  
2007 12 14.000000    23.0881104884      -6.676399390  
2007 12 19.000000    23.0940830190      -6.651942035  
2007 12 24.000000    23.1008935208      -6.593738853  
2007 12 29.000000    23.1091246654      -6.544348638  
2008  1  3.000000    23.1185506368      -6.484635970  
2008  1  8.000000    23.1288235620      -6.407472036  
2008  1 13.000000    23.1405893554      -6.345750032  
2008  1 18.000000    23.1527996455      -6.249541152  
2008  1 23.000000    23.1664126662      -6.176753243  
2008  1 28.000000    23.1804578807      -6.075828984  
2008  2  2.000000    23.1954288769      -5.982771850  
2008  2  7.000000    23.2111091133      -5.886592663  
2008  2 12.000000    23.2270811685      -5.772986157  
2008  2 17.000000    23.2439681043      -5.680509951  
2008  2 22.000000    23.2607074903      -5.557004576  
2008  2 27.000000    23.2782371382      -5.459160218  
2008  3  3.000000    23.2955929776      -5.340071710  
2008  3  8.000000    23.3132378482      -5.228881059  
2008  3 13.000000    23.3309528867      -5.122695440  
2008  3 18.000000    23.3483035416      -4.999886578  
2008  3 23.000000    23.3659342590      -4.904220527  
2008  3 28.000000    23.3827794718      -4.781344170  
2008  4  2.000000    23.3997957471      -4.686488972  
2008  4  7.000000    23.4160074483      -4.577528593  
2008  4 12.000000    23.4318828852      -4.476493312  
2008  4 17.000000    23.4472304130      -4.388411600  
2008  4 22.000000    23.4616138066      -4.284136766  
2008  4 27.000000    23.4757368463      -4.212478672  
2008  5  2.000000    23.4885029314      -4.117097562  
2008  5  7.000000    23.5009168558      -4.051434626  
2008  5 12.000000    23.5120059884      -3.978255465  
2008  5 17.000000    23.5222601377      -3.912030541  
2008  5 22.000000    23.5315668258      -3.865648360  
2008  5 27.000000    23.5394494428      -3.802576666  
2008  6  1.000000    23.5467121297      -3.776328907  
2008  6  6.000000    23.5522203603      -3.728881911  
2008  6 11.000000    23.5570527129      -3.711211780  
2008  6 16.000000    23.5603015362      -3.691107338  
2008  6 21.000000    23.5624410189      -3.675273327  
2008  6 26.000000    23.5634994238      -3.684335057  
2008  7  1.000000    23.5629231713      -3.674627515  
2008  7  6.000000    23.5616701929      -3.703589828  
2008  7 11.000000    23.5586105080      -3.711963463  
2008  7 16.000000    23.5548866396      -3.747426699  
2008  7 21.000000    23.5497243910      -3.783264141  
2008  7 26.000000    23.5435171828      -3.818214822  
2008  7 31.000000    23.5365175789      -3.880202157  
2008  8  5.000000    23.5280865660      -3.919003570  
2008  8 10.000000    23.5193670122      -3.994679710  
2008  8 15.000000    23.5092768470      -4.047977468  
2008  8 20.000000    23.4989444136      -4.122320049  
2008  8 25.000000    23.4878080119      -4.197096590  
2008  8 30.000000    23.4761139762      -4.263136695  
2008  9  4.000000    23.4643919490      -4.354779352  
2008  9  9.000000    23.4519067229      -4.416748444  
2008  9 14.000000    23.4399120329      -4.510344879  
2008  9 19.000000    23.4273994865      -4.578226471  
2008  9 24.000000    23.4153768913      -4.658587435  
2008  9 29.000000    23.4035292349      -4.737514991  
2008 10  4.000000    23.3918933962      -4.798596981  
2008 10  9.000000    23.3812069155      -4.881868557  
2008 10 14.000000    23.3706028306      -4.929273971  
2008 10 19.000000    23.3613201961      -5.001794366  
2008 10 24.000000    23.3524254928      -5.046084984  
2008 10 29.000000    23.3447216257      -5.094229138  
2008 11  3.000000    23.3380789959      -5.139856398  
2008 11  8.000000    23.3322704630      -5.160363577  
2008 11 13.000000    23.3281129212      -5.200640965  
2008 11 18.000000    23.3246109496      -5.201938890  
2008 11 23.000000    23.3229029341      -5.223249967  
2008 11 28.000000    23.3221103765      -5.217008666  
2008 12  3.000000    23.3227944490      -5.208592708  
2008 12  8.000000    23.3249077450      -5.199646003  
2008 12 13.000000    23.3279985053      -5.162095148  
2008 12 18.000000    23.3328838968      -5.144562785  
2008 12 23.000000    23.3384915982      -5.088881691  
2008 12 28.000000    23.3458409517      -5.050815903  
2009  1  2.000000    23.3540653717      -4.989657291  
2009  1  7.000000    23.3635425836      -4.923566991  
2009  1 12.000000    23.3742536032      -4.862019207  
2009  1 17.000000    23.3856229863      -4.771642115  
2009  1 22.000000    23.3984592288      -4.703890469  
2009  1 27.000000    23.4116380819      -4.601930783  
2009  2  1.000000    23.4260982622      -4.517500741  
2009  2  6.000000    23.4409699277      -4.417031066  
2009  2 11.000000    23.4565484006      -4.310946088  
2009  2 16.000000    23.4728407543      -4.216193650  
2009  2 21.000000    23.4892155473      -4.094226042  
2009  2 26.000000    23.5064798248      -3.998854788  
2009  3  3.000000    23.5234685827      -3.874838112  
2009  3  8.000000    23.5411111431      -3.769295968  
2009  3 13.000000    23.5585384718      -3.655709875  
2009  3 18.000000    23.5760372364      -3.536507720  
2009  3 23.000000    23.5936363581      -3.435955587  
2009  3 28.000000    23.6106596067      -3.310449483  
2009  4  2.000000    23.6279551988      -3.215771210  
2009  4  7.000000    23.6443207859      -3.098257162  
2009  4 12.000000    23.6607391476      -2.999998908  
2009  4 17.000000    23.6763426962      -2.901573109  
2009  4 22.000000    23.6914104971      -2.797341934  
2009  4 27.000000    23.7060204212      -2.718806117  
2009  5  2.000000    23.7194432185      -2.617252140  
2009  5  7.000000    23.7326276273      -2.550004074  
2009  5 12.000000    23.7443360080      -2.465116667  
2009  5 17.000000    23.7556106494      -2.399361725  
2009  5 22.000000    23.7656025456      -2.340626792  
2009  5 27.000000    23.7745633034      -2.275019059  
2009  6  1.000000    23.7826856640      -2.240946416  
2009  6  6.000000    23.7891805049      -2.184693790  
2009  6 11.000000    23.7951327619      -2.164635526  
2009  6 16.000000    23.7992719912      -2.131012410  
2009  6 21.000000    23.8026821979      -2.114823217  
2009  6 26.000000    23.8046051055      -2.111220554  
2009  7  1.000000    23.8052412092      -2.097945298  
2009  7  6.000000    23.8049807546      -2.119756144  
2009  7 11.000000    23.8029509274      -2.118547439  
2009  7 16.000000    23.8003788795      -2.152937046  
2009  7 21.000000    23.7960191009      -2.175867718  
2009  7 26.000000    23.7909642779      -2.211891598  
2009  7 31.000000    23.7846616789      -2.263300930  
2009  8  5.000000    23.7772067286      -2.299781011  
2009  8 10.000000    23.7692284395      -2.371631157  
2009  8 15.000000    23.7597762692      -2.417434130  
2009  8 20.000000    23.7501979824      -2.494705296  
2009  8 25.000000    23.7393678589      -2.559961613  
2009  8 30.000000    23.7283146804      -2.630732474  
2009  9  4.000000    23.7167495740      -2.716470522  
2009  9  9.000000    23.7045930592      -2.779836135  
2009  9 14.000000    23.6927064993      -2.875303825  
2009  9 19.000000    23.6800870100      -2.939914378  
2009  9 24.000000    23.6681252391      -3.028557571  
2009  9 29.000000    23.6558532168      -3.102830760  
2009 10  4.000000    23.6441061504      -3.173264582  
2009 10  9.000000    23.6328440274      -3.256364913  
2009 10 14.000000    23.6217654090      -3.309258989  
2009 10 19.000000    23.6118865677      -3.389112396  
2009 10 24.000000    23.6021544633      -3.433816058  
2009 10 29.000000    23.5938576782      -3.494473111  
2009 11  3.000000    23.5861487729      -3.539419591  
2009 11  8.000000    23.5795919321      -3.572220535  
2009 11 13.000000    23.5743223088      -3.616192585  
2009 11 18.000000    23.5698159922      -3.624583302  
2009 11 23.000000    23.5671164141      -3.655926838  
2009 11 28.000000    23.5650961312      -3.651259625  
2009 12  3.000000    23.5648664601      -3.656677875  
2009 12  8.000000    23.5656557660      -3.648269383  
2009 12 13.000000    23.5677846319      -3.622631494  
2009 12 18.000000    23.5714739285      -3.609403871  
2009 12 23.000000    23.5760062992      -3.559347254  
2009 12 28.000000    23.5823830528      -3.531115627  
2010  1  2.000000    23.5894177541      -3.470078457  
2010  1  7.000000    23.5980835169      -3.416255702  
2010  1 12.000000    23.6076551966      -3.353782695  
2010  1 17.000000    23.6182814688      -3.272331787  
2010  1 22.000000    23.6302096452      -3.207413608  
2010  1 27.000000    23.6425957435      -3.107787890  
2010  2  1.000000    23.6564235463      -3.031198384  
2010  2  6.000000    23.6704755018      -2.927733463  
2010  2 11.000000    23.6856643309      -2.830674197  
2010  2 16.000000    23.7012730019      -2.732363903  
2010  2 21.000000    23.7173545737      -2.615411670  
2010  2 26.000000    23.7341890360      -2.520656660  
2010  3  3.000000    23.7508617288      -2.394955263  
2010  3  8.000000    23.7683983949      -2.294467854  
2010  3 13.000000    23.7855395890      -2.174252928  
2010  3 18.000000    23.8031899364      -2.060560007  
2010  3 23.000000    23.8206361887      -1.953778197  
2010  3 28.000000    23.8378895861      -1.829293917  
2010  4  2.000000    23.8553029855      -1.732869265  
2010  4  7.000000    23.8718980760      -1.609530316  
2010  4 12.000000    23.8887741143      -1.513633564  
2010  4 17.000000    23.9046138859      -1.405285440  
2010  4 22.000000    23.9203544267      -1.303393010  
2010  4 27.000000    23.9353159521      -1.216260287  
2010  5  2.000000    23.9494770577      -1.111916817  
2010  5  7.000000    23.9632978967      -1.040893231  
2010  5 12.000000    23.9757041521      -0.946615128  
2010  5 17.000000    23.9879035759      -0.881232596  
2010  5 22.000000    23.9985404091      -0.810001342  
2010  5 27.000000     0.0085955820      -0.744114648  
2010  6  1.000000     0.0174721630      -0.699739736  
2010  6  6.000000     0.0250722000      -0.637749857  
2010  6 11.000000     0.0320074639      -0.613035056  
2010  6 16.000000     0.0371058285      -0.567698339  
2010  6 21.000000     0.0417126840      -0.551005170  
2010  6 26.000000     0.0444910933      -0.533576306  
2010  7  1.000000     0.0464240651      -0.518718629  
2010  7  6.000000     0.0470621779      -0.530314606  
2010  7 11.000000     0.0461943237      -0.522298114  
2010  7 16.000000     0.0446499021      -0.553070760  
2010  7 21.000000     0.0411960616      -0.563960293  
2010  7 26.000000     0.0373017586      -0.600544296  
2010  7 31.000000     0.0317187150      -0.639272257  
2010  8  5.000000     0.0253627762      -0.675353961  
2010  8 10.000000     0.0180318915      -0.739819705  
2010  8 15.000000     0.0093870023      -0.780333220  
2010  8 20.000000     0.0005070146      -0.857499584  
2010  8 25.000000    23.9901352697      -0.913160564  
2010  8 30.000000    23.9797817035      -0.988244447  
2010  9  4.000000    23.9683795890      -1.065487570  
2010  9  9.000000    23.9567035834      -1.132150716  
2010  9 14.000000    23.9448593727      -1.225460004  
2010  9 19.000000    23.9323531521      -1.288465126  
2010  9 24.000000    23.9204372626      -1.382540968  
2010  9 29.000000    23.9078613465      -1.451887508  
2010 10  4.000000    23.8960656824      -1.531816688  
2010 10  9.000000    23.8842106226      -1.611902432  
2010 10 14.000000    23.8728441386      -1.672292844  
2010 10 19.000000    23.8623164876      -1.755634742  
2010 10 24.000000    23.8519320221      -1.802672700  
2010 10 29.000000    23.8429973063      -1.873933984  
2010 11  3.000000    23.8342799543      -1.918027698  
2010 11  8.000000    23.8270450330      -1.963943173  
2010 11 13.000000    23.8206308148      -2.008858162  
2010 11 18.000000    23.8152838609      -2.026995989  
2010 11 23.000000    23.8114854128      -2.065459669  
2010 11 28.000000    23.8083477339      -2.064760067  
2010 12  3.000000    23.8071396687      -2.083002702  
2010 12  8.000000    23.8066338138      -2.074962406  
2010 12 13.000000    23.8078684339      -2.062836586  
2010 12 18.000000    23.8102724211      -2.051753590  
2010 12 23.000000    23.8138302938      -2.010720577  
2010 12 28.000000    23.8190883125      -1.990159877  
2011  1  2.000000    23.8250156350      -1.931652472  
2011  1  7.000000    23.8328181815      -1.889728701  
2011  1 12.000000    23.8412420717      -1.826288446  
2011  1 17.000000    23.8511521009      -1.756231974  
2011  1 22.000000    23.8620345811      -1.692353574  
2011  1 27.000000    23.8737079603      -1.598656408  
2011  2  1.000000    23.8867710298      -1.528035599  
2011  2  6.000000    23.9000781673      -1.423818639  
2011  2 11.000000    23.9148060173      -1.336174199  
2011  2 16.000000    23.9296745038      -1.234271916  
2011  2 21.000000    23.9454733437      -1.125239972  
2011  2 26.000000    23.9617433416      -1.029176772  
2011  3  3.000000    23.9781983661      -0.905240103  
2011  3  8.000000    23.9954942561      -0.808297677  
2011  3 13.000000     0.0123881007      -0.683589557  
2011  3 18.000000     0.0300996951      -0.576320997  
2011  3 23.000000     0.0473277547      -0.462859370  
2011  3 28.000000     0.0648515324      -0.342354125  
2011  4  2.000000     0.0822588179      -0.242075105  
2011  4  7.000000     0.0991687645      -0.116371184  
2011  4 12.000000     0.1163421119      -0.021670718  
2011  4 17.000000     0.1324434843       0.094874870  
2011  4 22.000000     0.1487916278       0.193367567  
2011  4 27.000000     0.1640608232       0.290165953  
2011  5  2.000000     0.1790153485       0.394188129  
2011  5  7.000000     0.1933221486       0.471136357  
2011  5 12.000000     0.2065019806       0.571508625  
2011  5 17.000000     0.2194765469       0.637704421  
2011  5 22.000000     0.2308150133       0.720463010  
2011  5 27.000000     0.2419374785       0.785476417  
2011  6  1.000000     0.2515108235       0.841651023  
2011  6  6.000000     0.2602711394       0.906178465  
2011  6 11.000000     0.2680347674       0.938065867  
2011  6 16.000000     0.2742090782       0.992450261  
2011  6 21.000000     0.2799132360       1.011058603  
2011  6 26.000000     0.2836187853       1.042033191  
2011  7  1.000000     0.2868343977       1.057170239  
2011  7  6.000000     0.2883023188       1.057996511  
2011  7 11.000000     0.2887006343       1.070010091  
2011  7 16.000000     0.2880786367       1.046061374  
2011  7 21.000000     0.2856999953       1.045286556  
2011  7 26.000000     0.2828911688       1.009609396  
2011  7 31.000000     0.2780928145       0.984097762  
2011  8  5.000000     0.2728698836       0.947299089  
2011  8 10.000000     0.2661557232       0.893464505  
2011  8 15.000000     0.2585044210       0.856013690  
2011  8 20.000000     0.2502469409       0.782549542  
2011  8 25.000000     0.2405082340       0.735114903  
2011  8 30.000000     0.2308088940       0.657249019  
2011  9  4.000000     0.2196545905       0.590021975  
2011  9  9.000000     0.2085774901       0.519231073  
2011  9 14.000000     0.1967687996       0.431902450  
2011  9 19.000000     0.1845763801       0.368319554  
2011  9 24.000000     0.1726223582       0.272323936  
2011  9 29.000000     0.1599135955       0.207025729  
2011 10  4.000000     0.1480768468       0.119041104  
2011 10  9.000000     0.1357214288       0.043961197  
2011 10 14.000000     0.1241995385      -0.025253725  
2011 10 19.000000     0.1129645663      -0.108525005  
2011 10 24.000000     0.1021010049      -0.160323234  
2011 10 29.000000     0.0924458227      -0.239070016  
2011 11  3.000000     0.0828820388      -0.283044340  
2011 11  8.000000     0.0749831352      -0.341452420  
2011 11 13.000000     0.0674411974      -0.385686540  
2011 11 18.000000     0.0613418544      -0.415782453  
2011 11 23.000000     0.0563411627      -0.458276628  
2011 11 28.000000     0.0522434991      -0.464207448  
2011 12  3.000000     0.0499723247      -0.492924803  
2011 12  8.000000     0.0482671849      -0.486335159  
2011 12 13.000000     0.0485720890      -0.488278446  
2011 12 18.000000     0.0496388350      -0.478038019  
2011 12 23.000000     0.0522966159      -0.448807682  
2011 12 28.000000     0.0563242140      -0.433216519  
2012  1  2.000000     0.0612698084      -0.380234967  
2012  1  7.000000     0.0680797346      -0.348880853  
2012  1 12.000000     0.0753840083      -0.285748355  
2012  1 17.000000     0.0845289367      -0.228369057  
2012  1 22.000000     0.0943035823      -0.164170237  
2012  1 27.000000     0.1053435612      -0.079558464  
2012  2  1.000000     0.1174990333      -0.012732182  
2012  2  6.000000     0.1301365812       0.088986046  
2012  2 11.000000     0.1442540387       0.167920294  
2012  2 16.000000     0.1584020672       0.272415892  
2012  2 21.000000     0.1738948780       0.371859229  
2012  2 26.000000     0.1895276367       0.470610261  
2012  3  2.000000     0.2058167262       0.589201066  
2012  3  7.000000     0.2226986836       0.684453201  
2012  3 12.000000     0.2394148925       0.810596937  
2012  3 17.000000     0.2570640330       0.911886031  
2012  3 22.000000     0.2741057388       1.031410488  
2012  3 27.000000     0.2918713709       1.145765553  
2012  4  1.000000     0.3091639278       1.251336697  
2012  4  6.000000     0.3264362353       1.375731791  
2012  4 11.000000     0.3437460494       1.471142500  
2012  4 16.000000     0.3602097610       1.593252720  
2012  4 21.000000     0.3770543453       1.688476202  
2012  4 26.000000     0.3926364182       1.794637035  
2012  5  1.000000     0.4083484940       1.895828267  
2012  5  6.000000     0.4230304220       1.980564751  
2012  5 11.000000     0.4370730870       2.083594761  
2012  5 16.000000     0.4506855278       2.152641273  
2012  5 21.000000     0.4628265394       2.244633277  
2012  5 26.000000     0.4748927128       2.308583778  
2012  5 31.000000     0.4851597354       2.376905091  
2012  6  5.000000     0.4950871880       2.441523068  
2012  6 10.000000     0.5035986939       2.483085809  
2012  6 15.000000     0.5109740794       2.543303205  
2012  6 20.000000     0.5176258409       2.565878014  
2012  6 25.000000     0.5223575226       2.608700918  
2012  6 30.000000     0.5267662729       2.624035019  
2012  7  5.000000     0.5290988312       2.638596708  
2012  7 10.000000     0.5308360867       2.652327802  
2012  7 15.000000     0.5310547121       2.638203671  
2012  7 20.000000     0.5298900549       2.644676542  
2012  7 25.000000     0.5280351439       2.612305987  
2012  7 30.000000     0.5241669988       2.599297582  
2012  8  4.000000     0.5200656521       2.561983878  
2012  8  9.000000     0.5140221715       2.520950532  
2012  8 14.000000     0.5074667093       2.484371576  
2012  8 19.000000     0.4997469221       2.418184409  
2012  8 24.000000     0.4908295949       2.376825563  
2012  8 29.000000     0.4817180290       2.299031064  
2012  9  3.000000     0.4709961823       2.242016934  
2012  9  8.000000     0.4605409125       2.167188566  
2012  9 13.000000     0.4487950940       2.088606270  
2012  9 18.000000     0.4370561377       2.022462752  
2012  9 23.000000     0.4250069914       1.928639852  
2012  9 28.000000     0.4124007950       1.865801924  
2012 10  3.000000     0.4004774601       1.772391741  
2012 10  8.000000     0.3877617869       1.702817656  
2012 10 13.000000     0.3761120853       1.624477791  
2012 10 18.000000     0.3641783909       1.544410619  
2012 10 23.000000     0.3530119667       1.485820701  
2012 10 28.000000     0.3425751088       1.403434929  
2012 11  2.000000     0.3323528596       1.357791332  
2012 11  7.000000     0.3237066196       1.288687281  
2012 11 12.000000     0.3151227019       1.245671912  
2012 11 17.000000     0.3083124517       1.202714304  
2012 11 22.000000     0.3020929677       1.159138889  
2012 11 27.000000     0.2971789989       1.143897158  
2012 12  2.000000     0.2937153680       1.107630062  
2012 12  7.000000     0.2909319382       1.110648305  
2012 12 12.000000     0.2902135197       1.095592945  
2012 12 17.000000     0.2899997841       1.105455138  
2012 12 22.000000     0.2917897831       1.121127321  
2012 12 27.000000     0.2944997286       1.134066836  
2013  1  1.000000     0.2985480665       1.178190270  
2013  1  6.000000     0.3042060242       1.201205651  
2013  1 11.000000     0.3104942815       1.261875839  
2013  1 16.000000     0.3187892445       1.306779849  
2013  1 21.000000     0.3274656322       1.371564624  
2013  1 26.000000     0.3378621248       1.444492495  
2013  1 31.000000     0.3489796218       1.509520106  
2013  2  5.000000     0.3610285196       1.605251913  
2013  2 10.000000     0.3743903327       1.677300238  
2013  2 15.000000     0.3879100632       1.782306126  
2013  2 20.000000     0.4029863228       1.871554058  
2013  2 25.000000     0.4179450616       1.973286062  
2013  3  2.000000     0.4340586896       2.083558301  
2013  3  7.000000     0.4504061865       2.179178122  
2013  3 12.000000     0.4670466174       2.303302883  
2013  3 17.000000     0.4844764816       2.399968067  
2013  3 22.000000     0.5013878463       2.523590428  
2013  3 27.000000     0.5192763092       2.630721247  
2013  4  1.000000     0.5364221416       2.742277199  
2013  4  6.000000     0.5540845792       2.862243444  
2013  4 11.000000     0.5714134638       2.960466839  
2013  4 16.000000     0.5883266099       3.084646006  
2013  4 21.000000     0.6054876465       3.177642001  
2013  4 26.000000     0.6214420577       3.291635244  
2013  5  1.000000     0.6378282431       3.388722573  
2013  5  6.000000     0.6528728361       3.482417669  
2013  5 11.000000     0.6678173594       3.584762606  
2013  5 16.000000     0.6819194124       3.658781143  
2013  5 21.000000     0.6949548138       3.756740882  
2013  5 26.000000     0.7078072092       3.820670821  
2013  5 31.000000     0.7188643894       3.900280957  
2013  6  5.000000     0.7299088074       3.963508714  
2013  6 10.000000     0.7391346310       4.016316906  
2013  6 15.000000     0.7477573475       4.078992547  
2013  6 20.000000     0.7552154235       4.108060708  
2013  6 25.000000     0.7611195694       4.160078541  
2013  6 30.000000     0.7666088256       4.176753389  
2013  7  5.000000     0.7699110341       4.204857020  
2013  7 10.000000     0.7729472457       4.218700504  
2013  7 15.000000     0.7739701883       4.216757618  
2013  7 20.000000     0.7741317747       4.227537676  
2013  7 25.000000     0.7731359359       4.201599843  
2013  7 30.000000     0.7703919901       4.199153830  
2013  8  4.000000     0.7673127247       4.162515251  
2013  8  9.000000     0.7620417679       4.135001033  
2013  8 14.000000     0.7566039275       4.097963415  
2013  8 19.000000     0.7494264266       4.042425655  
2013  8 24.000000     0.7415202625       4.004754722  
2013  8 29.000000     0.7329138710       3.930512185  
2013  9  3.000000     0.7228203531       3.882438448  
2013  9  8.000000     0.7129209874       3.804927398  
2013  9 13.000000     0.7013679641       3.736858021  
2013  9 18.000000     0.6901840349       3.667084816  
2013  9 23.000000     0.6780486486       3.579342435  
2013  9 28.000000     0.6657380614       3.516726018  
2013 10  3.000000     0.6536306395       3.421384754  
2013 10  8.000000     0.6407569998       3.356663680  
2013 10 13.000000     0.6289635044       3.270464429  
2013 10 18.000000     0.6164523552       3.195809909  
2013 10 23.000000     0.6050820599       3.128926042  
2013 10 28.000000     0.5938069420       3.046622846  
2013 11  2.000000     0.5830997848       2.996997065  
2013 11  7.000000     0.5736105605       2.920312691  
2013 11 12.000000     0.5641701552       2.878015335  
2013 11 17.000000     0.5566215819       2.822618652  
2013 11 22.000000     0.5492129598       2.779869381  
2013 11 27.000000     0.5435406542       2.753070299  
2013 12  2.000000     0.5387871655       2.712556100  
2013 12  7.000000     0.5350867286       2.709460724  
2013 12 12.000000     0.5332319318       2.683552247  
2013 12 17.000000     0.5318448527       2.692210775  
2013 12 22.000000     0.5326868814       2.693654871  
2013 12 27.000000     0.5340480095       2.705588071  
2014  1  1.000000     0.5372558832       2.738052232  
2014  1  6.000000     0.5416486692       2.755522234  
2014  1 11.000000     0.5470442054       2.810830142  
2014  1 16.000000     0.5543242225       2.844519362  
2014  1 21.000000     0.5619509382       2.908922179  
2014  1 26.000000     0.5716272094       2.968797922  
2014  1 31.000000     0.5816688526       3.033621798  
2014  2  5.000000     0.5931893011       3.120121327  
2014  2 10.000000     0.6056428815       3.187503813  
2014  2 15.000000     0.6186139531       3.289910622  
2014  2 20.000000     0.6331026057       3.369622664  
2014  2 25.000000     0.6474412785       3.473603405  
2014  3  2.000000     0.6633298730       3.573696089  
2014  3  7.000000     0.6790864905       3.671214492  
2014  3 12.000000     0.6956857800       3.789669187  
2014  3 17.000000     0.7127199395       3.883634958  
2014  3 22.000000     0.7295940726       4.008449699  
2014  3 27.000000     0.7474644409       4.108650645  
2014  4  1.000000     0.7645241388       4.225734344  
2014  4  6.000000     0.7825173981       4.338880693  
2014  4 11.000000     0.7997729988       4.441519696  
2014  4 16.000000     0.8171827700       4.564053407  
2014  4 21.000000     0.8345035867       4.656716639  
2014  4 26.000000     0.8509543981       4.775964211  
2014  5  1.000000     0.8678761416       4.868833018  
2014  5  6.000000     0.8833136796       4.971344701  
2014  5 11.000000     0.8991028406       5.070288471  
2014  5 16.000000     0.9136102293       5.151277093  
2014  5 21.000000     0.9276357098       5.251644541  
2014  5 26.000000     0.9411301011       5.317453589  
2014  5 31.000000     0.9530969026       5.406084917  
2014  6  5.000000     0.9651074417       5.467491021  
2014  6 10.000000     0.9750828941       5.532062064  
2014  6 15.000000     0.9849499421       5.594495704  
2014  6 20.000000     0.9931552840       5.632570158  
2014  6 25.000000     1.0003581931       5.690399544  
2014  6 30.000000     1.0067648088       5.710324361  
2014  7  5.000000     1.0111672435       5.750339616  
2014  7 10.000000     1.0153996369       5.763967137  
2014  7 15.000000     1.0173044836       5.775614833  
2014  7 20.000000     1.0188499202       5.788121795  
2014  7 25.000000     1.0186433595       5.771620552  
2014  7 30.000000     1.0171713536       5.776780730  
2014  8  4.000000     1.0149812320       5.743102315  
2014  8  9.000000     1.0106733040       5.728492697  
2014  8 14.000000     1.0063230918       5.690892718  
2014  8 19.000000     0.9997740536       5.648300398  
2014  8 24.000000     0.9929650030       5.611910956  
2014  8 29.000000     0.9847958931       5.544885140  
2014  9  3.000000     0.9755455415       5.503616513  
2014  9  8.000000     0.9661295953       5.426125127  
2014  9 13.000000     0.9549880431       5.368907523  
2014  9 18.000000     0.9443510386       5.295365559  
2014  9 23.000000     0.9321855288       5.216718337  
2014  9 28.000000     0.9203065556       5.152249573  
2014 10  3.000000     0.9079731286       5.059155899  
2014 10  8.000000     0.8951929257       4.997751063  
2014 10 13.000000     0.8831819630       4.906196587  
2014 10 18.000000     0.8702574341       4.837725434  
2014 10 23.000000     0.8586823046       4.762112451  
2014 10 28.000000     0.8466080675       4.683303972  
2014 11  2.000000     0.8355821652       4.627590009  
2014 11  7.000000     0.8251785447       4.547219860  
2014 11 12.000000     0.8150723379       4.503999759  
2014 11 17.000000     0.8066673486       4.437895786  
2014 11 22.000000     0.7981852968       4.396840573  
2014 11 27.000000     0.7917678227       4.357446283  
2014 12  2.000000     0.7857201754       4.315834458  
2014 12  7.000000     0.7812226457       4.303914197  
2014 12 12.000000     0.7780810347       4.270161106  
2014 12 17.000000     0.7756533347       4.275723904  
2014 12 22.000000     0.7754258648       4.263821429  
2014 12 27.000000     0.7755192143       4.275464815  
2015  1  1.000000     0.7778790891       4.294361181  
2015  1  6.000000     0.7809198548       4.308816242  
2015  1 11.000000     0.7854918199       4.355480486  
2015  1 16.000000     0.7915863577       4.380249169  
2015  1 21.000000     0.7982858004       4.442308443  
2015  1 26.000000     0.8071204782       4.489171613  
2015  1 31.000000     0.8161102045       4.554311720  
2015  2  5.000000     0.8270559895       4.628866440  
2015  2 10.000000     0.8384804431       4.693796343  
2015  2 15.000000     0.8509849028       4.790157079  
2015  2 20.000000     0.8647254852       4.862119310  
2015  2 25.000000     0.8785493173       4.966415840  
2015  3  2.000000     0.8940629126       5.055566268  
2015  3  7.000000     0.9092135534       5.155539361  
2015  3 12.000000     0.9257444984       5.265247757  
2015  3 17.000000     0.9422763217       5.358692643  
2015  3 22.000000     0.9592141173       5.481206315  
2015  3 27.000000     0.9768863176       5.575754497  
2015  4  1.000000     0.9939339774       5.696559057  
2015  4  6.000000     1.0121136127       5.801657443  
2015  4 11.000000     1.0292986346       5.909598336  
2015  4 16.000000     1.0472173764       6.027174653  
2015  4 21.000000     1.0645841492       6.121644822  
2015  4 26.000000     1.0816195079       6.242615199  
2015  5  1.000000     1.0988803595       6.332212796  
2015  5  6.000000     1.1148061898       6.442148532  
2015  5 11.000000     1.1313381787       6.536185809  
2015  5 16.000000     1.1462661476       6.625423459  
2015  5 21.000000     1.1613023531       6.724639463  
2015  5 26.000000     1.1752948242       6.794479418  
2015  5 31.000000     1.1882818273       6.888843528  
2015  6  5.000000     1.2010954038       6.949325954  
2015  6 10.000000     1.2119544577       7.024878934  
2015  6 15.000000     1.2229895524       7.085302948  
2015  6 20.000000     1.2319331909       7.134075504  
2015  6 25.000000     1.2404759102       7.194153096  
2015  6 30.000000     1.2476760460       7.219860718  
2015  7  5.000000     1.2533546365       7.269094276  
2015  7 10.000000     1.2586557067       7.283429818  
2015  7 15.000000     1.2615799578       7.308586456  
2015  7 20.000000     1.2644477179       7.320946485  
2015  7 25.000000     1.2650319342       7.316381039  
2015  7 30.000000     1.2649550364       7.326025437  
2015  8  4.000000     1.2635699589       7.298387059  
2015  8  9.000000     1.2604423587       7.294725382  
2015  8 14.000000     1.2570588178       7.257556175  
2015  8 19.000000     1.2512823816       7.228792237  
2015  8 24.000000     1.2455847708       7.192121050  
2015  8 29.000000     1.2378947717       7.135800024  
2015  9  3.000000     1.2296786294       7.098779386  
2015  9  8.000000     1.2206580379       7.024762511  
2015  9 13.000000     1.2101484372       6.977199099  
2015  9 18.000000     1.1999775049       6.901086713  
2015  9 23.000000     1.1879589677       6.833485480  
2015  9 28.000000     1.1765938941       6.765859556  
2015 10  3.000000     1.1640574136       6.679057984  
2015 10  8.000000     1.1515569836       6.618680039  
2015 10 13.000000     1.1392218311       6.525273119  
2015 10 18.000000     1.1261188635       6.462489422  
2015 10 23.000000     1.1142979293       6.379237796  
2015 10 28.000000     1.1015697560       6.306362985  
2015 11  2.000000     1.0902893608       6.242909659  
2015 11  7.000000     1.0789186736       6.162778118  
2015 11 12.000000     1.0683221615       6.116372173  
2015 11 17.000000     1.0589520027       6.042683622  
2015 11 22.000000     1.0496009086       6.003021358  
2015 11 27.000000     1.0423662975       5.951311434  
2015 12  2.000000     1.0350678730       5.910821367  
2015 12  7.000000     1.0298037987       5.887773040  
2015 12 12.000000     1.0252860976       5.849684027  
2015 12 17.000000     1.0219808433       5.849684335  
2015 12 22.000000     1.0205395512       5.826662096  
2015 12 27.000000     1.0194827952       5.837458098  