v15.04    Планета: Уран  (INPOP13C)
          Спутник: U4 Оберон  (Emelyanov,Nikonchuk(2013),DOI:10.1093/mnras/stt1851..)
                            - эфемериды на инт. 1787/02/12.0-2032/01/09.0
   Обсерватория N:  84 - Pulkovo
    Шкала времени: UTC
Средний экватор и равноденствие эпохи J2000.  ICRF. 
Координаты астрометрические 
Год  Месяц День       alpha (h)          delta (º)
2007  8  1.000000    23.2867373642      -5.480893888  
2007  8  6.000000    23.2777474942      -5.536569494  
2007  8 11.000000    23.2677665335      -5.587799789  
2007  8 16.000000    23.2576717863      -5.676321666  
2007  8 21.000000    23.2463088821      -5.731922984  
2007  8 26.000000    23.2347777130      -5.807344362  
2007  8 31.000000    23.2230834804      -5.897580749  
2007  9  5.000000    23.2105101772      -5.954181152  
2007  9 10.000000    23.1984520001      -6.046557947  
2007  9 15.000000    23.1860911089      -6.124719134  
2007  9 20.000000    23.1736212490      -6.185395498  
2007  9 25.000000    23.1620420382      -6.280246728  
2007  9 30.000000    23.1502022110      -6.338575048  
2007 10  5.000000    23.1391289964      -6.403703057  
2007 10 10.000000    23.1289397264      -6.484004631  
2007 10 15.000000    23.1188497028      -6.522357725  
2007 10 20.000000    23.1102314765      -6.586710877  
2007 10 25.000000    23.1023204595      -6.638148413  
2007 10 30.000000    23.0951345883      -6.660778408  
2007 11  4.000000    23.0896885145      -6.713583473  
2007 11  9.000000    23.0848103072      -6.729760850  
2007 11 14.000000    23.0813487796      -6.741297835  
2007 11 19.000000    23.0794929293      -6.769356418  
2007 11 24.000000    23.0782878067      -6.752298638  
2007 11 29.000000    23.0789565059      -6.753461119  
2007 12  4.000000    23.0808172668      -6.746614512  
2007 12  9.000000    23.0836275132      -6.704932339  
2007 12 14.000000    23.0884025334      -6.691351289  
2007 12 19.000000    23.0939566564      -6.646130269  
2007 12 24.000000    23.1008225769      -6.589678559  
2007 12 29.000000    23.1093233225      -6.553998127  
2008  1  3.000000    23.1183469362      -6.475712420  
2008  1  8.000000    23.1289333456      -6.411313800  
2008  1 13.000000    23.1405916265      -6.346969936  
2008  1 18.000000    23.1527474347      -6.247046917  
2008  1 23.000000    23.1664237380      -6.175967511  
2008  1 28.000000    23.1805401234      -6.081901307  
2008  2  2.000000    23.1952858802      -5.973930240  
2008  2  7.000000    23.2112163320      -5.892721314  
2008  2 12.000000    23.2271116295      -5.774880078  
2008  2 17.000000    23.2437697506      -5.669360668  
2008  2 22.000000    23.2610093377      -5.573670805  
2008  2 27.000000    23.2779693866      -5.444458885  
2008  3  3.000000    23.2957007966      -5.346030361  
2008  3  8.000000    23.3133418170      -5.234578127  
2008  3 13.000000    23.3306991100      -5.108466815  
2008  3 18.000000    23.3485793873      -5.015838043  
2008  3 23.000000    23.3657632772      -4.893739797  
2008  3 28.000000    23.3827989198      -4.783068993  
2008  4  2.000000    23.3998841434      -4.691989128  
2008  4  7.000000    23.4159130579      -4.570056186  
2008  4 12.000000    23.4319034374      -4.480943569  
2008  4 17.000000    23.4472910209      -4.388855743  
2008  4 22.000000    23.4615452506      -4.281273484  
2008  4 27.000000    23.4757153139      -4.213090676  
2008  5  2.000000    23.4886654025      -4.122213036  
2008  5  7.000000    23.5006557481      -4.041170761  
2008  5 12.000000    23.5122438511      -3.988817218  
2008  5 17.000000    23.5221790915      -3.907659539  
2008  5 22.000000    23.5314272309      -3.859708079  
2008  5 27.000000    23.5397618620      -3.817752940  
2008  6  1.000000    23.5463653350      -3.758082721  
2008  6  6.000000    23.5524479933      -3.741989939  
2008  6 11.000000    23.5570311707      -3.709082337  
2008  6 16.000000    23.5601422539      -3.681996165  
2008  6 21.000000    23.5626723419      -3.690523004  
2008  6 26.000000    23.5633252130      -3.670631562  
2008  7  1.000000    23.5629764340      -3.681201903  
2008  7  6.000000    23.5617140641      -3.705050490  
2008  7 11.000000    23.5585610532      -3.706425314  
2008  7 16.000000    23.5548608770      -3.751663553  
2008  7 21.000000    23.5498455967      -3.783885755  
2008  7 26.000000    23.5433741015      -3.814080034  
2008  7 31.000000    23.5365731911      -3.883225265  
2008  8  5.000000    23.5282025925      -3.922224805  
2008  8 10.000000    23.5190917922      -3.983922213  
2008  8 15.000000    23.5096060068      -4.062692760  
2008  8 20.000000    23.4987180453      -4.111117475  
2008  8 25.000000    23.4878192951      -4.198298514  
2008  8 30.000000    23.4763329171      -4.274056724  
2008  9  4.000000    23.4640424755      -4.336003786  
2008  9  9.000000    23.4522290950      -4.435079890  
2008  9 14.000000    23.4397512260      -4.500522545  
2008  9 19.000000    23.4273573501      -4.576226056  
2008  9 24.000000    23.4155610489      -4.669723876  
2008  9 29.000000    23.4033237416      -4.724098712  
2008 10  4.000000    23.3920150754      -4.807555497  
2008 10  9.000000    23.3811986723      -4.880084400  
2008 10 14.000000    23.3705492751      -4.926152052  
2008 10 19.000000    23.3613451312      -5.004632863  
2008 10 24.000000    23.3524909362      -5.047715465  
2008 10 29.000000    23.3445814004      -5.088087172  
2008 11  3.000000    23.3382063378      -5.146212723  
2008 11  8.000000    23.3322625549      -5.159644265  
2008 11 13.000000    23.3279494672      -5.192448450  
2008 11 18.000000    23.3249048252      -5.217303374  
2008 11 23.000000    23.3226051309      -5.207313399  
2008 11 28.000000    23.3222715307      -5.225822459  
2008 12  3.000000    23.3228538815      -5.211729031  
2008 12  8.000000    23.3246576109      -5.185883239  
2008 12 13.000000    23.3283216688      -5.180204092  
2008 12 18.000000    23.3326373823      -5.130415552  
2008 12 23.000000    23.3385712762      -5.093724104  
2008 12 28.000000    23.3459250277      -5.055612393  
2009  1  2.000000    23.3539103965      -4.980020782  
2009  1  7.000000    23.3636615691      -4.931985554  
2009  1 12.000000    23.3742316768      -4.858914274  
2009  1 17.000000    23.3855772857      -4.770048295  
2009  1 22.000000    23.3984872008      -4.706223183  
2009  1 27.000000    23.4117089203      -4.603381965  
2009  2  1.000000    23.4259201519      -4.510863318  
2009  2  6.000000    23.4411781445      -4.426037947  
2009  2 11.000000    23.4564351478      -4.305359608  
2009  2 16.000000    23.4727673366      -4.213429497  
2009  2 21.000000    23.4894735718      -4.106186853  
2009  2 26.000000    23.5061411878      -3.982008862  
2009  3  3.000000    23.5237346505      -3.889045889  
2009  3  8.000000    23.5410342842      -3.764416768  
2009  3 13.000000    23.5584105728      -3.649096058  
2009  3 18.000000    23.5762824745      -3.551165940  
2009  3 23.000000    23.5934097734      -3.420382656  
2009  3 28.000000    23.6107688342      -3.320135564  
2009  4  2.000000    23.6279729993      -3.214898997  
2009  4  7.000000    23.6442528614      -3.092457827  
2009  4 12.000000    23.6607598931      -3.007274216  
2009  4 17.000000    23.6764211344      -2.897806255  
2009  4 22.000000    23.6912783416      -2.796404517  
2009  4 27.000000    23.7061006031      -2.721728492  
2009  5  2.000000    23.7195193853      -2.617188717  
2009  5  7.000000    23.7323781415      -2.544213628  
2009  5 12.000000    23.7446734829      -2.475866531  
2009  5 17.000000    23.7553454146      -2.389049225  
2009  5 22.000000    23.7656621440      -2.344235939  
2009  5 27.000000    23.7747509165      -2.282000581  
2009  6  1.000000    23.7823385878      -2.225136049  
2009  6  6.000000    23.7895259509      -2.202862455  
2009  6 11.000000    23.7949392177      -2.152409887  
2009  6 16.000000    23.7992601476      -2.132080235  
2009  6 21.000000    23.8028426058      -2.124757514  
2009  6 26.000000    23.8044223976      -2.095926472  
2009  7  1.000000    23.8053376953      -2.111068074  
2009  7  6.000000    23.8049948124      -2.114079528  
2009  7 11.000000    23.8028929650      -2.116512058  
2009  7 16.000000    23.8003758501      -2.158504657  
2009  7 21.000000    23.7961463470      -2.172245111  
2009  7 26.000000    23.7907446601      -2.210659448  
2009  7 31.000000    23.7848564177      -2.267710230  
2009  8  5.000000    23.7771706161      -2.297175269  
2009  8 10.000000    23.7690415000      -2.367637703  
2009  8 15.000000    23.7601351171      -2.428970886  
2009  8 20.000000    23.7498192756      -2.479891637  
2009  8 25.000000    23.7395957362      -2.570613632  
2009  8 30.000000    23.7283412617      -2.630693964  
2009  9  4.000000    23.7164941522      -2.704594632  
2009  9  9.000000    23.7049493095      -2.798962855  
2009  9 14.000000    23.6924175008      -2.857540722  
2009  9 19.000000    23.6802016307      -2.948733376  
2009  9 24.000000    23.6681923131      -3.031618510  
2009  9 29.000000    23.6556975440      -3.091326143  
2009 10  4.000000    23.6442363870      -3.186394972  
2009 10  9.000000    23.6328140327      -3.248237892  
2009 10 14.000000    23.6217165416      -3.310355977  
2009 10 19.000000    23.6119309739      -3.392432287  
2009 10 24.000000    23.6022063155      -3.431468705  
2009 10 29.000000    23.5936870803      -3.492199493  
2009 11  3.000000    23.5863745552      -3.546022121  
2009 11  8.000000    23.5794392791      -3.566096071  
2009 11 13.000000    23.5742934937      -3.616170399  
2009 11 18.000000    23.5700509901      -3.633707160  
2009 11 23.000000    23.5667612770      -3.640109968  
2009 11 28.000000    23.5654156187      -3.666948105  
2009 12  3.000000    23.5647268779      -3.648872556  
2009 12  8.000000    23.5655622902      -3.644066477  
2009 12 13.000000    23.5680493951      -3.637091194  
2009 12 18.000000    23.5711766224      -3.591428651  
2009 12 23.000000    23.5762004821      -3.572750063  
2009 12 28.000000    23.5823496491      -3.527298430  
2010  1  2.000000    23.5893328979      -3.464686705  
2010  1  7.000000    23.5981844129      -3.425936785  
2010  1 12.000000    23.6076294383      -3.345988192  
2010  1 17.000000    23.6182203893      -3.274789169  
2010  1 22.000000    23.6302880846      -3.209352059  
2010  1 27.000000    23.6426053025      -3.105743641  
2010  2  1.000000    23.6562678657      -3.029171492  
2010  2  6.000000    23.6707456489      -2.934997569  
2010  2 11.000000    23.6854050862      -2.821640495  
2010  2 16.000000    23.7013822938      -2.737446076  
2010  2 21.000000    23.7174761660      -2.619130742  
2010  2 26.000000    23.7338784954      -2.507949338  
2010  3  3.000000    23.7512250567      -2.411980686  
2010  3  8.000000    23.7681476564      -2.280906427  
2010  3 13.000000    23.7855842243      -2.178149495  
2010  3 18.000000    23.8033364315      -2.068141536  
2010  3 23.000000    23.8204135937      -1.938793234  
2010  3 28.000000    23.8380578149      -1.844511991  
2010  4  2.000000    23.8552585709      -1.724053692  
2010  4  7.000000    23.8718517299      -1.609633599  
2010  4 12.000000    23.8888110267      -1.519765629  
2010  4 17.000000    23.9046785056      -1.398371818  
2010  4 22.000000    23.9201790809      -1.306563170  
2010  4 27.000000    23.9355115867      -1.217698271  
2010  5  2.000000    23.9493994503      -1.109042566  
2010  5  7.000000    23.9631605940      -1.040440179  
2010  5 12.000000    23.9760404866      -0.953177853  
2010  5 17.000000    23.9875022951      -0.870115852  
2010  5 22.000000    23.9988222391      -0.820109665  
2010  5 27.000000     0.0085676534      -0.741410055  
2010  6  1.000000     0.0172407446      -0.691781076  
2010  6  6.000000     0.0254432280      -0.654184025  
2010  6 11.000000     0.0316784040      -0.595067983  
2010  6 16.000000     0.0372603362      -0.579126215  
2010  6 21.000000     0.0417563842      -0.551086621  
2010  6 26.000000     0.0443433065      -0.522948065  
2010  7  1.000000     0.0465476544      -0.534074622  
2010  7  6.000000     0.0470510007      -0.517880207  
2010  7 11.000000     0.0461184200      -0.527140644  
2010  7 16.000000     0.0447108551      -0.555678377  
2010  7 21.000000     0.0412658007      -0.558533012  
2010  7 26.000000     0.0370712927      -0.603642142  
2010  7 31.000000     0.0320321855      -0.641182726  
2010  8  5.000000     0.0251312558      -0.670776387  
2010  8 10.000000     0.0180382454      -0.742009138  
2010  8 15.000000     0.0096494983      -0.785212912  
2010  8 20.000000     0.0000734585      -0.845268788  
2010  8 25.000000    23.9905512193      -0.928105110  
2010  8 30.000000    23.9795673681      -0.978331833  
2010  9  4.000000    23.9683146576      -1.064436239  
2010  9  9.000000    23.9569886234      -1.145013794  
2010  9 14.000000    23.9445118734      -1.206079527  
2010  9 19.000000    23.9325990445      -1.305692415  
2010  9 24.000000    23.9203726283      -1.374844656  
2010  9 29.000000    23.9077798697      -1.447892852  
2010 10  4.000000    23.8961816564      -1.543725640  
2010 10  9.000000    23.8841683143      -1.599211261  
2010 10 14.000000    23.8727838274      -1.679659711  
2010 10 19.000000    23.8624137345      -1.755212057  
2010 10 24.000000    23.8519116966      -1.799292335  
2010 10 29.000000    23.8428623217      -1.875866439  
2010 11  3.000000    23.8345563513      -1.921058034  
2010 11  8.000000    23.8267465778      -1.957009897  
2010 11 13.000000    23.8207970816      -2.014767286  
2010 11 18.000000    23.8153589905      -2.027872676  
2010 11 23.000000    23.8111826045      -2.055472637  
2010 11 28.000000    23.8087532294      -2.081036631  
2010 12  3.000000    23.8068144527      -2.067721194  
2010 12  8.000000    23.8067467074      -2.081856827  
2010 12 13.000000    23.8079945177      -2.068177893  
2010 12 18.000000    23.8100059586      -2.036688350  
2010 12 23.000000    23.8140899239      -2.028566033  
2010 12 28.000000    23.8189543053      -1.977605190  
2011  1  2.000000    23.8250078521      -1.934531154  
2011  1  7.000000    23.8328938624      -1.895747722  
2011  1 12.000000    23.8412095279      -1.816725186  
2011  1 17.000000    23.8510822607      -1.763482853  
2011  1 22.000000    23.8621741805      -1.690570543  
2011  1 27.000000    23.8736099832      -1.596463128  
2011  2  1.000000    23.8867144740      -1.529811554  
2011  2  6.000000    23.9003234810      -1.426549637  
2011  2 11.000000    23.9144529176      -1.328395130  
2011  2 16.000000    23.9299737920      -1.243361052  
2011  2 21.000000    23.9453812773      -1.120809005  
2011  2 26.000000    23.9615732641      -1.024551206  
2011  3  3.000000    23.9785540231      -0.918705876  
2011  3  8.000000    23.9951210041      -0.791201000  
2011  3 13.000000     0.0126154819      -0.696570285  
2011  3 18.000000     0.0300905642      -0.573525569  
2011  3 23.000000     0.0471732210      -0.454419310  
2011  3 28.000000     0.0650405298      -0.357666589  
2011  4  2.000000     0.0821599389      -0.227327096  
2011  4  7.000000     0.0991497902      -0.124375455  
2011  4 12.000000     0.1164086913      -0.022348880  
2011  4 17.000000     0.1324520035       0.101185296  
2011  4 22.000000     0.1486367734       0.186748191  
2011  4 27.000000     0.1643329700       0.292639796  
2011  5  2.000000     0.1787681990       0.396053076  
2011  5  7.000000     0.1933862862       0.468323000  
2011  5 12.000000     0.2067084492       0.570408861  
2011  5 17.000000     0.2190583185       0.644973386  
2011  5 22.000000     0.2312698288       0.708935075  
2011  5 27.000000     0.2416548094       0.795223413  
2011  6  1.000000     0.2515034856       0.839805088  
2011  6  6.000000     0.2605432819       0.897178730  
2011  6 11.000000     0.2676533831       0.955059888  
2011  6 16.000000     0.2745107013       0.974674237  
2011  6 21.000000     0.2798052376       1.021532437  
2011  6 26.000000     0.2835504830       1.043170329  
2011  7  1.000000     0.2869595156       1.045816137  
2011  7  6.000000     0.2882527218       1.073264365  
2011  7 11.000000     0.2886246975       1.058230197  
2011  7 16.000000     0.2882108134       1.050034207  
2011  7 21.000000     0.2856504307       1.048350409  
2011  7 26.000000     0.2827464120       1.004279201  
2011  7 31.000000     0.2784313573       0.986499956  
2011  8  5.000000     0.2724730775       0.949795880  
2011  8 10.000000     0.2664127418       0.888717140  
2011  8 15.000000     0.2585404861       0.857653715  
2011  8 20.000000     0.2499095552       0.788269471  
2011  8 25.000000     0.2410079569       0.722141182  
2011  8 30.000000     0.2303723659       0.672179188  
2011  9  4.000000     0.2198481249       0.580771031  
2011  9  9.000000     0.2086833061       0.516978021  
2011  9 14.000000     0.1964657310       0.445677970  
2011  9 19.000000     0.1849022951       0.348702327  
2011  9 24.000000     0.1724312338       0.288879473  
2011  9 29.000000     0.1599302439       0.200364479  
2011 10  4.000000     0.1481642501       0.114066617  
2011 10  9.000000     0.1356614681       0.056112076  
2011 10 14.000000     0.1241481746      -0.037556589  
2011 10 19.000000     0.1131147140      -0.101989781  
2011 10 24.000000     0.1019673368      -0.160142806  
2011 10 29.000000     0.0924305006      -0.242514816  
2011 11  3.000000     0.0831095330      -0.281698229  
2011 11  8.000000     0.0746067925      -0.337768306  
2011 11 13.000000     0.0678020845      -0.392982415  
2011 11 18.000000     0.0611778941      -0.410234220  
2011 11 23.000000     0.0562153373      -0.456574959  
2011 11 28.000000     0.0526104671      -0.475110381  
2011 12  3.000000     0.0495307160      -0.476288201  
2011 12  8.000000     0.0485873055      -0.501258262  
2011 12 13.000000     0.0484942774      -0.482454838  
2011 12 18.000000     0.0494874986      -0.471658316  
2011 12 23.000000     0.0525538341      -0.464474592  
2011 12 28.000000     0.0561164893      -0.415620378  
2012  1  2.000000     0.0613409152      -0.391999871  
2012  1  7.000000     0.0681239086      -0.346982416  
2012  1 12.000000     0.0753318684      -0.279250434  
2012  1 17.000000     0.0844851642      -0.237869524  
2012  1 22.000000     0.0944738365      -0.157589261  
2012  1 27.000000     0.1051341967      -0.080734937  
2012  2  1.000000     0.1176052199      -0.015159164  
2012  2  6.000000     0.1302515655       0.090358905  
2012  2 11.000000     0.1439199872       0.171284675  
2012  2 16.000000     0.1588307350       0.264060254  
2012  2 21.000000     0.1735712178       0.380872084  
2012  2 26.000000     0.1895954903       0.466794446  
2012  3  2.000000     0.2060366841       0.583584256  
2012  3  7.000000     0.2223084001       0.698629943  
2012  3 12.000000     0.2397861037       0.793423746  
2012  3 17.000000     0.2568712438       0.924126781  
2012  3 22.000000     0.2740822685       1.029634895  
2012  3 27.000000     0.2920261228       1.136421800  
2012  4  1.000000     0.3090237770       1.266858381  
2012  4  6.000000     0.3264602937       1.361436498  
2012  4 11.000000     0.3438272289       1.478260923  
2012  4 16.000000     0.3601347280       1.594627963  
2012  4 21.000000     0.3769908055       1.681957662  
2012  4 26.000000     0.3928903893       1.800780372  
2012  5  1.000000     0.4079860288       1.893985318  
2012  5  6.000000     0.4233193071       1.978266833  
2012  5 11.000000     0.4370364911       2.086230593  
2012  5 16.000000     0.4504071330       2.154362416  
2012  5 21.000000     0.4633220875       2.236566589  
2012  5 26.000000     0.4743992993       2.320412830  
2012  5 31.000000     0.4854346518       2.367467095  
2012  6  5.000000     0.4951363850       2.442374630  
2012  6 10.000000     0.5032943050       2.493073739  
2012  6 15.000000     0.5113538957       2.525764693  
2012  6 20.000000     0.5173654391       2.583328889  
2012  6 25.000000     0.5224179327       2.599103258  
2012  6 30.000000     0.5268536701       2.621769122  
2012  7  5.000000     0.5290123471       2.650538665  
2012  7 10.000000     0.5308040080       2.637138316  
2012  7 15.000000     0.5312213779       2.649213615  
2012  7 20.000000     0.5297108549       2.641528060  
2012  7 25.000000     0.5280616100       2.608790390  
2012  7 30.000000     0.5243991833       2.604341209  
2012  8  4.000000     0.5196216590       2.560210210  
2012  8  9.000000     0.5144945122       2.517802882  
2012  8 14.000000     0.5072009285       2.489179382  
2012  8 19.000000     0.4996614861       2.417096269  
2012  8 24.000000     0.4912421244       2.370152226  
2012  8 29.000000     0.4811646107       2.312676838  
2012  9  3.000000     0.4714414441       2.227063989  
2012  9  8.000000     0.4603807627       2.175585696  
2012  9 13.000000     0.4486529451       2.091991192  
2012  9 18.000000     0.4373677001       2.007759944  
2012  9 23.000000     0.4247190684       1.948380885  
2012  9 28.000000     0.4125311433       1.849884628  
2012 10  3.000000     0.4005077159       1.777914424  
2012 10  8.000000     0.3876823260       1.708636341  
2012 10 13.000000     0.3761062152       1.612055709  
2012 10 18.000000     0.3643330836       1.556158801  
2012 10 23.000000     0.3527779318       1.480065634  
2012 10 28.000000     0.3427343363       1.402668228  
2012 11  2.000000     0.3324181988       1.361153258  
2012 11  7.000000     0.3233840497       1.287864197  
2012 11 12.000000     0.3155951596       1.241225861  
2012 11 17.000000     0.3079047503       1.210257270  
2012 11 22.000000     0.3022451091       1.153930937  
2012 11 27.000000     0.2973615146       1.141256019  
2012 12  2.000000     0.2932919448       1.119404186  
2012 12  7.000000     0.2913972787       1.093641772  
2012 12 12.000000     0.2899133129       1.109993082  
2012 12 17.000000     0.2900415454       1.100616478  
2012 12 22.000000     0.2919613799       1.113642551  
2012 12 27.000000     0.2942671029       1.150239157  
2013  1  1.000000     0.2986948054       1.160839663  
2013  1  6.000000     0.3042015337       1.212072568  
2013  1 11.000000     0.3104225691       1.260883708  
2013  1 16.000000     0.3188073806       1.299773241  
2013  1 21.000000     0.3275985271       1.380821624  
2013  1 26.000000     0.3375936105       1.438522129  
2013  1 31.000000     0.3492511847       1.510066894  
2013  2  5.000000     0.3609288094       1.607818201  
2013  2 10.000000     0.3742104523       1.676314370  
2013  2 15.000000     0.3883332413       1.778181067  
2013  2 20.000000     0.4024945182       1.880393400  
2013  2 25.000000     0.4182829810       1.964311618  
2013  3  2.000000     0.4340259204       2.086614234  
2013  3  7.000000     0.4501406192       2.185743361  
2013  3 12.000000     0.4674614504       2.288412508  
2013  3 17.000000     0.4841223452       2.417102467  
2013  3 22.000000     0.5015414664       2.512018435  
2013  3 27.000000     0.5193313214       2.631374461  
2013  4  1.000000     0.5362808635       2.752412431  
2013  4  6.000000     0.5541664519       2.846518588  
2013  4 11.000000     0.5714721027       2.974183348  
2013  4 16.000000     0.5881884807       3.078373547  
2013  4 21.000000     0.6055608137       3.175564195  
2013  4 26.000000     0.6215745815       3.298193712  
2013  5  1.000000     0.6374740873       3.383007466  
2013  5  6.000000     0.6533216590       3.483534993  
2013  5 11.000000     0.6675015106       3.587426554  
2013  5 16.000000     0.6819196029       3.656340745  
2013  5 21.000000     0.6953096090       3.754258070  
2013  5 26.000000     0.7072431292       3.829490282  
2013  5 31.000000     0.7193851955       3.888108619  
2013  6  5.000000     0.7296566091       3.972465648  
2013  6 10.000000     0.7390445223       4.016420905  
2013  6 15.000000     0.7480875086       4.067965729  
2013  6 20.000000     0.7548529262       4.126066931  
2013  6 25.000000     0.7613304276       4.142944368  
2013  6 30.000000     0.7665990808       4.185321118  
2013  7  5.000000     0.7698158021       4.208154857  
2013  7 10.000000     0.7729851524       4.206156614  
2013  7 15.000000     0.7740970941       4.231695483  
2013  7 20.000000     0.7738771326       4.217281951  
2013  7 25.000000     0.7733533786       4.203904920  
2013  7 30.000000     0.7704038929       4.202988558  
2013  8  4.000000     0.7669880821       4.157729186  
2013  8  9.000000     0.7625915295       4.135974518  
2013  8 14.000000     0.7560702383       4.101686068  
2013  8 19.000000     0.7496909666       4.037555388  
2013  8 24.000000     0.7416648342       4.005149130  
2013  8 29.000000     0.7324312304       3.938112299  
2013  9  3.000000     0.7234160956       3.868077883  
2013  9  8.000000     0.7124838896       3.819750424  
2013  9 13.000000     0.7014913561       3.729239735  
2013  9 18.000000     0.6903608395       3.662465416  
2013  9 23.000000     0.6777436133       3.594900853  
2013  9 28.000000     0.6659767480       3.496883119  
2013 10  3.000000     0.6535691690       3.436515399  
2013 10  8.000000     0.6406859822       3.352213801  
2013 10 13.000000     0.6290246688       3.263764381  
2013 10 18.000000     0.6165403278       3.208321124  
2013 10 23.000000     0.6048227499       3.117700981  
2013 10 28.000000     0.5941203488       3.051530777  
2013 11  2.000000     0.5829298722       2.998280139  
2013 11  7.000000     0.5734857102       2.917035601  
2013 11 12.000000     0.5645931992       2.878134046  
2013 11 17.000000     0.5560631094       2.827747210  
2013 11 22.000000     0.5496566532       2.772043156  
2013 11 27.000000     0.5434153739       2.757784615  
2013 12  2.000000     0.5385483298       2.716110933  
2013 12  7.000000     0.5355590075       2.696775218  
2013 12 12.000000     0.5327588586       2.700825985  
2013 12 17.000000     0.5321171849       2.678275346  
2013 12 22.000000     0.5326852195       2.697361240  
2013 12 27.000000     0.5338676294       2.714080379  
2014  1  1.000000     0.5374530655       2.721388780  
2014  1  6.000000     0.5415751847       2.772494044  
2014  1 11.000000     0.5469834495       2.800817958  
2014  1 16.000000     0.5544152779       2.844576742  
2014  1 21.000000     0.5619820811       2.916281632  
2014  1 26.000000     0.5714004938       2.959743920  
2014  1 31.000000     0.5820363529       3.038856060  
2014  2  5.000000     0.5928678137       3.120154324  
2014  2 10.000000     0.6057255459       3.184820796  
2014  2 15.000000     0.6188675104       3.290360681  
2014  2 20.000000     0.6325951049       3.374463629  
2014  2 25.000000     0.6479864799       3.464220013  
2014  3  2.000000     0.6629940236       3.582492120  
2014  3  7.000000     0.6790810098       3.668889290  
2014  3 12.000000     0.6959945530       3.782074808  
2014  3 17.000000     0.7122940676       3.899193413  
2014  3 22.000000     0.7299206082       3.991351013  
2014  3 27.000000     0.7473578814       4.119385279  
2014  4  1.000000     0.7644446997       4.226132525  
2014  4  6.000000     0.7826360168       4.327928255  
2014  4 11.000000     0.7997645733       4.457305770  
2014  4 16.000000     0.8170400922       4.550914984  
2014  4 21.000000     0.8346935459       4.662082961  
2014  4 26.000000     0.8508971678       4.778647710  
2014  5  1.000000     0.8676672975       4.862221836  
2014  5  6.000000     0.8837731277       4.976436450  
2014  5 11.000000     0.8985782637       5.069851255  
2014  5 16.000000     0.9139432359       5.148245936  
2014  5 21.000000     0.9276844621       5.253756489  
2014  5 26.000000     0.9407003503       5.320686213  
2014  5 31.000000     0.9537211454       5.396428805  
2014  6  5.000000     0.9645757143       5.479892048  
2014  6 10.000000     0.9753069103       5.523532492  
2014  6 15.000000     0.9850834277       5.593306832  
2014  6 20.000000     0.9928116488       5.644592350  
2014  6 25.000000     1.0006916646       5.671953702  
2014  6 30.000000     1.0066148863       5.726988744  
2014  7  5.000000     1.0111291794       5.742746494  
2014  7 10.000000     1.0154942599       5.759580810  
2014  7 15.000000     1.0173323686       5.788608102  
2014  7 20.000000     1.0186243015       5.773443902  
2014  7 25.000000     1.0189853779       5.781005621  
2014  7 30.000000     1.0169286423       5.775283952  
2014  8  4.000000     1.0149201698       5.738965075  
2014  8  9.000000     1.0110999338       5.732806911  
2014  8 14.000000     1.0056747556       5.690675873  
2014  8 19.000000     1.0003593654       5.643943518  
2014  8 24.000000     0.9927192528       5.616715629  
2014  8 29.000000     0.9845895190       5.545194720  
2014  9  3.000000     0.9760939742       5.494984979  
2014  9  8.000000     0.9655070480       5.441128239  
2014  9 13.000000     0.9554069826       5.354178255  
2014  9 18.000000     0.9442732910       5.302010840  
2014  9 23.000000     0.9319834414       5.222506825  
2014  9 28.000000     0.9205942046       5.135846186  
2014 10  3.000000     0.9077995899       5.078964846  
2014 10  8.000000     0.8951837167       4.983383900  
2014 10 13.000000     0.8832882273       4.909494371  
2014 10 18.000000     0.8702307755       4.845158221  
2014 10 23.000000     0.8585050567       4.749500460  
2014 10 28.000000     0.8469778370       4.693828628  
2014 11  2.000000     0.8351995880       4.623497222  
2014 11  7.000000     0.8253478222       4.545445572  
2014 11 12.000000     0.8152693916       4.507024292  
2014 11 17.000000     0.8061453438       4.438441779  
2014 11 22.000000     0.7988222802       4.390925305  
2014 11 27.000000     0.7913057200       4.365439948  
2014 12  2.000000     0.7858122637       4.311597820  
2014 12  7.000000     0.7815197855       4.299329549  
2014 12 12.000000     0.7775713662       4.283728491  
2014 12 17.000000     0.7761217853       4.258179598  
2014 12 22.000000     0.7751940493       4.277112102  
2014 12 27.000000     0.7754841287       4.272825703  
2015  1  1.000000     0.7780605595       4.284811344  
2015  1  6.000000     0.7807749658       4.325857468  
2015  1 11.000000     0.7854866547       4.338896837  
2015  1 16.000000     0.7917117450       4.389302864  
2015  1 21.000000     0.7981877023       4.443112665  
2015  1 26.000000     0.8070305247       4.481445921  
2015  1 31.000000     0.8164409550       4.562957337  
2015  2  5.000000     0.8265961900       4.624332412  
2015  2 10.000000     0.8388426060       4.693167840  
2015  2 15.000000     0.8509341905       4.792844480  
2015  2 20.000000     0.8643955870       4.862199269  
2015  2 25.000000     0.8791370778       4.960735511  
2015  3  2.000000     0.8934794824       5.065405357  
2015  3  7.000000     0.9095393080       5.146883330  
2015  3 12.000000     0.9257956673       5.266697171  
2015  3 17.000000     0.9419328077       5.367285613  
2015  3 22.000000     0.9596396208       5.464993018  
2015  3 27.000000     0.9766015128       5.592685129  
2015  4  1.000000     0.9939925845       5.686604666  
2015  4  6.000000     1.0122125667       5.800124097  
2015  4 11.000000     1.0292187149       5.921250322  
2015  4 16.000000     1.0471456329       6.011349009  
2015  4 21.000000     1.0648150486       6.134069315  
2015  4 26.000000     1.0813867775       6.238133679  
2015  5  1.000000     1.0989108117       6.328932971  
2015  5  6.000000     1.1151039110       6.448615733  
2015  5 11.000000     1.1307765793       6.531693737  
2015  5 16.000000     1.1468594711       6.625092004  
2015  5 21.000000     1.1609691165       6.727959646  
2015  5 26.000000     1.1751914377       6.792724394  
2015  5 31.000000     1.1887867338       6.884716868  
2015  6  5.000000     1.2004234701       6.959781644  
2015  6 10.000000     1.2124863308       7.012218627  
2015  6 15.000000     1.2228064926       7.093216748  
2015  6 20.000000     1.2317620175       7.136319259  
2015  6 25.000000     1.2408239970       7.181114964  
2015  6 30.000000     1.2473884793       7.238644701  
2015  7  5.000000     1.2534389390       7.252901982  
2015  7 10.000000     1.2587400212       7.289914005  
2015  7 15.000000     1.2615006124       7.313948786  
2015  7 20.000000     1.2643457296       7.307517418  
2015  7 25.000000     1.2653665933       7.330598050  
2015  7 30.000000     1.2645329284       7.317511857  
2015  8  4.000000     1.2638274641       7.299078943  
2015  8  9.000000     1.2605674124       7.299002476  
2015  8 14.000000     1.2565291113       7.253704235  
2015  8 19.000000     1.2520251032       7.228086049  
2015  8 24.000000     1.2449651129       7.197037631  
2015  8 29.000000     1.2381140207       7.131069780  
2015  9  3.000000     1.2299528863       7.097614165  
2015  9  8.000000     1.2200529981       7.034418429  
2015  9 13.000000     1.2107850406       6.961531331  
2015  9 18.000000     1.1995928158       6.915548247  
2015  9 23.000000     1.1879918162       6.827761798  
2015  9 28.000000     1.1768159927       6.758814591  
2015 10  3.000000     1.1638050340       6.696224592  
2015 10  8.000000     1.1516571325       6.598942424  
2015 10 13.000000     1.1393056519       6.538719418  
2015 10 18.000000     1.1259877099       6.460290567  
2015 10 23.000000     1.1142793559       6.371055203  
2015 10 28.000000     1.1018513273       6.318857478  
2015 11  2.000000     1.0898127113       6.233076235  
2015 11  7.000000     1.0793627170       6.166000750  
2015 11 12.000000     1.0681703059       6.118550011  
2015 11 17.000000     1.0586765311       6.039925879  
2015 11 22.000000     1.0502225133       6.001626492  
2015 11 27.000000     1.0416647956       5.957945865  
2015 12  2.000000     1.0355384124       5.902632611  
2015 12  7.000000     1.0297575795       5.891369215  
2015 12 12.000000     1.0249358326       5.855283051  
2015 12 17.000000     1.0225173973       5.835217580  
2015 12 22.000000     1.0200924313       5.844360668  
2015 12 27.000000     1.0196697288       5.824757535 