v15.04    Планета: Уран  (INPOP13C)
          Спутник: U4 Оберон  (Lainey V., 2015..)
                            - эфемериды на инт. 1847/01/00.5-2146/02/12.7
   Обсерватория N:  84 - Pulkovo
    Шкала времени: UTC
Средний экватор и равноденствие эпохи J2000.  ICRF. 
Координаты астрометрические 
Год  Месяц День       alpha (h)          delta (º)
2007  8  1.000000    23.2867371894      -5.480890522  
2007  8  6.000000    23.2777476299      -5.536569601  
2007  8 11.000000    23.2677664135      -5.587797006  
2007  8 16.000000    23.2576717228      -5.676320134  
2007  8 21.000000    23.2463090107      -5.731923423  
2007  8 26.000000    23.2347774964      -5.807339690  
2007  8 31.000000    23.2230835284      -5.897579998  
2007  9  5.000000    23.2105102178      -5.954180905  
2007  9 10.000000    23.1984518017      -6.046553914  
2007  9 15.000000    23.1860912231      -6.124718406  
2007  9 20.000000    23.1736211481      -6.185393037  
2007  9 25.000000    23.1620419398      -6.280244353  
2007  9 30.000000    23.1502023308      -6.338574561  
2007 10  5.000000    23.1391287862      -6.403698484  
2007 10 10.000000    23.1289397420      -6.484003360  
2007 10 15.000000    23.1188497595      -6.522357501  
2007 10 20.000000    23.1102312589      -6.586706194  
2007 10 25.000000    23.1023205502      -6.638147200  
2007 10 30.000000    23.0951345154      -6.660776584  
2007 11  4.000000    23.0896883922      -6.713580883  
2007 11  9.000000    23.0848104328      -6.729760643  
2007 11 14.000000    23.0813485866      -6.741293731  
2007 11 19.000000    23.0794929217      -6.769355248  
2007 11 24.000000    23.0782878889      -6.752298970  
2007 11 29.000000    23.0789562915      -6.753456750  
2007 12  4.000000    23.0808173545      -6.746614062  
2007 12  9.000000    23.0836274819      -6.704931554  
2007 12 14.000000    23.0884023937      -6.691348613  
2007 12 19.000000    23.0939567873      -6.646130435  
2007 12 24.000000    23.1008224219      -6.589675413  
2007 12 29.000000    23.1093232941      -6.553996953  
2008  1  3.000000    23.1183470427      -6.475713054  
2008  1  8.000000    23.1289331401      -6.411309675  
2008  1 13.000000    23.1405916949      -6.346969454  
2008  1 18.000000    23.1527474419      -6.247046481  
2008  1 23.000000    23.1664235716      -6.175964073  
2008  1 28.000000    23.1805402419      -6.081900960  
2008  2  2.000000    23.1952857636      -5.973927660  
2008  2  7.000000    23.2112162702      -5.892719660  
2008  2 12.000000    23.2271117377      -5.774879902  
2008  2 17.000000    23.2437695478      -5.669356165  
2008  2 22.000000    23.2610093745      -5.573669770  
2008  2 27.000000    23.2779694238      -5.444458395  
2008  3  3.000000    23.2957006100      -5.346026498  
2008  3  8.000000    23.3133419162      -5.234577112  
2008  3 13.000000    23.3306990289      -5.108464454  
2008  3 18.000000    23.3485792930      -5.015835968  
2008  3 23.000000    23.3657633928      -4.893739331  
2008  3 28.000000    23.3827987367      -4.783064690  
2008  4  2.000000    23.3998841593      -4.691988126  
2008  4  7.000000    23.4159131356      -4.570056263  
2008  4 12.000000    23.4319032409      -4.480939567  
2008  4 17.000000    23.4472911166      -4.388854994  
2008  4 22.000000    23.4615452171      -4.281271859  
2008  4 27.000000    23.4757151943      -4.213088498  
2008  5  2.000000    23.4886655426      -4.122213376  
2008  5  7.000000    23.5006555962      -4.041167077  
2008  5 12.000000    23.5122438442      -3.988816347  
2008  5 17.000000    23.5221792017      -3.907660025  
2008  5 22.000000    23.5314270266      -3.859703879  
2008  5 27.000000    23.5397619514      -3.817752648  
2008  6  1.000000    23.5463653417      -3.758081762  
2008  6  6.000000    23.5524478407      -3.741987213  
2008  6 11.000000    23.5570313074      -3.709082289  
2008  6 16.000000    23.5601421250      -3.681992735  
2008  6 21.000000    23.5626722978      -3.690521650  
2008  6 26.000000    23.5633253308      -3.670631565  
2008  7  1.000000    23.5629762235      -3.681197348  
2008  7  6.000000    23.5617141271      -3.705049575  
2008  7 11.000000    23.5585610836      -3.706424404  
2008  7 16.000000    23.5548606876      -3.751659768  
2008  7 21.000000    23.5498457169      -3.783884742  
2008  7 26.000000    23.5433739962      -3.814076881  
2008  7 31.000000    23.5365731151      -3.883223393  
2008  8  5.000000    23.5282027202      -3.922224503  
2008  8 10.000000    23.5190915790      -3.983917185  
2008  8 15.000000    23.5096060472      -4.062691539  
2008  8 20.000000    23.4987181042      -4.111116984  
2008  8 25.000000    23.4878190900      -4.198294436  
2008  8 30.000000    23.4763330390      -4.274056055  
2008  9  4.000000    23.4640424008      -4.336001327  
2008  9  9.000000    23.4522289948      -4.435077897  
2008  9 14.000000    23.4397513703      -4.500522707  
2008  9 19.000000    23.4273571546      -4.576221636  
2008  9 24.000000    23.4155610726      -4.669723114  
2008  9 29.000000    23.4033238325      -4.724099158  
2008 10  4.000000    23.3920148642      -4.807551433  
2008 10  9.000000    23.3811987868      -4.880084120  
2008 10 14.000000    23.3705492328      -4.926150581  
2008 10 19.000000    23.3613450010      -5.004630366  
2008 10 24.000000    23.3524910839      -5.047715787  
2008 10 29.000000    23.3445812287      -5.088083474  
2008 11  3.000000    23.3382063319      -5.146211722  
2008 11  8.000000    23.3322626542      -5.159644492  
2008 11 13.000000    23.3279492453      -5.192443830  
2008 11 18.000000    23.3249049137      -5.217302667  
2008 11 23.000000    23.3226051158      -5.207312328  
2008 11 28.000000    23.3222713746      -5.225819370  
2008 12  3.000000    23.3228540073      -5.211728339  
2008 12  8.000000    23.3246574612      -5.185879696  
2008 12 13.000000    23.3283216281      -5.180202526  
2008 12 18.000000    23.3326374856      -5.130415259  
2008 12 23.000000    23.3385710602      -5.093719439  
2008 12 28.000000    23.3459250880      -5.055611284  
2009  1  2.000000    23.3539104148      -4.980020074  
2009  1  7.000000    23.3636613932      -4.931982055  
2009  1 12.000000    23.3742317926      -4.858913382  
2009  1 17.000000    23.3855771759      -4.770045404  
2009  1 22.000000    23.3984871360      -4.706221623  
2009  1 27.000000    23.4117090484      -4.603382291  
2009  2  1.000000    23.4259199561      -4.510859019  
2009  2  6.000000    23.4411781876      -4.426037142  
2009  2 11.000000    23.4564352084      -4.305359583  
2009  2 16.000000    23.4727671520      -4.213426010  
2009  2 21.000000    23.4894736926      -4.106186786  
2009  2 26.000000    23.5061411283      -3.982006912  
2009  3  3.000000    23.5237345576      -3.889044180  
2009  3  8.000000    23.5410344242      -3.764417224  
2009  3 13.000000    23.5584104030      -3.649092179  
2009  3 18.000000    23.5762824918      -3.551165260  
2009  3 23.000000    23.5934098628      -3.420382829  
2009  3 28.000000    23.6107686383      -3.320131775  
2009  4  2.000000    23.6279731008      -3.214898577  
2009  4  7.000000    23.6442528392      -3.092456232  
2009  4 12.000000    23.6607597591      -3.007271710  
2009  4 17.000000    23.6764212644      -2.897805891  
2009  4 22.000000    23.6912781974      -2.796400814  
2009  4 27.000000    23.7061005864      -2.721727320  
2009  5  2.000000    23.7195194886      -2.617188450  
2009  5  7.000000    23.7323779315      -2.544209014  
2009  5 12.000000    23.7446735612      -2.475865423  
2009  5 17.000000    23.7553454288      -2.389047865  
2009  5 22.000000    23.7656619827      -2.344232920  
2009  5 27.000000    23.7747510471      -2.281999840  
2009  6  1.000000    23.7823384742      -2.225132324  
2009  6  6.000000    23.7895259075      -2.202861024  
2009  6 11.000000    23.7949393465      -2.152409775  
2009  6 16.000000    23.7992599448      -2.132075559  
2009  6 21.000000    23.8028426751      -2.124756739  
2009  6 26.000000    23.8044224601      -2.095925867  
2009  7  1.000000    23.8053375154      -2.111064837  
2009  7  6.000000    23.8049949511      -2.114079218  
2009  7 11.000000    23.8028928897      -2.116509117  
2009  7 16.000000    23.8003757747      -2.158503200  
2009  7 21.000000    23.7961465040      -2.172245746  
2009  7 26.000000    23.7907444703      -2.210655108  
2009  7 31.000000    23.7848564653      -2.267709665  
2009  8  5.000000    23.7771707039      -2.297175206  
2009  8 10.000000    23.7690412918      -2.367633806  
2009  8 15.000000    23.7601352478      -2.428970700  
2009  8 20.000000    23.7498192265      -2.479889436  
2009  8 25.000000    23.7395956234      -2.570611613  
2009  8 30.000000    23.7283414099      -2.630693928  
2009  9  4.000000    23.7164939670      -2.704590120  
2009  9  9.000000    23.7049493229      -2.798961810  
2009  9 14.000000    23.6924175940      -2.857540447  
2009  9 19.000000    23.6802014076      -2.948728905  
2009  9 24.000000    23.6681924184      -3.031617450  
2009  9 29.000000    23.6556975173      -3.091324196  
2009 10  4.000000    23.6442362412      -3.186392142  
2009 10  9.000000    23.6328141698      -3.248237088  
2009 10 14.000000    23.6217163761      -3.310351726  
2009 10 19.000000    23.6119309608      -3.392430938  
2009 10 24.000000    23.6022064300      -3.431468697  
2009 10 29.000000    23.5936868555      -3.492194709  
2009 11  3.000000    23.5863746438      -3.546021039  
2009 11  8.000000    23.5794392868      -3.566094888  
2009 11 13.000000    23.5742933330      -3.616167481  
2009 11 18.000000    23.5700511381      -3.633707101  
2009 11 23.000000    23.5667611470      -3.640106547  
2009 11 28.000000    23.5654155812      -3.666946879  
2009 12  3.000000    23.5647270130      -3.648873098  
2009 12  8.000000    23.5655620815      -3.644062143  
2009 12 13.000000    23.5680494694      -3.637090797  
2009 12 18.000000    23.5711766676      -3.591428369  
2009 12 23.000000    23.5762003059      -3.572746964  
2009 12 28.000000    23.5823497877      -3.527298452  
2010  1  2.000000    23.5893328066      -3.464684136  
2010  1  7.000000    23.5981843387      -3.425935203  
2010  1 12.000000    23.6076295749      -3.345988489  
2010  1 17.000000    23.6182201997      -3.274785117  
2010  1 22.000000    23.6302881271      -3.209351346  
2010  1 27.000000    23.6426053675      -3.105743313  
2010  2  1.000000    23.6562676666      -3.029167595  
2010  2  6.000000    23.6707457614      -2.934996814  
2010  2 11.000000    23.6854050326      -2.821638358  
2010  2 16.000000    23.7013821873      -2.737443995  
2010  2 21.000000    23.7174762949      -2.619130247  
2010  2 26.000000    23.7338783255      -2.507945023  
2010  3  3.000000    23.7512250684      -2.411979524  
2010  3  8.000000    23.7681477459      -2.280906058  
2010  3 13.000000    23.7855840213      -2.178145319  
2010  3 18.000000    23.8033365314      -2.068140588  
2010  3 23.000000    23.8204135891      -1.938791489  
2010  3 28.000000    23.8380576845      -1.844509632  
2010  4  2.000000    23.8552587096      -1.724053300  
2010  4  7.000000    23.8718515991      -1.609629717  
2010  4 12.000000    23.8888110159      -1.519764671  
2010  4 17.000000    23.9046786381      -1.398372214  
2010  4 22.000000    23.9201788860      -1.306559076  
2010  4 27.000000    23.9355116770      -1.217697749  
2010  5  2.000000    23.9493994937      -1.109041590  
2010  5  7.000000    23.9631604348      -1.040437537  
2010  5 12.000000    23.9760406363      -0.953178116  
2010  5 17.000000    23.9875022043      -0.870112702  
2010  5 22.000000    23.9988221924      -0.820108594  
2010  5 27.000000     0.0085677988      -0.741410475  
2010  6  1.000000     0.0172405501      -0.691776720  
2010  6  6.000000     0.0254432922      -0.654183535  
2010  6 11.000000     0.0316784717      -0.595067337  
2010  6 16.000000     0.0372601471      -0.579122933  
2010  6 21.000000     0.0417565165      -0.551086129  
2010  6 26.000000     0.0443432426      -0.522945069  
2010  7  1.000000     0.0465475635      -0.534072846  
2010  7  6.000000     0.0470511400      -0.517879847  
2010  7 11.000000     0.0461182341      -0.527136026  
2010  7 16.000000     0.0447108934      -0.555677267  
2010  7 21.000000     0.0412658928      -0.558532359  
2010  7 26.000000     0.0370710792      -0.603637916  
2010  7 31.000000     0.0320323060      -0.641181555  
2010  8  5.000000     0.0251312265      -0.670773751  
2010  8 10.000000     0.0180381294      -0.742006968  
2010  8 15.000000     0.0096496564      -0.785212691  
2010  8 20.000000     0.0000732925      -0.845264069  
2010  8 25.000000    23.9905512380      -0.928103988  
2010  8 30.000000    23.9795674926      -0.978331755  
2010  9  4.000000    23.9683144420      -1.064431931  
2010  9  9.000000    23.9569887444      -1.145013361  
2010  9 14.000000    23.9445118850      -1.206077844  
2010  9 19.000000    23.9325989036      -1.305690093  
2010  9 24.000000    23.9203727960      -1.374844907  
2010  9 29.000000    23.9077797304      -1.447888932  
2010 10  4.000000    23.8961816414      -1.543724739  
2010 10  9.000000    23.8841684568      -1.599211796  
2010 10 14.000000    23.8727836125      -1.679655459  
2010 10 19.000000    23.8624138336      -1.755211692  
2010 10 24.000000    23.8519117275      -1.799291340  
2010 10 29.000000    23.8428621443      -1.875863363  
2010 11  3.000000    23.8345565024      -1.921057885  
2010 11  8.000000    23.8267464633      -1.957006650  
2010 11 13.000000    23.8207970310      -2.014765924  
2010 11 18.000000    23.8153591231      -2.027872580  
2010 11 23.000000    23.8111823894      -2.055467882  
2010 11 28.000000    23.8087532955      -2.081035655  
2010 12  3.000000    23.8068145010      -2.067720371  
2010 12  8.000000    23.8067465137      -2.081853234  
2010 12 13.000000    23.8079946474      -2.068176926  
2010 12 18.000000    23.8100058775      -2.036685320  
2010 12 23.000000    23.8140898434      -2.028564203  
2010 12 28.000000    23.8189544407      -1.977604797  
2011  1  2.000000    23.8250076609      -1.934526565  
2011  1  7.000000    23.8328939070      -1.895746722  
2011  1 12.000000    23.8412096167      -1.816724946  
2011  1 17.000000    23.8510820638      -1.763479100  
2011  1 22.000000    23.8621743032      -1.690569816  
2011  1 27.000000    23.8736099514      -1.596460916  
2011  2  1.000000    23.8867143704      -1.529809747  
2011  2  6.000000    23.9003236388      -1.426550072  
2011  2 11.000000    23.9144527648      -1.328391210  
2011  2 16.000000    23.9299738105      -1.243360326  
2011  2 21.000000    23.9453813968      -1.120809309  
2011  2 26.000000    23.9615730658      -1.024547413  
2011  3  3.000000    23.9785541336      -0.918705744  
2011  3  8.000000    23.9951210157      -0.791199629  
2011  3 13.000000     0.0126153463      -0.696568144  
2011  3 18.000000     0.0300907139      -0.573525727  
2011  3 23.000000     0.0471730997      -0.454415747  
2011  3 28.000000     0.0650405065      -0.357665622  
2011  4  2.000000     0.0821600633      -0.227327125  
2011  4  7.000000     0.0991495931      -0.124371390  
2011  4 12.000000     0.1164087738      -0.022348164  
2011  4 17.000000     0.1324520448       0.101186544  
2011  4 22.000000     0.1486366009       0.186751212  
2011  4 27.000000     0.1643331022       0.292640566  
2011  5  2.000000     0.1787681138       0.396056466  
2011  5  7.000000     0.1933862322       0.468324443  
2011  5 12.000000     0.2067085872       0.570409162  
2011  5 17.000000     0.2190581290       0.644978113  
2011  5 22.000000     0.2312698933       0.708936194  
2011  5 27.000000     0.2416548916       0.795224361  
2011  6  1.000000     0.2515032993       0.839808504  
2011  6  6.000000     0.2605434216       0.897179325  
2011  6 11.000000     0.2676533487       0.955062989  
2011  6 16.000000     0.2745106225       0.974675807  
2011  6 21.000000     0.2798054018       1.021532332  
2011  6 26.000000     0.2835503189       1.043174846  
2011  7  1.000000     0.2869595607       1.045816737  
2011  7  6.000000     0.2882528509       1.073264452  
2011  7 11.000000     0.2886245002       1.058233782  
2011  7 16.000000     0.2882109498       1.050034379  
2011  7 21.000000     0.2856504337       1.048352655  
2011  7 26.000000     0.2827462873       1.004281090  
2011  7 31.000000     0.2784315297       0.986499505  
2011  8  5.000000     0.2724729332       0.949799972  
2011  8 10.000000     0.2664127516       0.888717846  
2011  8 15.000000     0.2585406194       0.857653710  
2011  8 20.000000     0.2499093346       0.788273827  
2011  8 25.000000     0.2410080697       0.722141711  
2011  8 30.000000     0.2303723860       0.672180926  
2011  9  4.000000     0.2198479649       0.580773605  
2011  9  9.000000     0.2086834601       0.516978557  
2011  9 14.000000     0.1964656025       0.445682223  
2011  9 19.000000     0.1849022691       0.348703655  
2011  9 24.000000     0.1724313665       0.288879854  
2011  9 29.000000     0.1599300232       0.200369273  
2011 10  4.000000     0.1481643440       0.114067780  
2011 10  9.000000     0.1356615200       0.056113499  
2011 10 14.000000     0.1241479928      -0.037553342  
2011 10 19.000000     0.1131148640      -0.101988889  
2011 10 24.000000     0.1019672420      -0.160139021  
2011 10 29.000000     0.0924304528      -0.242513401  
2011 11  3.000000     0.0831096950      -0.281698472  
2011 11  8.000000     0.0746065901      -0.337763592  
2011 11 13.000000     0.0678021612      -0.392981550  
2011 11 18.000000     0.0611779810      -0.410233655  
2011 11 23.000000     0.0562151464      -0.456571674  
2011 11 28.000000     0.0526106211      -0.475110420  
2011 12  3.000000     0.0495306630      -0.476285496  
2011 12  8.000000     0.0485872262      -0.501256825  
2011 12 13.000000     0.0484944446      -0.482455395  
2011 12 18.000000     0.0494873197      -0.471654113  
2011 12 23.000000     0.0525538772      -0.464474082  
2011 12 28.000000     0.0561165928      -0.415620342  
2012  1  2.000000     0.0613407149      -0.391996360  
2012  1  7.000000     0.0681240376      -0.346982150  
2012  1 12.000000     0.0753318456      -0.279248360  
2012  1 17.000000     0.0844850417      -0.237867464  
2012  1 22.000000     0.0944739846      -0.157589106  
2012  1 27.000000     0.1051340458      -0.080731034  
2012  2  1.000000     0.1176052282      -0.015158190  
2012  2  6.000000     0.1302516755       0.090359237  
2012  2 11.000000     0.1439197782       0.171288947  
2012  2 16.000000     0.1588308372       0.264061270  
2012  2 21.000000     0.1735712323       0.380873822  
2012  2 26.000000     0.1895953451       0.466796956  
2012  3  2.000000     0.2060368285       0.583584872  
2012  3  7.000000     0.2223082896       0.698633930  
2012  3 12.000000     0.2397860866       0.793424976  
2012  3 17.000000     0.2568713792       0.924126970  
2012  3 22.000000     0.2740820759       1.029639244  
2012  3 27.000000     0.2920262149       1.136422531  
2012  4  1.000000     0.3090238501       1.266859488  
2012  4  6.000000     0.3264601346       1.361439167  
2012  4 11.000000     0.3438273803       1.478261140  
2012  4 16.000000     0.3601346689       1.594631273  
2012  4 21.000000     0.3769907548       1.681958731  
2012  4 26.000000     0.3928905565       1.800779808  
2012  5  1.000000     0.4079858585       1.893989396  
2012  5  6.000000     0.4233193752       1.978267250  
2012  5 11.000000     0.4370365967       2.086231073  
2012  5 16.000000     0.4504069445       2.154365567  
2012  5 21.000000     0.4633222288       2.236566559  
2012  5 26.000000     0.4743992757       2.320415445  
2012  5 31.000000     0.4854345587       2.367468526  
2012  6  5.000000     0.4951365430       2.442374522  
2012  6 10.000000     0.5032941459       2.493078126  
2012  6 15.000000     0.5113539266       2.525765443  
2012  6 20.000000     0.5173655520       2.583329400  
2012  6 25.000000     0.5224177264       2.599107066  
2012  6 30.000000     0.5268537920       2.621769992  
2012  7  5.000000     0.5290123572       2.650541213  
2012  7 10.000000     0.5308038756       2.637140537  
2012  7 15.000000     0.5312215305       2.649214265  
2012  7 20.000000     0.5297107219       2.641532614  
2012  7 25.000000     0.5280616211       2.608791576  
2012  7 30.000000     0.5243993305       2.604341563  
2012  8  4.000000     0.5196214485       2.560214762  
2012  8  9.000000     0.5144946293       2.517803974  
2012  8 14.000000     0.5072009838       2.489181412  
2012  8 19.000000     0.4996613346       2.417098762  
2012  8 24.000000     0.4912423014       2.370152243  
2012  8 29.000000     0.4811645167       2.312681064  
2012  9  3.000000     0.4714414293       2.227065055  
2012  9  8.000000     0.4603809382       2.175585395  
2012  9 13.000000     0.4486527425       2.091995659  
2012  9 18.000000     0.4373678019       2.007760232  
2012  9 23.000000     0.4247191572       1.948381896  
2012  9 28.000000     0.4125309657       1.849887385  
2012 10  3.000000     0.4005078868       1.777914240  
2012 10  8.000000     0.3876822563       1.708639724  
2012 10 13.000000     0.3761061499       1.612056931  
2012 10 18.000000     0.3643332526       1.556158432  
2012 10 23.000000     0.3527777375       1.480069981  
2012 10 28.000000     0.3427344059       1.402668803  
2012 11  2.000000     0.3324182889       1.361153978  
2012 11  7.000000     0.3233838400       1.287867841  
2012 11 12.000000     0.3155953028       1.241226484  
2012 11 17.000000     0.3079047041       1.210260086  
2012 11 22.000000     0.3022450120       1.153932713  
2012 11 27.000000     0.2973616684       1.141256427  
2012 12  2.000000     0.2932917665       1.119408940  
2012 12  7.000000     0.2913973191       1.093642911  
2012 12 12.000000     0.2899134180       1.109993703  
2012 12 17.000000     0.2900413351       1.100620505  
2012 12 22.000000     0.2919615104       1.113643529  
2012 12 27.000000     0.2942671040       1.150241592  
2013  1  1.000000     0.2986946882       1.160841754  
2013  1  6.000000     0.3042016942       1.212072907  
2013  1 11.000000     0.3104224320       1.260888030  
2013  1 16.000000     0.3188073984       1.299774127  
2013  1 21.000000     0.3275986746       1.380821441  
2013  1 26.000000     0.3375934143       1.438526053  
2013  1 31.000000     0.3492513021       1.510067402  
2013  2  5.000000     0.3609288573       1.607819709  
2013  2 10.000000     0.3742103085       1.676316555  
2013  2 15.000000     0.3883334087       1.778180663  
2013  2 20.000000     0.4024944256       1.880396856  
2013  2 25.000000     0.4182829608       1.964312434  
2013  3  2.000000     0.4340260752       2.086613847  
2013  3  7.000000     0.4501404294       2.185747390  
2013  3 12.000000     0.4674615364       2.288412827  
2013  3 17.000000     0.4841224165       2.417103420  
2013  3 22.000000     0.5015412956       2.512021078  
2013  3 27.000000     0.5193314655       2.631374723  
2013  4  1.000000     0.5362808051       2.752415646  
2013  4  6.000000     0.5541663854       2.846519910  
2013  4 11.000000     0.5714722459       2.974183574  
2013  4 16.000000     0.5881883079       3.078377818  
2013  4 21.000000     0.6055608738       3.175565134  
2013  4 26.000000     0.6215746815       3.298194657  
2013  5  1.000000     0.6374738949       3.383010980  
2013  5  6.000000     0.6533217908       3.483535984  
2013  5 11.000000     0.6675015000       3.587429560  
2013  5 16.000000     0.6819195139       3.656342445  
2013  5 21.000000     0.6953097745       3.754258260  
2013  5 26.000000     0.7072429897       3.829494941  
2013  5 31.000000     0.7193852402       3.888109630  
2013  6  5.000000     0.7296567535       3.972466127  
2013  6 10.000000     0.7390443312       4.016424658  
2013  6 15.000000     0.7480876447       4.067966078  
2013  6 20.000000     0.7548529761       4.126069307  
2013  6 25.000000     0.7613303114       4.142946180  
2013  6 30.000000     0.7665992629       4.185320824  
2013  7  5.000000     0.7698156980       4.208159057  
2013  7 10.000000     0.7729851572       4.206157223  
2013  7 15.000000     0.7740972658       4.231695245  
2013  7 20.000000     0.7738769381       4.217285847  
2013  7 25.000000     0.7733534953       4.203905114  
2013  7 30.000000     0.7704039645       4.202990208  
2013  8  4.000000     0.7669879139       4.157731625  
2013  8  9.000000     0.7625916978       4.135974439  
2013  8 14.000000     0.7560701559       4.101689832  
2013  8 19.000000     0.7496909315       4.037556384  
2013  8 24.000000     0.7416649927       4.005149265  
2013  8 29.000000     0.7324310259       3.938117013  
2013  9  3.000000     0.7234161852       3.868078727  
2013  9  8.000000     0.7124839723       3.819751797  
2013  9 13.000000     0.7014911630       3.729242895  
2013  9 18.000000     0.6903609951       3.662466291  
2013  9 23.000000     0.6777435628       3.594904737  
2013  9 28.000000     0.6659766836       3.496884711  
2013 10  3.000000     0.6535693328       3.436515825  
2013 10  8.000000     0.6406857956       3.352218782  
2013 10 13.000000     0.6290247464       3.263765442  
2013 10 18.000000     0.6165404557       3.208321977  
2013 10 23.000000     0.6048225504       3.117704600  
2013 10 28.000000     0.5941205052       3.051531527  
2013 11  2.000000     0.5829298649       2.998283293  
2013 11  7.000000     0.5734856211       2.917037180  
2013 11 12.000000     0.5645933912       2.878133574  
2013 11 17.000000     0.5560629558       2.827751694  
2013 11 22.000000     0.5496567028       2.772043850  
2013 11 27.000000     0.5434155237       2.757784662  
2013 12  2.000000     0.5385481248       2.716114609  
2013 12  7.000000     0.5355591490       2.696775212  
2013 12 12.000000     0.5327588817       2.700828016  
2013 12 17.000000     0.5321170603       2.678277149  
2013 12 22.000000     0.5326853954       2.697360897  
2013 12 27.000000     0.5338675011       2.714084359  
2014  1  1.000000     0.5374530669       2.721389533  
2014  1  6.000000     0.5415753244       2.772494063  
2014  1 11.000000     0.5469832464       2.800821841  
2014  1 16.000000     0.5544153875       2.844577347  
2014  1 21.000000     0.5619821244       2.916283298  
2014  1 26.000000     0.5714003321       2.959746492  
2014  1 31.000000     0.5820365025       3.038856657  
2014  2  5.000000     0.5928677221       3.120158016  
2014  2 10.000000     0.6057255184       3.184822022  
2014  2 15.000000     0.6188676564       3.290361000  
2014  2 20.000000     0.6325949148       3.374468156  
2014  2 25.000000     0.6479865698       3.464221106  
2014  3  2.000000     0.6629941076       3.582493436  
2014  3  7.000000     0.6790808401       3.668892211  
2014  3 12.000000     0.6959947068       3.782075332  
2014  3 17.000000     0.7122940359       3.899196904  
2014  3 22.000000     0.7299205590       3.991352317  
2014  3 27.000000     0.7473580522       4.119385216  
2014  4  1.000000     0.7644445448       4.226136865  
2014  4  6.000000     0.7826360866       4.327928778  
2014  4 11.000000     0.7997647114       4.457306270  
2014  4 16.000000     0.8170399172       4.550917990  
2014  4 21.000000     0.8346936940       4.662083032  
2014  4 26.000000     0.8508971841       4.778650367  
2014  5  1.000000     0.8676672010       4.862223204  
2014  5  6.000000     0.8837733058       4.976435927  
2014  5 11.000000     0.8985781382       5.069855219  
2014  5 16.000000     0.9139432685       5.148246416  
2014  5 21.000000     0.9276846065       5.253756705  
2014  5 26.000000     0.9407001530       5.320689870  
2014  5 31.000000     0.9537212676       5.396429099  
2014  6  5.000000     0.9645757554       5.479894173  
2014  6 10.000000     0.9753067753       5.523534406  
2014  6 15.000000     0.9850835858       5.593307129  
2014  6 20.000000     0.9928115489       5.644596672  
2014  6 25.000000     1.0006916608       5.671954716  
2014  6 30.000000     1.0066150317       5.726989214  
2014  7  5.000000     1.0111289824       5.742750798  
2014  7 10.000000     1.0154943714       5.759581850  
2014  7 15.000000     1.0173324568       5.788610148  
2014  7 20.000000     1.0186241406       5.773446580  
2014  7 25.000000     1.0189855404       5.781006366  
2014  7 30.000000     1.0169285871       5.775288270  
2014  8  4.000000     1.0149201490       5.738966280  
2014  8  9.000000     1.0111001246       5.732806884  
2014  8 14.000000     1.0056745773       5.690680599  
2014  8 19.000000     1.0003594696       5.643944378  
2014  8 24.000000     0.9927193885       5.616716955  
2014  8 29.000000     0.9845893416       5.545197613  
2014  9  3.000000     0.9760941517       5.494984814  
2014  9  8.000000     0.9655070375       5.441131812  
2014  9 13.000000     0.9554069246       5.354179418  
2014  9 18.000000     0.9442734926       5.302010312  
2014  9 23.000000     0.9319832762       5.222511335  
2014  9 28.000000     0.9205942711       5.135846512  
2014 10  3.000000     0.9077997339       5.078965359  
2014 10  8.000000     0.8951835174       4.983387143  
2014 10 13.000000     0.8832883835       4.909494450  
2014 10 18.000000     0.8702307789       4.845161065  
2014 10 23.000000     0.8585049423       4.749502136  
2014 10 28.000000     0.8469780120       4.693828623  
2014 11  2.000000     0.8351994387       4.623501566  
2014 11  7.000000     0.8253478567       4.545446420  
2014 11 12.000000     0.8152695269       4.507024873  
2014 11 17.000000     0.8061451267       4.438445948  
2014 11 22.000000     0.7988224121       4.390926288  
2014 11 27.000000     0.7913057482       4.365442343  
2014 12  2.000000     0.7858121279       4.311600044  
2014 12  7.000000     0.7815199549       4.299330109  
2014 12 12.000000     0.7775712534       4.283733086  
2014 12 17.000000     0.7761217982       4.258180803  
2014 12 22.000000     0.7751942046       4.277112472  
2014 12 27.000000     0.7754839295       4.272830056  
2015  1  1.000000     0.7780606831       4.284812127  
2015  1  6.000000     0.7807750514       4.325859214  
2015  1 11.000000     0.7854865083       4.338899219  
2015  1 16.000000     0.7917119195       4.389303023  
2015  1 21.000000     0.7981876403       4.443116513  
2015  1 26.000000     0.8070305030       4.481446813  
2015  1 31.000000     0.8164411396       4.562956849  
2015  2  5.000000     0.8265960172       4.624336421  
2015  2 10.000000     0.8388427023       4.693168206  
2015  2 15.000000     0.8509343034       4.792845365  
2015  2 20.000000     0.8643954126       4.862201928  
2015  2 25.000000     0.8791372364       4.960735306  
2015  3  2.000000     0.8934794570       5.065408303  
2015  3  7.000000     0.9095392433       5.146884407  
2015  3 12.000000     0.9257958333       5.266696952  
2015  3 17.000000     0.9419326510       5.367289784  
2015  3 22.000000     0.9596396759       5.464993592  
2015  3 27.000000     0.9766016277       5.592685823  
2015  4  1.000000     0.9939923966       5.686607840  
2015  4  6.000000     1.0122126997       5.800124773  
2015  4 11.000000     1.0292187284       5.921253155  
2015  4 16.000000     1.0471455295       6.011350727  
2015  4 21.000000     1.0648152023       6.134069785  
2015  4 26.000000     1.0813866560       6.238138051  
2015  5  1.000000     1.0989108492       6.328934010  
2015  5  6.000000     1.1151040633       6.448616328  
2015  5 11.000000     1.1307763925       6.531697676  
2015  5 16.000000     1.1468596002       6.625092989  
2015  5 21.000000     1.1609691887       6.727962131  
2015  5 26.000000     1.1751913189       6.792726369  
2015  5 31.000000     1.1887869147       6.884716830  
2015  6  5.000000     1.2004234036       6.959786008  
2015  6 10.000000     1.2124863462       7.012219526  
2015  6 15.000000     1.2228066830       7.093216729  
2015  6 20.000000     1.2317618439       7.136323283  
2015  6 25.000000     1.2408241125       7.181115125  
2015  6 30.000000     1.2473886014       7.238646323  
2015  7  5.000000     1.2534387909       7.252904170  
2015  7 10.000000     1.2587401998       7.289913667  
2015  7 15.000000     1.2615005793       7.313952555  
2015  7 20.000000     1.2643456866       7.307518242  
2015  7 25.000000     1.2653667806       7.330597727  
2015  7 30.000000     1.2645327605       7.317516001  
2015  8  4.000000     1.2638275503       7.299079311  
2015  8  9.000000     1.2605675366       7.299003669  
2015  8 14.000000     1.2565289171       7.253707300  
2015  8 19.000000     1.2520252582       7.228086412  
2015  8 24.000000     1.2449651022       7.197041030  
2015  8 29.000000     1.2381139430       7.131071166  
2015  9  3.000000     1.2299530589       7.097614494  
2015  9  8.000000     1.2200528405       7.034423399  
2015  9 13.000000     1.2107851068       6.961532386  
2015  9 18.000000     1.1995929546       6.915549294  
2015  9 23.000000     1.1879916132       6.827765553  
2015  9 28.000000     1.1768161485       6.758815534  
2015 10  3.000000     1.1638050755       6.696227946  
2015 10  8.000000     1.1516570345       6.598944283  
2015 10 13.000000     1.1393058397       6.538719734  
2015 10 18.000000     1.1259875884       6.460295515  
2015 10 23.000000     1.1142794064       6.371056087  
2015 10 28.000000     1.1018515168       6.318857724  
2015 11  2.000000     1.0898125170       6.233080166  
2015 11  7.000000     1.0793628671       6.166001259  
2015 11 12.000000     1.0681703868       6.118552384  
2015 11 17.000000     1.0586764003       6.039927780  
2015 11 22.000000     1.0502227120       6.001625940  
2015 11 27.000000     1.0416647089       5.957949958  
2015 12  2.000000     1.0355384218       5.902633302  
2015 12  7.000000     1.0297577642       5.891368956  
2015 12 12.000000     1.0249356369       5.855287065  
2015 12 17.000000     1.0225175124       5.835217771  
2015 12 22.000000     1.0200925175       5.844362126  
2015 12 27.000000     1.0196695677       5.824759815 