v15.04    Планета: Уран  (INPOP13C)
          Спутник: U1 Ариэль  (Lainey V., 2015..)
                            - эфемериды на инт. 1847/01/00.5-2145/01/02.0
   Обсерватория N:  84 - Pulkovo
    Шкала времени: UTC
Средний экватор и равноденствие эпохи J2000.  ICRF. 
Координаты астрометрические 
Год  Месяц День       alpha (h)          delta (º)
2007  8  1.000000    23.2866568425      -5.476073119  
2007  8  6.000000    23.2777235116      -5.535322530  
2007  8 11.000000    23.2679780033      -5.599410554  
2007  8 16.000000    23.2575161304      -5.667694938  
2007  8 21.000000    23.2464477205      -5.739429960  
2007  8 26.000000    23.2348884368      -5.813856168  
2007  8 31.000000    23.2229539475      -5.890219112  
2007  9  5.000000    23.2107584593      -5.967796127  
2007  9 10.000000    23.1984237147      -6.045808740  
2007  9 15.000000    23.1860825365      -6.123399412  
2007  9 20.000000    23.1738704445      -6.199708235  
2007  9 25.000000    23.1619181455      -6.273915567  
2007  9 30.000000    23.1503473755      -6.345284125  
2007 10  5.000000    23.1392741157      -6.413111979  
2007 10 10.000000    23.1288185419      -6.476662778  
2007 10 15.000000    23.1190997940      -6.535211289  
2007 10 20.000000    23.1102271993      -6.588096594  
2007 10 25.000000    23.1022958792      -6.634773786  
2007 10 30.000000    23.0953853420      -6.674792959  
2007 11  4.000000    23.0895694196      -6.707737926  
2007 11  9.000000    23.0849198960      -6.733192325  
2007 11 14.000000    23.0814973925      -6.750805536  
2007 11 19.000000    23.0793465274      -6.760347430  
2007 11 24.000000    23.0784938295      -6.761696708  
2007 11 29.000000    23.0789526474      -6.754816692  
2007 12  4.000000    23.0807337749      -6.739660504  
2007 12  9.000000    23.0838415140      -6.716223364  
2007 12 14.000000    23.0882662380      -6.684581316  
2007 12 19.000000    23.0939826701      -6.644926423  
2007 12 24.000000    23.1009512511      -6.597531818  
2007 12 29.000000    23.1091276828      -6.542680301  
2008  1  3.000000    23.1184682741      -6.480654081  
2008  1  8.000000    23.1289213751      -6.411766626  
2008  1 13.000000    23.1404241118      -6.336425211  
2008  1 18.000000    23.1529017675      -6.255110105  
2008  1 23.000000    23.1662739247      -6.168330350  
2008  1 28.000000    23.1804636939      -6.076562119  
2008  2  2.000000    23.1953948756      -5.980272980  
2008  2  7.000000    23.2109848811      -5.879978110  
2008  2 12.000000    23.2271429662      -5.776256291  
2008  2 17.000000    23.2437723549      -5.669729546  
2008  2 22.000000    23.2607794504      -5.560983054  
2008  2 27.000000    23.2780774137      -5.450556941  
2008  3  3.000000    23.2955790162      -5.338996582  
2008  3  8.000000    23.3131923203      -5.226888155  
2008  3 13.000000    23.3308200098      -5.114866665  
2008  3 18.000000    23.3483652092      -5.003550557  
2008  3 23.000000    23.3657402704      -4.893493377  
2008  3 28.000000    23.3828629128      -4.785212796  
2008  4  2.000000    23.3996495786      -4.679240418  
2008  4  7.000000    23.4160133615      -4.576146475  
2008  4 12.000000    23.4318649072      -4.476509638  
2008  4 17.000000    23.4471227445      -4.380853158  
2008  4 22.000000    23.4617155341      -4.289618558  
2008  4 27.000000    23.4755750237      -4.203239926  
2008  5  2.000000    23.4886317321      -4.122162668  
2008  5  7.000000    23.5008142347      -4.046852901  
2008  5 12.000000    23.5120545904      -3.977747914  
2008  5 17.000000    23.5222979769      -3.915176572  
2008  5 22.000000    23.5314982214      -3.859419677  
2008  5 27.000000    23.5396110065      -3.810747384  
2008  6  1.000000    23.5465923159      -3.769442600  
2008  6  6.000000    23.5523996489      -3.735766044  
2008  6 11.000000    23.5570022088      -3.709896209  
2008  6 16.000000    23.5603843837      -3.691894486  
2008  6 21.000000    23.5625371890      -3.681791796  
2008  6 26.000000    23.5634546562      -3.679612450  
2008  7  1.000000    23.5631333387      -3.685354949  
2008  7  6.000000    23.5615784761      -3.698963242  
2008  7 11.000000    23.5588135204      -3.720240404  
2008  7 16.000000    23.5548751734      -3.748907379  
2008  7 21.000000    23.5498058071      -3.784663356  
2008  7 26.000000    23.5436514317      -3.827189137  
2008  7 31.000000    23.5364642481      -3.876121989  
2008  8  5.000000    23.5283118117      -3.930991074  
2008  8 10.000000    23.5192794915      -3.991199545  
2008  8 15.000000    23.5094604370      -4.056116163  
2008  8 20.000000    23.4989504909      -4.125109819  
2008  8 25.000000    23.4878475027      -4.197537132  
2008  8 30.000000    23.4762575402      -4.272697716  
2008  9  4.000000    23.4643019754      -4.349787290  
2008  9  9.000000    23.4521102142      -4.427950210  
2008  9 14.000000    23.4398106455      -4.506368995  
2008  9 19.000000    23.4275272520      -4.584258900  
2008  9 24.000000    23.4153817019      -4.660851145  
2008  9 29.000000    23.4035022440      -4.735333518  
2008 10  4.000000    23.3920220809      -4.806854815  
2008 10  9.000000    23.3810688877      -4.874623327  
2008 10 14.000000    23.3707590218      -4.937930106  
2008 10 19.000000    23.3611969286      -4.996154762  
2008 10 24.000000    23.3524816894      -5.048694051  
2008 10 29.000000    23.3447132989      -5.094941048  
2008 11  3.000000    23.3379838097      -5.134338315  
2008 11  8.000000    23.3323698827      -5.166443409  
2008 11 13.000000    23.3279312994      -5.190930988  
2008 11 18.000000    23.3247137213      -5.207552708  
2008 11 23.000000    23.3227591436      -5.216072546  
2008 11 28.000000    23.3221041014      -5.216278725  
2008 12  3.000000    23.3227706485      -5.208070124  
2008 12  8.000000    23.3247635655      -5.191451613  
2008 12 13.000000    23.3280721093      -5.166531553  
2008 12 18.000000    23.3326772564      -5.133449477  
2008 12 23.000000    23.3385594758      -5.092332735  
2008 12 28.000000    23.3456906871      -5.043375033  
2009  1  2.000000    23.3540288246      -4.986861244  
2009  1  7.000000    23.3635185831      -4.923164014  
2009  1 12.000000    23.3740957808      -4.852704512  
2009  1 17.000000    23.3856967479      -4.775880503  
2009  1 22.000000    23.3982585463      -4.693085137  
2009  1 27.000000    23.4117096039      -4.604779740  
2009  2  1.000000    23.4259684773      -4.511492817  
2009  2  6.000000    23.4409463127      -4.413800597  
2009  2 11.000000    23.4565538467      -4.312270499  
2009  2 16.000000    23.4727080826      -4.207414233  
2009  2 21.000000    23.4893253951      -4.099764572  
2009  2 26.000000    23.5063154421      -3.989908492  
2009  3  3.000000    23.5235818222      -3.878467425  
2009  3  8.000000    23.5410269658      -3.766078098  
2009  3 13.000000    23.5585598437      -3.653305656  
2009  3 18.000000    23.5760961617      -3.540685402  
2009  3 23.000000    23.5935491983      -3.428779715  
2009  3 28.000000    23.6108274925      -3.318183189  
2009  4  2.000000    23.6278372224      -3.209509778  
2009  4  7.000000    23.6444893753      -3.103325911  
2009  4 12.000000    23.6607051334      -3.000127721  
2009  4 17.000000    23.6764090959      -2.900393231  
2009  4 22.000000    23.6915231597      -2.804637819  
2009  4 27.000000    23.7059666044      -2.713381336  
2009  5  2.000000    23.7196607257      -2.627134955  
2009  5  7.000000    23.7325376033      -2.546317212  
2009  5 12.000000    23.7445385481      -2.471289400  
2009  5 17.000000    23.7556058970      -2.402423689  
2009  5 22.000000    23.7656805311      -2.340097209  
2009  5 27.000000    23.7747041213      -2.284686875  
2009  6  1.000000    23.7826268661      -2.236489412  
2009  6  6.000000    23.7894134167      -2.195706574  
2009  6 11.000000    23.7950350388      -2.162505820  
2009  6 16.000000    23.7994640275      -2.137056471  
2009  6 21.000000    23.8026744853      -2.119517283  
2009  6 26.000000    23.8046467577      -2.109991432  
2009  7  1.000000    23.8053772627      -2.108466728  
2009  7  6.000000    23.8048765281      -2.114841728  
2009  7 11.000000    23.8031597086      -2.128999205  
2009  7 16.000000    23.8002453623      -2.150806350  
2009  7 21.000000    23.7961576749      -2.180083566  
2009  7 26.000000    23.7909342752      -2.216554819  
2009  7 31.000000    23.7846321121      -2.259806871  
2009  8  5.000000    23.7773177442      -2.309386923  
2009  8 10.000000    23.7690611144      -2.364823994  
2009  8 15.000000    23.7599365314      -2.425627448  
2009  8 20.000000    23.7500270447      -2.491234435  
2009  8 25.000000    23.7394324248      -2.560958406  
2009  8 30.000000    23.7282663209      -2.634050156  
2009  9  4.000000    23.7166436084      -2.709748206  
2009  9  9.000000    23.7046789873      -2.787321450  
2009  9 14.000000    23.6924886617      -2.866011298  
2009  9 19.000000    23.6801969224      -2.944998669  
2009  9 24.000000    23.6679393165      -3.023399062  
2009  9 29.000000    23.6558510216      -3.100346395  
2009 10  4.000000    23.6440591391      -3.175041333  
2009 10  9.000000    23.6326833687      -3.246732383  
2009 10 14.000000    23.6218404803      -3.314686017  
2009 10 19.000000    23.6116504072      -3.378127707  
2009 10 24.000000    23.6022312109      -3.436326390  
2009 10 29.000000    23.5936872024      -3.488641022  
2009 11  3.000000    23.5861075336      -3.534538507  
2009 11  8.000000    23.5795691834      -3.573562888  
2009 11 13.000000    23.5741442309      -3.605262502  
2009 11 18.000000    23.5699018835      -3.629220426  
2009 11 23.000000    23.5668979194      -3.645110847  
2009 11 28.000000    23.5651695620      -3.652735839  
2009 12  3.000000    23.5647381133      -3.651998509  
2009 12  8.000000    23.5656144400      -3.642845709  
2009 12 13.000000    23.5678072623      -3.625235182  
2009 12 18.000000    23.5713171489      -3.599181018  
2009 12 23.000000    23.5761285427      -3.564814871  
2009 12 28.000000    23.5822104028      -3.522360120  
2010  1  2.000000    23.5895207123      -3.472105544  
2010  1  7.000000    23.5980146460      -3.414339691  
2010  1 12.000000    23.6076473175      -3.349346947  
2010  1 17.000000    23.6183640763      -3.277500167  
2010  1 22.000000    23.6300974518      -3.199242155  
2010  1 27.000000    23.6427711798      -3.115084041  
2010  2  1.000000    23.6563053929      -3.025533282  
2010  2  6.000000    23.6706248206      -2.931067108  
2010  2 11.000000    23.6856535357      -2.832175783  
2010  2 16.000000    23.7013065961      -2.729417399  
2010  2 21.000000    23.7174919922      -2.623404949  
2010  2 26.000000    23.7341145898      -2.514745169  
2010  3  3.000000    23.7510835229      -2.404024715  
2010  3  8.000000    23.7683148819      -2.291772416  
2010  3 13.000000    23.7857217114      -2.178562401  
2010  3 18.000000    23.8032107329      -2.065011790  
2010  3 23.000000    23.8206858425      -1.951746873  
2010  3 28.000000    23.8380536766      -1.839368347  
2010  4  2.000000    23.8552298326      -1.728409596  
2010  4  7.000000    23.8721346711      -1.619390424  
2010  4 12.000000    23.8886839179      -1.512862522  
2010  4 17.000000    23.9047901394      -1.409405418  
2010  4 22.000000    23.9203670314      -1.309570966  
2010  4 27.000000    23.9353363449      -1.213851017  
2010  5  2.000000    23.9496299691      -1.122680848  
2010  5  7.000000    23.9631802287      -1.036493149  
2010  5 12.000000    23.9759163367      -0.955760116  
2010  5 17.000000    23.9877675340      -0.880930986  
2010  5 22.000000    23.9986692533      -0.812403412  
2010  5 27.000000     0.0085698720      -0.750496117  
2010  6  1.000000     0.0174248396      -0.695478783  
2010  6  6.000000     0.0251890408      -0.647649407  
2010  6 11.000000     0.0318173267      -0.607288919  
2010  6 16.000000     0.0372695879      -0.574640001  
2010  6 21.000000     0.0415186462      -0.549844133  
2010  6 26.000000     0.0445516564      -0.532964940  
2010  7  1.000000     0.0463599759      -0.524045279  
2010  7  6.000000     0.0469362530      -0.523120592  
2010  7 11.000000     0.0462783803      -0.530195172  
2010  7 16.000000     0.0443951719      -0.545167218  
2010  7 21.000000     0.0413144430      -0.567833429  
2010  7 26.000000     0.0370749082      -0.597915096  
2010  7 31.000000     0.0317184158      -0.635133586  
2010  8  5.000000     0.0252914857      -0.679173240  
2010  8 10.000000     0.0178496900      -0.729644014  
2010  8 15.000000     0.0094654363      -0.786043761  
2010  8 20.000000     0.0002281181      -0.847759667  
2010  8 25.000000    23.9902315319      -0.914182103  
2010  8 30.000000    23.9795709274      -0.984679040  
2010  9  4.000000    23.9683465058      -1.058588302  
2010  9  9.000000    23.9566684424      -1.135168663  
2010  9 14.000000    23.9446620704      -1.213579032  
2010  9 19.000000    23.9324585942      -1.292968615  
2010  9 24.000000    23.9201841536      -1.372520548  
2010  9 29.000000    23.9079620432      -1.451440641  
2010 10  4.000000    23.8959161598      -1.528916430  
2010 10  9.000000    23.8841763402      -1.604096032  
2010 10 14.000000    23.8728769094      -1.676112493  
2010 10 19.000000    23.8621421785      -1.744178935  
2010 10 24.000000    23.8520838993      -1.807600578  
2010 10 29.000000    23.8428046059      -1.865718995  
2010 11  3.000000    23.8344032851      -1.917908627  
2010 11  8.000000    23.8269780524      -1.963537691  
2010 11 13.000000    23.8206176021      -2.002063247  
2010 11 18.000000    23.8153916932      -2.033077190  
2010 11 23.000000    23.8113541223      -2.056249073  
2010 11 28.000000    23.8085487295      -2.071322844  
2010 12  3.000000    23.8070147980      -2.078047830  
2010 12  8.000000    23.8067853989      -2.076239557  
2010 12 13.000000    23.8078763611      -2.065829699  
2010 12 18.000000    23.8102854706      -2.046867063  
2010 12 23.000000    23.8139981782      -2.019461308  
2010 12 28.000000    23.8189943640      -1.983751614  
2011  1  2.000000    23.8252522868      -1.939894630  
2011  1  7.000000    23.8327399747      -1.888113574  
2011  1 12.000000    23.8414100245      -1.828754991  
2011  1 17.000000    23.8512032561      -1.762210853  
2011  1 22.000000    23.8620552693      -1.688908651  
2011  1 27.000000    23.8739032039      -1.609257122  
2011  2  1.000000    23.8866831331      -1.523679041  
2011  2  6.000000    23.9003208729      -1.432684671  
2011  2 11.000000    23.9147321164      -1.336834342  
2011  2 16.000000    23.9298283700      -1.236712018  
2011  2 21.000000    23.9455228894      -1.132876902  
2011  2 26.000000    23.9617349091      -1.025855139  
2011  3  3.000000    23.9783807443      -0.916209655  
2011  3  8.000000    23.9953681841      -0.804554998  
2011  3 13.000000     0.0126012898      -0.691527291  
2011  3 18.000000     0.0299852538      -0.577735460  
2011  3 23.000000     0.0474327683      -0.463746452  
2011  3 28.000000     0.0648618004      -0.350097778  
2011  4  2.000000     0.0821847861      -0.237373904  
2011  4  7.000000     0.0993096946      -0.126185448  
2011  4 12.000000     0.1161448349      -0.017119199  
2011  4 17.000000     0.1326049642       0.089275770  
2011  4 22.000000     0.1486141321       0.192521019  
2011  4 27.000000     0.1640980504       0.292118654  
2011  5  2.000000     0.1789767133       0.387550155  
2011  5  7.000000     0.1931698067       0.478296532  
2011  5 12.000000     0.2066019256       0.563885428  
2011  5 17.000000     0.2192077781       0.643921614  
2011  5 22.000000     0.2309309048       0.718035848  
2011  5 27.000000     0.2417122853       0.785853363  
2011  6  1.000000     0.2514911970       0.846985141  
2011  6  6.000000     0.2602109961       0.901089045  
2011  6 11.000000     0.2678252835       0.947893522  
2011  6 16.000000     0.2743008310       0.987207810  
2011  6 21.000000     0.2796093677       1.018854166  
2011  6 26.000000     0.2837212191       1.042651138  
2011  7  1.000000     0.2866102589       1.058456920  
2011  7  6.000000     0.2882605161       1.066193609  
2011  7 11.000000     0.2886717366       1.065900445  
2011  7 16.000000     0.2878562479       1.057670334  
2011  7 21.000000     0.2858289404       1.041608184  
2011  7 26.000000     0.2826072167       1.017852353  
2011  7 31.000000     0.2782183790       0.986602209  
2011  8  5.000000     0.2727048476       0.948175365  
2011  8 10.000000     0.2661272944       0.902988452  
2011  8 15.000000     0.2585537130       0.851489025  
2011  8 20.000000     0.2500534553       0.794144128  
2011  8 25.000000     0.2407027293       0.731467446  
2011  8 30.000000     0.2305894519       0.664064383  
2011  9  4.000000     0.2198188145       0.592642462  
2011  9  9.000000     0.2085067680       0.517967520  
2011  9 14.000000     0.1967682834       0.440782529  
2011  9 19.000000     0.1847177079       0.361848071  
2011  9 24.000000     0.1724746150       0.281956680  
2011  9 29.000000     0.1601676824       0.201962963  
2011 10  4.000000     0.1479349409       0.122776490  
2011 10  9.000000     0.1359109052       0.045251106  
2011 10 14.000000     0.1242195448      -0.029806567  
2011 10 19.000000     0.1129802534      -0.101627559  
2011 10 24.000000     0.1023114425      -0.169431666  
2011 10 29.000000     0.0923336761      -0.232440516  
2011 11  3.000000     0.0831633164      -0.289920257  
2011 11  8.000000     0.0748991574      -0.341256294  
2011 11 13.000000     0.0676255764      -0.385924378  
2011 11 18.000000     0.0614180478      -0.423439173  
2011 11 23.000000     0.0563475415      -0.453354871  
2011 11 28.000000     0.0524802276      -0.475265503  
2011 12  3.000000     0.0498664107      -0.488886333  
2011 12  8.000000     0.0485359768      -0.494055607  
2011 12 13.000000     0.0485058291      -0.490685003  
2011 12 18.000000     0.0497858190      -0.478724776  
2011 12 23.000000     0.0523816331      -0.458158694  
2011 12 28.000000     0.0562899829      -0.429047977  
2012  1  2.000000     0.0614889198      -0.391570072  
2012  1  7.000000     0.0679420195      -0.345988742  
2012  1 12.000000     0.0756062023      -0.292599171  
2012  1 17.000000     0.0844363362      -0.231702938  
2012  1 22.000000     0.0943857552      -0.163637133  
2012  1 27.000000     0.1053962390      -0.088808311  
2012  2  1.000000     0.1173962368      -0.007712101  
2012  2  6.000000     0.1303080828       0.079132312  
2012  2 11.000000     0.1440539056       0.171216707  
2012  2 16.000000     0.1585596977       0.268040559  
2012  2 21.000000     0.1737485712       0.369078863  
2012  2 26.000000     0.1895334759       0.473739280  
2012  3  2.000000     0.2058208939       0.581403553  
2012  3  7.000000     0.2225181779       0.691461705  
2012  3 12.000000     0.2395376703       0.803348941  
2012  3 17.000000     0.2567971044       0.916507149  
2012  3 22.000000     0.2742086493       1.030348780  
2012  3 27.000000     0.2916774653       1.144251405  
2012  4  1.000000     0.3091089689       1.257596197  
2012  4  6.000000     0.3264131646       1.369814322  
2012  4 11.000000     0.3435087403       1.480375533  
2012  4 16.000000     0.3603165275       1.588758549  
2012  4 21.000000     0.3767503494       1.694399641  
2012  4 26.000000     0.3927224277       1.796740689  
2012  5  1.000000     0.4081490236       1.895257434  
2012  5  6.000000     0.4229549735       1.989484304  
2012  5 11.000000     0.4370736772       2.078997922  
2012  5 16.000000     0.4504361966       2.163353541  
2012  5 21.000000     0.4629693008       2.242095667  
2012  5 26.000000     0.4746031693       2.314800963  
2012  5 31.000000     0.4852765014       2.381106855  
2012  6  5.000000     0.4949390392       2.440714176  
2012  6 10.000000     0.5035468940       2.493350328  
2012  6 15.000000     0.5110518440       2.538723470  
2012  6 20.000000     0.5174078571       2.576567256  
2012  6 25.000000     0.5225776823       2.606681648  
2012  6 30.000000     0.5265369835       2.628944176  
2012  7  5.000000     0.5292742637       2.643301660  
2012  7 10.000000     0.5307800955       2.649709711  
2012  7 15.000000     0.5310454329       2.648131645  
2012  7 20.000000     0.5300697178       2.638607699  
2012  7 25.000000     0.5278670375       2.621259610  
2012  7 30.000000     0.5244679042       2.596313325  
2012  8  4.000000     0.5199127702       2.564039869  
2012  8  9.000000     0.5142430644       2.524719103  
2012  8 14.000000     0.5075060676       2.478687192  
2012  8 19.000000     0.4997629101       2.426371380  
2012  8 24.000000     0.4910917146       2.368300636  
2012  8 29.000000     0.4815850468       2.305077690  
2012  9  3.000000     0.4713379158       2.237326512  
2012  9  8.000000     0.4604460834       2.165672543  
2012  9 13.000000     0.4490136300       2.090820906  
2012  9 18.000000     0.4371571242       2.013541977  
2012  9 23.000000     0.4250064361       1.934678944  
2012  9 28.000000     0.4126937026       1.855084410  
2012 10  3.000000     0.4003446582       1.775565945  
2012 10  8.000000     0.3880832702       1.696937919  
2012 10 13.000000     0.3760372063       1.620037269  
2012 10 18.000000     0.3643401153       1.545729189  
2012 10 23.000000     0.3531261881       1.474863911  
2012 10 28.000000     0.3425169415       1.408208990  
2012 11  2.000000     0.3326207111       1.346453054  
2012 11  7.000000     0.3235398826       1.290257675  
2012 11 12.000000     0.3153742531       1.240260171  
2012 11 17.000000     0.3082207780       1.197060650  
2012 11 22.000000     0.3021636104       1.161169009  
2012 11 27.000000     0.2972657117       1.132962628  
2012 12  2.000000     0.2935771714       1.112745917  
2012 12  7.000000     0.2911402922       1.100779640  
2012 12 12.000000     0.2899925382       1.097273650  
2012 12 17.000000     0.2901626006       1.102375876  
2012 12 22.000000     0.2916594558       1.116100393  
2012 12 27.000000     0.2944746637       1.138365686  
2013  1  1.000000     0.2985914268       1.169041889  
2013  1  6.000000     0.3039889008       1.207969204  
2013  1 11.000000     0.3106421481       1.254954820  
2013  1 16.000000     0.3185152391       1.309715652  
2013  1 21.000000     0.3275546001       1.371879517  
2013  1 26.000000     0.3376983959       1.441021070  
2013  1 31.000000     0.3488831029       1.516715320  
2013  2  5.000000     0.3610457370       1.598528850  
2013  2 10.000000     0.3741205165       1.686000585  
2013  2 15.000000     0.3880299261       1.778595130  
2013  2 20.000000     0.4026866996       1.875732720  
2013  2 25.000000     0.4180033929       1.976842263  
2013  3  2.000000     0.4338961100       2.081362302  
2013  3  7.000000     0.4502844048       2.188758752  
2013  3 12.000000     0.4670831874       2.298449331  
2013  3 17.000000     0.4841981684       2.409816336  
2013  3 22.000000     0.5015331245       2.522242495  
2013  3 27.000000     0.5189967302       2.635137067  
2013  4  1.000000     0.5365042287       2.747953397  
2013  4  6.000000     0.5539732410       2.860146913  
2013  4 11.000000     0.5713147512       2.971138953  
2013  4 16.000000     0.5884350105       3.080340523  
2013  4 21.000000     0.6052445925       3.187195771  
2013  4 26.000000     0.6216612959       3.291192258  
2013  5  1.000000     0.6376105415       3.391858983  
2013  5  6.000000     0.6530163184       3.488713500  
2013  5 11.000000     0.6677963849       3.581246932  
2013  5 16.000000     0.6818703035       3.668984242  
2013  5 21.000000     0.6951654587       3.751489383  
2013  5 26.000000     0.7076188979       3.828385697  
2013  5 31.000000     0.7191733064       3.899328471  
2013  6  5.000000     0.7297673091       3.963941436  
2013  6 10.000000     0.7393382190       4.021874688  
2013  6 15.000000     0.7478314367       4.072816457  
2013  6 20.000000     0.7552036306       4.116530542  
2013  6 25.000000     0.7614223459       4.152834920  
2013  6 30.000000     0.7664582711       4.181563997  
2013  7  5.000000     0.7702792249       4.202548576  
2013  7 10.000000     0.7728601454       4.215668660  
2013  7 15.000000     0.7741892901       4.220893465  
2013  7 20.000000     0.7742694066       4.218259384  
2013  7 25.000000     0.7731139297       4.207873592  
2013  7 30.000000     0.7707368824       4.189838059  
2013  8  4.000000     0.7671561425       4.164302824  
2013  8  9.000000     0.7624036481       4.131501124  
2013  8 14.000000     0.7565281732       4.091763385  
2013  8 19.000000     0.7495933476       4.045504232  
2013  8 24.000000     0.7416689597       3.993164698  
2013  8 29.000000     0.7328252508       3.935215700  
2013  9  3.000000     0.7231421448       3.872182966  
2013  9  8.000000     0.7127154923       3.804694871  
2013  9 13.000000     0.7016557858       3.733458449  
2013  9 18.000000     0.6900817021       3.659217736  
2013  9 23.000000     0.6781093301       3.582719303  
2013  9 28.000000     0.6658549089       3.504712660  
2013 10  3.000000     0.6534436235       3.426009751  
2013 10  8.000000     0.6410101524       3.347471585  
2013 10 13.000000     0.6286948568       3.269976648  
2013 10 18.000000     0.6166314164       3.194367663  
2013 10 23.000000     0.6049428909       3.121427838  
2013 10 28.000000     0.5937494789       3.051932940  
2013 11  2.000000     0.5831731189       2.986653073  
2013 11  7.000000     0.5733353193       2.926353723  
2013 11 12.000000     0.5643492236       2.871720900  
2013 11 17.000000     0.5563090277       2.823344305  
2013 11 22.000000     0.5492953323       2.781735603  
2013 11 27.000000     0.5433834071       2.747353377  
2013 12  2.000000     0.5386433213       2.720635679  
2013 12  7.000000     0.5351374119       2.701932749  
2013 12 12.000000     0.5329092066       2.691494428  
2013 12 17.000000     0.5319820259       2.689448262  
2013 12 22.000000     0.5323697760       2.695864403  
2013 12 27.000000     0.5340809788       2.710770665  
2014  1  1.000000     0.5371181717       2.734146505  
2014  1  6.000000     0.5414725176       2.765893888  
2014  1 11.000000     0.5471150792       2.805790930  
2014  1 16.000000     0.5540051396       2.853564905  
2014  1 21.000000     0.5620989708       2.908904407  
2014  1 26.000000     0.5713507022       2.971489369  
2014  1 31.000000     0.5817100683       3.040956896  
2014  2  5.000000     0.5931146108       3.116868471  
2014  2 10.000000     0.6054878536       3.198722754  
2014  2 15.000000     0.6187519029       3.286000160  
2014  2 20.000000     0.6328308457       3.378198328  
2014  2 25.000000     0.6476496265       3.474806380  
2014  3  2.000000     0.6631293923       3.575289099  
2014  3  7.000000     0.6791796212       3.679057174  
2014  3 12.000000     0.6957056602       3.785498094  
2014  3 17.000000     0.7126173388       3.894037503  
2014  3 22.000000     0.7298294748       4.004113774  
2014  3 27.000000     0.7472584767       4.115182857  
2014  4  1.000000     0.7648149039       4.226665096  
2014  4  6.000000     0.7824019848       4.337952939  
2014  4 11.000000     0.7999260795       4.448471104  
2014  4 16.000000     0.8173011245       4.557676036  
2014  4 21.000000     0.8344464705       4.665064977  
2014  4 26.000000     0.8512813094       4.770122334  
2014  5  1.000000     0.8677175450       4.872319002  
2014  5  6.000000     0.8836665389       4.971120088  
2014  5 11.000000     0.8990474433       5.066050855  
2014  5 16.000000     0.9137876959       5.156674663  
2014  5 21.000000     0.9278198678       5.242576747  
2014  5 26.000000     0.9410725492       5.323346256  
2014  5 31.000000     0.9534708231       5.398543962  
2014  6  5.000000     0.9649460357       5.467790665  
2014  6 10.000000     0.9754399981       5.530753331  
2014  6 15.000000     0.9849038668       5.587151358  
2014  6 20.000000     0.9932915151       5.636724025  
2014  6 25.000000     1.0005528359       5.679196974  
2014  6 30.000000     1.0066417515       5.714329227  
2014  7  5.000000     1.0115244155       5.741944942  
2014  7 10.000000     1.0151798852       5.761943892  
2014  7 15.000000     1.0175968867       5.774268214  
2014  7 20.000000     1.0187648165       5.778880731  
2014  7 25.000000     1.0186740479       5.775757069  
2014  7 30.000000     1.0173281997       5.764945155  
2014  8  4.000000     1.0147464830       5.746591146  
2014  8  9.000000     1.0109629668       5.720902799  
2014  8 14.000000     1.0060190964       5.688149315  
2014  8 19.000000     0.9999563511       5.648606832  
2014  8 24.000000     0.9928259972       5.602609207  
2014  8 29.000000     0.9846960673       5.550596145  
2014  9  3.000000     0.9756511025       5.493083105  
2014  9  8.000000     0.9657864101       5.430662715  
2014  9 13.000000     0.9551990506       5.363933902  
2014  9 18.000000     0.9439867810       5.293525950  
2014  9 23.000000     0.9322603751       5.220130866  
2014  9 28.000000     0.9201440026       5.144522411  
2014 10  3.000000     0.9077710259       5.067525081  
2014 10  8.000000     0.8952752361       4.989958243  
2014 10 13.000000     0.8827825565       4.912625162  
2014 10 18.000000     0.8704195793       4.836319465  
2014 10 23.000000     0.8583196174       4.761883702  
2014 10 28.000000     0.8466195075       4.690157608  
2014 11  2.000000     0.8354522443       4.621964592  
2014 11  7.000000     0.8249367900       4.558045348  
2014 11 12.000000     0.8151792427       4.499070474  
2014 11 17.000000     0.8062827335       4.445695174  
2014 11 22.000000     0.7983484702       4.398531965  
2014 11 27.000000     0.7914705067       4.358157561  
2014 12  2.000000     0.7857269634       4.325041481  
2014 12  7.000000     0.7811755255       4.299538925  
2014 12 12.000000     0.7778622709       4.281938481  
2014 12 17.000000     0.7758290513       4.272479824  
2014 12 22.000000     0.7751102891       4.271353632  
2014 12 27.000000     0.7757284097       4.278666768  
2015  1  1.000000     0.7776852334       4.294409263  
2015  1  6.000000     0.7809668660       4.318478608  
2015  1 11.000000     0.7855546890       4.350736533  
2015  1 16.000000     0.7914263593       4.391009746  
2015  1 21.000000     0.7985531399       4.439073011  
2015  1 26.000000     0.8068924961       4.494633894  
2015  1 31.000000     0.8163858422       4.557293448  
2015  2  5.000000     0.8269691240       4.626637981  
2015  2 10.000000     0.8385795000       4.702238118  
2015  2 15.000000     0.8511530611       4.783651172  
2015  2 20.000000     0.8646201656       4.870412948  
2015  2 25.000000     0.8788993693       4.961982130  
2015  3  2.000000     0.8939010459       5.057792034  
2015  3  7.000000     0.9095395232       5.157281012  
2015  3 12.000000     0.9257327203       5.259913776  
2015  3 17.000000     0.9423988735       5.365147999  
2015  3 22.000000     0.9594505069       5.472424470  
2015  3 27.000000     0.9767908599       5.581136721  
2015  4  1.000000     0.9943246756       5.690688757  
2015  4  6.000000     1.0119638507       5.800531303  
2015  4 11.000000     1.0296249527       5.910128086  
2015  4 16.000000     1.0472236128       6.018957133  
2015  4 21.000000     1.0646688673       6.126460541  
2015  4 26.000000     1.0818662935       6.232077589  
2015  5  1.000000     1.0987287750       6.335286973  
2015  5  6.000000     1.1151776002       6.435609205  
2015  5 11.000000     1.1311370696       6.532592607  
2015  5 16.000000     1.1465289134       6.625773012  
2015  5 21.000000     1.1612693611       6.714675382  
2015  5 26.000000     1.1752784671       6.798845196  
2015  5 31.000000     1.1884871666       6.877883900  
2015  6  5.000000     1.2008335270       6.951440274  
2015  6 10.000000     1.2122582525       7.019173109  
2015  6 15.000000     1.2226973934       7.080738109  
2015  6 20.000000     1.2320880645       7.135793605  
2015  6 25.000000     1.2403779636       7.184058286  
2015  6 30.000000     1.2475268749       7.225314331  
2015  7  5.000000     1.2535023928       7.259385829  
2015  7 10.000000     1.2582724723       7.286110640  
2015  7 15.000000     1.2618045040       7.305328098  
2015  7 20.000000     1.2640752001       7.316936118  
2015  7 25.000000     1.2650776492       7.320900889  
2015  7 30.000000     1.2648172528       7.317275909  
2015  8  4.000000     1.2633071907       7.306144470  
2015  8  9.000000     1.2605609934       7.287612450  
2015  8 14.000000     1.2565987403       7.261830081  
2015  8 19.000000     1.2514584613       7.229024903  
2015  8 24.000000     1.2451945196       7.189529352  
2015  8 29.000000     1.2378734229       7.143737387  
2015  9  3.000000     1.2295660061       7.092082982  
2015  9  8.000000     1.2203445175       7.035015918  
2015  9 13.000000     1.2102952907       6.973066837  
2015  9 18.000000     1.1995217788       6.906851058  
2015  9 23.000000     1.1881397192       6.837063189  
2015  9 28.000000     1.1762696746       6.764432811  
2015 10  3.000000     1.1640295367       6.689681402  
2015 10  8.000000     1.1515390912       6.613556926  
2015 10 13.000000     1.1389306992       6.536861365  
2015 10 18.000000     1.1263449490       6.460446245  
2015 10 23.000000     1.1139225458       6.385171108  
2015 10 28.000000     1.1017974790       6.311856755  
2015 11  2.000000     1.0900919275       6.241275145  
2015 11  7.000000     1.0789290872       6.174187117  
2015 11 12.000000     1.0684347173       6.111360407  
2015 11 17.000000     1.0587295748       6.053533220  
2015 11 22.000000     1.0499226391       6.001372526  
2015 11 27.000000     1.0421042801       5.955447234  
2015 12  2.000000     1.0353525330       5.916241713  
2015 12  7.000000     1.0297425999       5.884216641  
2015 12 12.000000     1.0253437815       5.859777534  
2015 12 17.000000     1.0222118785       5.843257974  
2015 12 22.000000     1.0203838495       5.834874418  
2015 12 27.000000     1.0198779267       5.834735280 