v15.04    Планета: Уран  (INPOP13C)
          Спутник: U3 Титани  (Lainey V., 2015..)
                            - эфемериды на инт. 1847/01/00.5-2145/12/03.2
   Обсерватория N:  84 - Pulkovo
    Шкала времени: UTC
Средний экватор и равноденствие эпохи J2000.  ICRF. 
Координаты астрометрические 
Год  Месяц День       alpha (h)          delta (º)
2007  8  1.000000    23.2867862267      -5.483283296  
2007  8  6.000000    23.2775602286      -5.526537550  
2007  8 11.000000    23.2680307087      -5.602261778  
2007  8 16.000000    23.2574573265      -5.664492284  
2007  8 21.000000    23.2463510005      -5.734163754  
2007  8 26.000000    23.2349525492      -5.817214854  
2007  8 31.000000    23.2227535655      -5.879178361  
2007  9  5.000000    23.2108517226      -5.972947158  
2007  9 10.000000    23.1982469264      -6.035622582  
2007  9 15.000000    23.1860791708      -6.123725779  
2007  9 20.000000    23.1738186415      -6.196007891  
2007  9 25.000000    23.1617707262      -6.266486862  
2007  9 30.000000    23.1504119533      -6.348297409  
2007 10  5.000000    23.1390548327      -6.401147041  
2007 10 10.000000    23.1288894385      -6.481082545  
2007 10 15.000000    23.1189388506      -6.525527733  
2007 10 20.000000    23.1101903316      -6.587570018  
2007 10 25.000000    23.1022739268      -6.632442448  
2007 10 30.000000    23.0952209789      -6.667221667  
2007 11  4.000000    23.0896525643      -6.712091844  
2007 11  9.000000    23.0847173426      -6.722438082  
2007 11 14.000000    23.0815698467      -6.756096810  
2007 11 19.000000    23.0792291955      -6.753135922  
2007 11 24.000000    23.0784583800      -6.761943442  
2007 11 29.000000    23.0789792287      -6.755424516  
2007 12  4.000000    23.0805911149      -6.733544886  
2007 12  9.000000    23.0839617834      -6.723062274  
2007 12 14.000000    23.0881102480      -6.676398423  
2007 12 19.000000    23.0940831028      -6.651938481  
2007 12 24.000000    23.1008933816      -6.593735987  
2007 12 29.000000    23.1091245659      -6.544344727  
2008  1  3.000000    23.1185507056      -6.484633669  
2008  1  8.000000    23.1288233549      -6.407471127  
2008  1 13.000000    23.1405895274      -6.345748235  
2008  1 18.000000    23.1527994220      -6.249540151  
2008  1 23.000000    23.1664127286      -6.176749548  
2008  1 28.000000    23.1804577756      -6.075826228  
2008  2  2.000000    23.1954287762      -5.982769111  
2008  2  7.000000    23.2111092151      -5.886590945  
2008  2 12.000000    23.2270809733      -5.772986160  
2008  2 17.000000    23.2439682863      -5.680508483  
2008  2 22.000000    23.2607072898      -5.557003546  
2008  2 27.000000    23.2782371945      -5.459156949  
2008  3  3.000000    23.2955929088      -5.340069144  
2008  3  8.000000    23.3132377401      -5.228879072  
2008  3 13.000000    23.3309530209      -5.122694234  
2008  3 18.000000    23.3483033471      -4.999886710  
2008  3 23.000000    23.3659344401      -4.904218711  
2008  3 28.000000    23.3827792879      -4.781342738  
2008  4  2.000000    23.3997957776      -4.686485194  
2008  4  7.000000    23.4160074092      -4.577525969  
2008  4 12.000000    23.4318827536      -4.476491272  
2008  4 17.000000    23.4472305633      -4.388410017  
2008  4 22.000000    23.4616136031      -4.284136477  
2008  4 27.000000    23.4757370164      -4.212475907  
2008  5  2.000000    23.4885027546      -4.117095248  
2008  5  7.000000    23.5009168561      -4.051430192  
2008  5 12.000000    23.5120059709      -3.978252317  
2008  5 17.000000    23.5222599835      -3.912028469  
2008  5 22.000000    23.5315670047      -3.865646791  
2008  5 27.000000    23.5394492346      -3.802575978  
2008  6  1.000000    23.5467122926      -3.776325497  
2008  6  6.000000    23.5522201972      -3.728878993  
2008  6 11.000000    23.5570526928      -3.711207455  
2008  6 16.000000    23.5603015699      -3.691105159  
2008  6 21.000000    23.5624408620      -3.675272184  
2008  6 26.000000    23.5634996311      -3.684333719  
2008  7  1.000000    23.5629229676      -3.674626933  
2008  7  6.000000    23.5616703493      -3.703586521  
2008  7 11.000000    23.5586103757      -3.711961287  
2008  7 16.000000    23.5548866113      -3.747423634  
2008  7 21.000000    23.5497244614      -3.783262422  
2008  7 26.000000    23.5435170188      -3.818214575  
2008  7 31.000000    23.5365177939      -3.880200726  
2008  8  5.000000    23.5280863538      -3.919003027  
2008  8 10.000000    23.5193671474      -3.994676538  
2008  8 15.000000    23.5092767300      -4.047975146  
2008  8 20.000000    23.4989443555      -4.122317295  
2008  8 25.000000    23.4878080981      -4.197094433  
2008  8 30.000000    23.4761137697      -4.263135644  
2008  9  4.000000    23.4643921549      -4.354777341  
2008  9  9.000000    23.4519065021      -4.416747400  
2008  9 14.000000    23.4399121311      -4.510341095  
2008  9 19.000000    23.4273993784      -4.578223371  
2008  9 24.000000    23.4153767759      -4.658583318  
2008  9 29.000000    23.4035293365      -4.737512454  
2008 10  4.000000    23.3918931745      -4.798595930  
2008 10  9.000000    23.3812071126      -4.881866267  
2008 10 14.000000    23.3706026105      -4.929272386  
2008 10 19.000000    23.3613202500      -5.001789680  
2008 10 24.000000    23.3524254042      -5.046081535  
2008 10 29.000000    23.3447214934      -5.094225724  
2008 11  3.000000    23.3380791224      -5.139854279  
2008 11  8.000000    23.3322702473      -5.160363258  
2008 11 13.000000    23.3281131119      -5.200638892  
2008 11 18.000000    23.3246107438      -5.201937179  
2008 11 23.000000    23.3229029649      -5.223245774  
2008 11 28.000000    23.3221103227      -5.217005677  
2008 12  3.000000    23.3227943183      -5.208590755  
2008 12  8.000000    23.3249079064      -5.199645083  
2008 12 13.000000    23.3279982990      -5.162095361  
2008 12 18.000000    23.3328840741      -5.144560690  
2008 12 23.000000    23.3384914145      -5.088879938  
2008 12 28.000000    23.3458409651      -5.050812317  
2009  1  2.000000    23.3540653600      -4.989655142  
2009  1  7.000000    23.3635424447      -4.923565685  
2009  1 12.000000    23.3742537719      -4.862018037  
2009  1 17.000000    23.3856227807      -4.771642035  
2009  1 22.000000    23.3984593837      -4.703887733  
2009  1 27.000000    23.4116379171      -4.601928628  
2009  2  1.000000    23.4260982455      -4.517496844  
2009  2  6.000000    23.4409699351      -4.417028443  
2009  2 11.000000    23.4565482403      -4.310944493  
2009  2 16.000000    23.4728409291      -4.216191989  
2009  2 21.000000    23.4892153382      -4.094225171  
2009  2 26.000000    23.5064799614      -3.998851284  
2009  3  3.000000    23.5234684371      -3.874835303  
2009  3  8.000000    23.5411111005      -3.769291775  
2009  3 13.000000    23.5585385169      -3.655707595  
2009  3 18.000000    23.5760370682      -3.536506264  
2009  3 23.000000    23.5936365533      -3.435953929  
2009  3 28.000000    23.6106594139      -3.310448495  
2009  4  2.000000    23.6279553297      -3.215767575  
2009  4  7.000000    23.6443206781      -3.098254723  
2009  4 12.000000    23.6607390997      -2.999995576  
2009  4 17.000000    23.6763427802      -2.901571282  
2009  4 22.000000    23.6914103382      -2.797341402  
2009  4 27.000000    23.7060206334      -2.718804509  
2009  5  2.000000    23.7194430408      -2.617251383  
2009  5  7.000000    23.7326277512      -2.550000757  
2009  5 12.000000    23.7443359287      -2.465114338  
2009  5 17.000000    23.7556105891      -2.399359194  
2009  5 22.000000    23.7656026576      -2.340625062  
2009  5 27.000000    23.7745631235      -2.275018476  
2009  6  1.000000    23.7826858802      -2.240944586  
2009  6  6.000000    23.7891803300      -2.184692760  
2009  6 11.000000    23.7951328630      -2.164631983  
2009  6 16.000000    23.7992719275      -2.131009627  
2009  6 21.000000    23.8026820883      -2.114819775  
2009  6 26.000000    23.8046052329      -2.111218354  
2009  7  1.000000    23.8052410097      -2.097944484  
2009  7  6.000000    23.8049809676      -2.119753723  
2009  7 11.000000    23.8029507509      -2.118545569  
2009  7 16.000000    23.8003789395      -2.152931983  
2009  7 21.000000    23.7960190496      -2.175864063  
2009  7 26.000000    23.7909641372      -2.211888043  
2009  7 31.000000    23.7846618328      -2.263298612  
2009  8  5.000000    23.7772065261      -2.299780224  
2009  8 10.000000    23.7692286596      -2.371628183  
2009  8 15.000000    23.7597761001      -2.417431611  
2009  8 20.000000    23.7501980117      -2.494700093  
2009  8 25.000000    23.7393678385      -2.559958146  
2009  8 30.000000    23.7283145371      -2.630730162  
2009  9  4.000000    23.7167497787      -2.716469379  
2009  9  9.000000    23.7045928654      -2.779835911  
2009  9 14.000000    23.6927067038      -2.875300836  
2009  9 19.000000    23.6800868513      -2.939911840  
2009  9 24.000000    23.6681252483      -3.028553559  
2009  9 29.000000    23.6558532435      -3.102828723  
2009 10  4.000000    23.6441060039      -3.173263591  
2009 10  9.000000    23.6328442378      -3.256363765  
2009 10 14.000000    23.6217652080      -3.309258771  
2009 10 19.000000    23.6118867389      -3.389109306  
2009 10 24.000000    23.6021543176      -3.433813839  
2009 10 29.000000    23.5938576537      -3.494469449  
2009 11  3.000000    23.5861488180      -3.539417380  
2009 11  8.000000    23.5795917612      -3.572219459  
2009 11 13.000000    23.5743225094      -3.616190840  
2009 11 18.000000    23.5698157759      -3.624582367  
2009 11 23.000000    23.5671165486      -3.655923106  
2009 11 28.000000    23.5650959996      -3.651256868  
2009 12  3.000000    23.5648663988      -3.656673858  
2009 12  8.000000    23.5656558308      -3.648266924  
2009 12 13.000000    23.5677844371      -3.622629815  
2009 12 18.000000    23.5714741274      -3.609401827  
2009 12 23.000000    23.5760060939      -3.559345971  
2009 12 28.000000    23.5823831612      -3.531111544  
2010  1  2.000000    23.5894176509      -3.470075567  
2010  1  7.000000    23.5980834334      -3.416251761  
2010  1 12.000000    23.6076552907      -3.353780522  
2010  1 17.000000    23.6182812855      -3.272330854  
2010  1 22.000000    23.6302098503      -3.207411646  
2010  1 27.000000    23.6425955637      -3.107786771  
2010  2  1.000000    23.6564236417      -3.031194529  
2010  2  6.000000    23.6704754339      -2.927730856  
2010  2 11.000000    23.6856642459      -2.830671441  
2010  2 16.000000    23.7012731282      -2.732362287  
2010  2 21.000000    23.7173543988      -2.615411364  
2010  2 26.000000    23.7341892474      -2.520654911  
2010  3  3.000000    23.7508615696      -2.394954131  
2010  3  8.000000    23.7683984743      -2.294464392  
2010  3 13.000000    23.7855395488      -2.174250402  
2010  3 18.000000    23.8031898267      -2.060557413  
2010  3 23.000000    23.8206363323      -1.953776587  
2010  3 28.000000    23.8378894056      -1.829293521  
2010  4  2.000000    23.8553031868      -1.732867035  
2010  4  7.000000    23.8718979258      -1.609528556  
2010  4 12.000000    23.8887741553      -1.513628977  
2010  4 17.000000    23.9046138606      -1.405282294  
2010  4 22.000000    23.9203542868      -1.303390081  
2010  4 27.000000    23.9353161126      -1.216258306  
2010  5  2.000000    23.9494768740      -1.111915995  
2010  5  7.000000    23.9632981012      -1.040889971  
2010  5 12.000000    23.9757040147      -0.946612439  
2010  5 17.000000    23.9879035902      -0.881227402  
2010  5 22.000000    23.9985404133      -0.809998031  
2010  5 27.000000     0.0085954367      -0.744112223  
2010  6  1.000000     0.0174723769      -0.699738272  
2010  6  6.000000     0.0250720347      -0.637749054  
2010  6 11.000000     0.0320076684      -0.613031422  
2010  6 16.000000     0.0371057116      -0.567695292  
2010  6 21.000000     0.0417126859      -0.551000781  
2010  6 26.000000     0.0444911527      -0.533574250  
2010  7  1.000000     0.0464239292      -0.518717488  
2010  7  6.000000     0.0470624157      -0.530313196  
2010  7 11.000000     0.0461941647      -0.522297348  
2010  7 16.000000     0.0446500896      -0.553067220  
2010  7 21.000000     0.0411959628      -0.563957974  
2010  7 26.000000     0.0373017380      -0.600540817  
2010  7 31.000000     0.0317188036      -0.639270425  
2010  8  5.000000     0.0253626236      -0.675353226  
2010  8 10.000000     0.0180321285      -0.739817954  
2010  8 15.000000     0.0093868183      -0.780332239  
2010  8 20.000000     0.0005071680      -0.857495754  
2010  8 25.000000    23.9901351800      -0.913157946  
2010  8 30.000000    23.9797816436      -0.988240885  
2010  9  4.000000    23.9683796893      -1.065485170  
2010  9  9.000000    23.9567033829      -1.132149086  
2010  9 14.000000    23.9448596006      -1.225457588  
2010  9 19.000000    23.9323529633      -1.288463596  
2010  9 24.000000    23.9204373795      -1.382536428  
2010  9 29.000000    23.9078612681      -1.451884110  
2010 10  4.000000    23.8960655736      -1.531812077  
2010 10  9.000000    23.8842107449      -1.611899820  
2010 10 14.000000    23.8728439357      -1.672291466  
2010 10 19.000000    23.8623167170      -1.755632123  
2010 10 24.000000    23.8519318479      -1.802670912  
2010 10 29.000000    23.8429973932      -1.873928962  
2010 11  3.000000    23.8342799037      -1.918024400  
2010 11  8.000000    23.8270449165      -1.963939708  
2010 11 13.000000    23.8206309699      -2.008856237  
2010 11 18.000000    23.8152836756      -2.026995553  
2010 11 23.000000    23.8114856431      -2.065457435  
2010 11 28.000000    23.8083475778      -2.064758373  
2010 12  3.000000    23.8071397299      -2.082998528  
2010 12  8.000000    23.8066337919      -2.074959587  
2010 12 13.000000    23.8078683101      -2.062834340  
2010 12 18.000000    23.8102725979      -2.051752323  
2010 12 23.000000    23.8138301121      -2.010720403  
2010 12 28.000000    23.8190885177      -1.990157464  
2011  1  2.000000    23.8250154904      -1.931650542  
2011  1  7.000000    23.8328182028      -1.889724350  
2011  1 12.000000    23.8412420717      -1.826285806  
2011  1 17.000000    23.8511519538      -1.756229743  
2011  1 22.000000    23.8620347614      -1.692351979  
2011  1 27.000000    23.8737077756      -1.598655791  
2011  2  1.000000    23.8867712120      -1.528032236  
2011  2  6.000000    23.9000780339      -1.423816046  
2011  2 11.000000    23.9148060048      -1.336169356  
2011  2 16.000000    23.9296745249      -1.234268980  
2011  2 21.000000    23.9454731847      -1.125237776  
2011  2 26.000000    23.9617435465      -1.029175069  
2011  3  3.000000    23.9781981933      -0.905239000  
2011  3  8.000000    23.9954944273      -0.808293740  
2011  3 13.000000     0.0123879916      -0.683586421  
2011  3 18.000000     0.0300996669      -0.576316425  
2011  3 23.000000     0.0473278249      -0.462857202  
2011  3 28.000000     0.0648513858      -0.342352658  
2011  4  2.000000     0.0822590479      -0.242073409  
2011  4  7.000000     0.0991686166      -0.116369991  
2011  4 12.000000     0.1163422767      -0.021666813  
2011  4 17.000000     0.1324434123       0.094877270  
2011  4 22.000000     0.1487915949       0.193371022  
2011  4 27.000000     0.1640609322       0.290167599  
2011  5  2.000000     0.1790152118       0.394188828  
2011  5  7.000000     0.1933223891       0.471138069  
2011  5 12.000000     0.2065018342       0.571509617  
2011  5 17.000000     0.2194766918       0.637708039  
2011  5 22.000000     0.2308149620       0.720465356  
2011  5 27.000000     0.2419374232       0.785479324  
2011  6  1.000000     0.2515109466       0.841652938  
2011  6  6.000000     0.2602709631       0.906179655  
2011  6 11.000000     0.2680349985       0.938068141  
2011  6 16.000000     0.2742089304       0.992451723  
2011  6 21.000000     0.2799133508       1.011062844  
2011  6 26.000000     0.2836187433       1.042036378  
2011  7  1.000000     0.2868342848       1.057174572  
2011  7  6.000000     0.2883024595       1.057998999  
2011  7 11.000000     0.2887004459       1.070011509  
2011  7 16.000000     0.2880788782       1.046064274  
2011  7 21.000000     0.2856998598       1.045288809  
2011  7 26.000000     0.2828912580       1.009615098  
2011  7 31.000000     0.2780927963       0.984101446  
2011  8  5.000000     0.2728697541       0.947302984  
2011  8 10.000000     0.2661559042       0.893466747  
2011  8 15.000000     0.2585042532       0.856014626  
2011  8 20.000000     0.2502472048       0.782552657  
2011  8 25.000000     0.2405081165       0.735117473  
2011  8 30.000000     0.2308089544       0.657254260  
2011  9  4.000000     0.2196546011       0.590025321  
2011  9  9.000000     0.2085773608       0.519233473  
2011  9 14.000000     0.1967690265       0.431903738  
2011  9 19.000000     0.1845762204       0.368320016  
2011  9 24.000000     0.1726225978       0.272327126  
2011  9 29.000000     0.1599134817       0.207028315  
2011 10  4.000000     0.1480768677       0.119045653  
2011 10  9.000000     0.1357214711       0.043963478  
2011 10 14.000000     0.1241993907      -0.025252028  
2011 10 19.000000     0.1129647951      -0.108523582  
2011 10 24.000000     0.1021008320      -0.160322607  
2011 10 29.000000     0.0924460197      -0.239066310  
2011 11  3.000000     0.0828819225      -0.283041725  
2011 11  8.000000     0.0749831110      -0.341447811  
2011 11 13.000000     0.0674412525      -0.385683946  
2011 11 18.000000     0.0613416819      -0.415780624  
2011 11 23.000000     0.0563413874      -0.458274600  
2011 11 28.000000     0.0522433135      -0.464206089  
2011 12  3.000000     0.0499724862      -0.492920369  
2011 12  8.000000     0.0482670819      -0.486331882  
2011 12 13.000000     0.0485720309      -0.488273599  
2011 12 18.000000     0.0496389227      -0.478035559  
2011 12 23.000000     0.0522964382      -0.448805779  
2011 12 28.000000     0.0563244491      -0.433214338  
2012  1  2.000000     0.0612696454      -0.380233369  
2012  1  7.000000     0.0680798758      -0.348876265  
2012  1 12.000000     0.0753839433      -0.285745558  
2012  1 17.000000     0.0845288721      -0.228365083  
2012  1 22.000000     0.0943037068      -0.164168384  
2012  1 27.000000     0.1053434070      -0.079557514  
2012  2  1.000000     0.1174992738      -0.012730173  
2012  2  6.000000     0.1301364409       0.088987252  
2012  2 11.000000     0.1442541625       0.167924211  
2012  2 16.000000     0.1584020317       0.272418338  
2012  2 21.000000     0.1738948067       0.371862023  
2012  2 26.000000     0.1895277790       0.470611926  
2012  3  2.000000     0.2058165606       0.589201847  
2012  3  7.000000     0.2226989125       0.684455322  
2012  3 12.000000     0.2394147628       0.810598323  
2012  3 17.000000     0.2570641271       0.911889982  
2012  3 22.000000     0.2741057188       1.031413211  
2012  3 27.000000     0.2918712528       1.145769099  
2012  4  1.000000     0.3091640793       1.251338674  
2012  4  6.000000     0.3264360611       1.375732825  
2012  4 11.000000     0.3437462731       1.471145211  
2012  4 16.000000     0.3602096432       1.593254860  
2012  4 21.000000     0.3770544063       1.688481611  
2012  4 26.000000     0.3926364150       1.794640422  
2012  5  1.000000     0.4083483551       1.895831831  
2012  5  6.000000     0.4230306000       1.980566886  
2012  5 11.000000     0.4370729306       2.083595935  
2012  5 16.000000     0.4506857741       2.152644822  
2012  5 21.000000     0.4628264475       2.244636209  
2012  5 26.000000     0.4748927522       2.308589349  
2012  5 31.000000     0.4851597642       2.376908480  
2012  6  5.000000     0.4950870575       2.441525684  
2012  6 10.000000     0.5035989375       2.483087262  
2012  6 15.000000     0.5109739544       2.543304185  
2012  6 20.000000     0.5176260864       2.565881856  
2012  6 25.000000     0.5223574512       2.608704008  
2012  6 30.000000     0.5267662931       2.624039657  
2012  7  5.000000     0.5290989115       2.638598675  
2012  7 10.000000     0.5308359620       2.652329234  
2012  7 15.000000     0.5310549757       2.638205114  
2012  7 20.000000     0.5298899318       2.644677515  
2012  7 25.000000     0.5280353571       2.612309847  
2012  7 30.000000     0.5241669275       2.599300094  
2012  8  4.000000     0.5200656341       2.561987950  
2012  8  9.000000     0.5140222683       2.520952614  
2012  8 14.000000     0.5074665573       2.484372944  
2012  8 19.000000     0.4997471758       2.418186549  
2012  8 24.000000     0.4908294356       2.376827060  
2012  8 29.000000     0.4817182032       2.299035703  
2012  9  3.000000     0.4709961158       2.242020089  
2012  9  8.000000     0.4605408482       2.167193228  
2012  9 13.000000     0.4487952123       2.088608849  
2012  9 18.000000     0.4370559475       2.022464935  
2012  9 23.000000     0.4250072549       1.928642588  
2012  9 28.000000     0.4124006446       1.865803939  
2012 10  3.000000     0.4004776071       1.772397082  
2012 10  8.000000     0.3877617460       1.702821062  
2012 10 13.000000     0.3761119943       1.624482610  
2012 10 18.000000     0.3641785449       1.544412972  
2012 10 23.000000     0.3530117949       1.485822190  
2012 10 28.000000     0.3425753774       1.403437688  
2012 11  2.000000     0.3323527315       1.357793205  
2012 11  7.000000     0.3237067410       1.288692330  
2012 11 12.000000     0.3151226870       1.245675004  
2012 11 17.000000     0.3083123542       1.202717718  
2012 11 22.000000     0.3020931460       1.159140742  
2012 11 27.000000     0.2971788333       1.143897910  
2012 12  2.000000     0.2937156262       1.107632563  
2012 12  7.000000     0.2909318206       1.110650070  
2012 12 12.000000     0.2902136027       1.095597402  
2012 12 17.000000     0.2899997880       1.105457872  
2012 12 22.000000     0.2917896538       1.121130342  
2012 12 27.000000     0.2944999157       1.134068411  
2013  1  1.000000     0.2985478960       1.178190975  
2013  1  6.000000     0.3042062526       1.201208447  
2013  1 11.000000     0.3104941692       1.261877978  
2013  1 16.000000     0.3187892774       1.306785059  
2013  1 21.000000     0.3274656452       1.371567651  
2013  1 26.000000     0.3378619698       1.444495561  
2013  1 31.000000     0.3489798116       1.509522057  
2013  2  5.000000     0.3610283538       1.605253034  
2013  2 10.000000     0.3743905510       1.677304124  
2013  2 15.000000     0.3879099662       1.782309147  
2013  2 20.000000     0.4029863241       1.871559722  
2013  2 25.000000     0.4179450993       1.973289272  
2013  3  2.000000     0.4340585369       2.083561013  
2013  3  7.000000     0.4504064268       2.179179826  
2013  3 12.000000     0.4670464856       2.303304210  
2013  3 17.000000     0.4844766962       2.399972389  
2013  3 22.000000     0.5013877796       2.523593718  
2013  3 27.000000     0.5192763016       2.630726079  
2013  4  1.000000     0.5364222382       2.742279100  
2013  4  6.000000     0.5540844548       2.862244938  
2013  4 11.000000     0.5714137274       2.960468473  
2013  4 16.000000     0.5883265053       3.084647324  
2013  4 21.000000     0.6054878416       3.177646007  
2013  4 26.000000     0.6214420140       3.291637634  
2013  5  1.000000     0.6378282194       3.388726221  
2013  5  6.000000     0.6528729579       3.482419343  
2013  5 11.000000     0.6678172327       3.584763673  
2013  5 16.000000     0.6819196694       3.658783104  
2013  5 21.000000     0.6949546885       3.756742252  
2013  5 26.000000     0.7078073706       3.820675058  
2013  5 31.000000     0.7188643580       3.900283559  
2013  6  5.000000     0.7299087474       3.963512511  
2013  6 10.000000     0.7391347656       4.016319030  
2013  6 15.000000     0.7477571730       4.078994419  
2013  6 20.000000     0.7552156816       4.108063386  
2013  6 25.000000     0.7611194503       4.160080474  
2013  6 30.000000     0.7666089630       4.176758457  
2013  7  5.000000     0.7699110206       4.204860403  
2013  7 10.000000     0.7729471428       4.218705381  
2013  7 15.000000     0.7739703520       4.216760106  
2013  7 20.000000     0.7741316095       4.227539466  
2013  7 25.000000     0.7731362133       4.201603062  
2013  7 30.000000     0.7703918998       4.199156323  
2013  8  4.000000     0.7673128488       4.162521232  
2013  8  9.000000     0.7620417838       4.135004647  
2013  8 14.000000     0.7566038159       4.097967487  
2013  8 19.000000     0.7494266356       4.042427799  
2013  8 24.000000     0.7415201240       4.004755877  
2013  8 29.000000     0.7329141738       3.930515465  
2013  9  3.000000     0.7228202808       3.882440997  
2013  9  8.000000     0.7129210768       3.804932781  
2013  9 13.000000     0.7013680053       3.736861086  
2013  9 18.000000     0.6901839102       3.667087605  
2013  9 23.000000     0.6780488915       3.579343826  
2013  9 28.000000     0.6657379225       3.516726788  
2013 10  3.000000     0.6536309062       3.421388108  
2013 10  8.000000     0.6407569216       3.356666275  
2013 10 13.000000     0.6289635347       3.270469645  
2013 10 18.000000     0.6164524053       3.195812576  
2013 10 23.000000     0.6050819013       3.128928591  
2013 10 28.000000     0.5938071772       3.046624662  
2013 11  2.000000     0.5830996281       2.996998208  
2013 11  7.000000     0.5736107885       2.920317119  
2013 11 12.000000     0.5641700688       2.878018487  
2013 11 17.000000     0.5566215611       2.822624460  
2013 11 22.000000     0.5492130252       2.779872378  
2013 11 27.000000     0.5435404784       2.753072967  
2013 12  2.000000     0.5387874277       2.712558255  
2013 12  7.000000     0.5350865815       2.709462450  
2013 12 12.000000     0.5332321352       2.683557335  
2013 12 17.000000     0.5318447869       2.692214377  
2013 12 22.000000     0.5326868388       2.693660258  
2013 12 27.000000     0.5340481260       2.705590268  
2014  1  1.000000     0.5372557320       2.738054144  
2014  1  6.000000     0.5416489440       2.755524412  
2014  1 11.000000     0.5470440897       2.810831942  
2014  1 16.000000     0.5543244000       2.844524149  
2014  1 21.000000     0.5619509061       2.908924879  
2014  1 26.000000     0.5716271611       2.968801922  
2014  1 31.000000     0.5816689993       3.033623495  
2014  2  5.000000     0.5931891687       3.120122472  
2014  2 10.000000     0.6056431503       3.187505948  
2014  2 15.000000     0.6186138401       3.289912020  
2014  2 20.000000     0.6331027501       3.369626960  
2014  2 25.000000     0.6474412670       3.473605783  
2014  3  2.000000     0.6633298048       3.573699379  
2014  3  7.000000     0.6790866461       3.671216187  
2014  3 12.000000     0.6956856149       3.789670564  
2014  3 17.000000     0.7127201875       3.883637443  
2014  3 22.000000     0.7295939661       4.008451380  
2014  3 27.000000     0.7474645503       4.108655213  
2014  4  1.000000     0.7645241370       4.225737294  
2014  4  6.000000     0.7825172779       4.338885024  
2014  4 11.000000     0.7997731604       4.441521935  
2014  4 16.000000     0.8171826046       4.564054998  
2014  4 21.000000     0.8345038372       4.656719810  
2014  4 26.000000     0.8509543156       4.775966746  
2014  5  1.000000     0.8678762315       4.868839111  
2014  5  6.000000     0.8833137034       4.971348219  
2014  5 11.000000     0.8991027101       5.070292574  
2014  5 16.000000     0.9136104340       5.151279246  
2014  5 21.000000     0.9276355852       5.251645988  
2014  5 26.000000     0.9411303948       5.317457355  
2014  5 31.000000     0.9530968576       5.406087899  
2014  6  5.000000     0.9651075126       5.467496799  
2014  6 10.000000     0.9750829531       5.532065211  
2014  6 15.000000     0.9849498277       5.594498414  
2014  6 20.000000     0.9931555508       5.632571533  
2014  6 25.000000     1.0003581003       5.690400651  
2014  6 30.000000     1.0067650862       5.710328217  
2014  7  5.000000     1.0111672099       5.750342635  
2014  7 10.000000     1.0153996690       5.763972076  
2014  7 15.000000     1.0173045716       5.775616954  
2014  7 20.000000     1.0188497906       5.788123808  
2014  7 25.000000     1.0186436331       5.771622184  
2014  7 30.000000     1.0171712489       5.776782034  
2014  8  4.000000     1.0149814712       5.743106805  
2014  8  9.000000     1.0106732562       5.728495588  
2014  8 14.000000     1.0063230726       5.690897927  
2014  8 19.000000     0.9997741569       5.648302773  
2014  8 24.000000     0.9929648424       5.611913183  
2014  8 29.000000     0.9847961794       5.544887541  
2014  9  3.000000     0.9755454136       5.503618492  
2014  9  8.000000     0.9661298057       5.426130585  
2014  9 13.000000     0.9549880056       5.368911128  
2014  9 18.000000     0.9443509810       5.295371096  
2014  9 23.000000     0.9321856721       5.216720843  
2014  9 28.000000     0.9203063885       5.152252019  
2014 10  3.000000     0.9079734341       5.059158805  
2014 10  8.000000     0.8951928217       4.997753483  
2014 10 13.000000     0.8831821481       4.906202467  
2014 10 18.000000     0.8702574289       4.837728782  
2014 10 23.000000     0.8586822335       4.762117406  
2014 10 28.000000     0.8466082524       4.683306062  
2014 11  2.000000     0.8355820246       4.627591676  
2014 11  7.000000     0.8251788553       4.547222725  
2014 11 12.000000     0.8150722470       4.504001692  
2014 11 17.000000     0.8066674998       4.437901005  
2014 11 22.000000     0.7981853135       4.396843341  
2014 11 27.000000     0.7917677397       4.357449817  
2014 12  2.000000     0.7857203745       4.315836145  
2014 12  7.000000     0.7812224884       4.303915355  
2014 12 12.000000     0.7780813122       4.270163844  
2014 12 17.000000     0.7756532438       4.275725758  
2014 12 22.000000     0.7754259640       4.263826216  
2014 12 27.000000     0.7755192346       4.275467625  
2015  1  1.000000     0.7778789500       4.294365087  
2015  1  6.000000     0.7809200449       4.308818214  
2015  1 11.000000     0.7854916508       4.355481815  
2015  1 16.000000     0.7915866080       4.380252481  
2015  1 21.000000     0.7982857159       4.442310955  
2015  1 26.000000     0.8071205305       4.489177865  
2015  1 31.000000     0.8161102356       4.554315048  
2015  2  5.000000     0.8270558304       4.628870370  
2015  2 10.000000     0.8384806540       4.693798467  
2015  2 15.000000     0.8509847618       4.790158635  
2015  2 20.000000     0.8647257529       4.862123601  
2015  2 25.000000     0.8785492641       4.966419068  
2015  3  2.000000     0.8940629407       5.055572402  
2015  3  7.000000     0.9092136155       5.155542536  
2015  3 12.000000     0.9257443637       5.265250631  
2015  3 17.000000     0.9422765934       5.358694267  
2015  3 22.000000     0.9592140259       5.481207769  
2015  3 27.000000     0.9768865726       5.575758939  
2015  4  1.000000     0.9939339507       5.696562373  
2015  4  6.000000     1.0121136234       5.801662443  
2015  4 11.000000     1.0292987464       5.909600148  
2015  4 16.000000     1.0472172605       6.027176444  
2015  4 21.000000     1.0645844368       6.121646477  
2015  4 26.000000     1.0816194328       6.242616682  
2015  5  1.000000     1.0988805811       6.332217165  
2015  5  6.000000     1.1148061672       6.442150995  
2015  5 11.000000     1.1313381563       6.536190134  
2015  5 16.000000     1.1462662780       6.625425154  
2015  5 21.000000     1.1613022238       6.724641095  
2015  5 26.000000     1.1752951017       6.794481619  
2015  5 31.000000     1.1882817221       6.888845287  
2015  6  5.000000     1.2010955882       6.949330875  
2015  6 10.000000     1.2119544442       7.024881883  
2015  6 15.000000     1.2229894899       7.085307651  
2015  6 20.000000     1.2319333387       7.134077791  
2015  6 25.000000     1.2404757447       7.194155514  
2015  6 30.000000     1.2476763389       7.219863744  
2015  7  5.000000     1.2533545522       7.269096720  
2015  7 10.000000     1.2586558771       7.283435749  
2015  7 15.000000     1.2615799767       7.308589915  
2015  7 20.000000     1.2644476319       7.320951829  
2015  7 25.000000     1.2650321317       7.316383334  
2015  7 30.000000     1.2649549028       7.326027535  
2015  8  4.000000     1.2635702858       7.298390479  
2015  8  9.000000     1.2604423120       7.294727937  
2015  8 14.000000     1.2570589789       7.257562260  
2015  8 19.000000     1.2512824324       7.228795475  
2015  8 24.000000     1.2455846831       7.192125090  
2015  8 29.000000     1.2378950069       7.135801917  
2015  9  3.000000     1.2296785105       7.098780734  
2015  9  8.000000     1.2206583642       7.024765827  
2015  9 13.000000     1.2101483965       6.977201563  
2015  9 18.000000     1.1999776155       6.901092168  
2015  9 23.000000     1.1879590281       6.833488394  
2015  9 28.000000     1.1765937596       6.765863088  
2015 10  3.000000     1.1640576591       6.679059651  
2015 10  8.000000     1.1515568455       6.618681303  
2015 10 13.000000     1.1392221208       6.525276861  
2015 10 18.000000     1.1261188107       6.462492145  
2015 10 23.000000     1.1142979723       6.379244166  
2015 10 28.000000     1.1015698173       6.306365988  
2015 11  2.000000     1.0902891881       6.242913239  
2015 11  7.000000     1.0789189236       6.162780191  
2015 11 12.000000     1.0683220212       6.116373823  
2015 11 17.000000     1.0589522772       6.042688665  
2015 11 22.000000     1.0496008599       6.003024901  
2015 11 27.000000     1.0423662944       5.951318108  
2015 12  2.000000     1.0350679533       5.910824596  
2015 12  7.000000     1.0298036311       5.887776229  
2015 12 12.000000     1.0252863979       5.849686212  
2015 12 17.000000     1.0219807396       5.849686330  
2015 12 22.000000     1.0205398020       5.826667614  
2015 12 27.000000     1.0194827697       5.837461913  