v15.04    Планета: Уран  (INPOP13C)
          Спутник: U2 Умбриэль  (Lainey V., 2015..)
                            - эфемериды на инт. 1847/01/00.5-2145/02/13.7
   Обсерватория N:  84 - Pulkovo
    Шкала времени: UTC
Средний экватор и равноденствие эпохи J2000.  ICRF. 
Координаты астрометрические 
Год  Месяц День       alpha (h)          delta (º)
2007  8  1.000000    23.2867222593      -5.479791597  
2007  8  6.000000    23.2777482006      -5.536646943  
2007  8 11.000000    23.2678829749      -5.594223065  
2007  8 16.000000    23.2573922225      -5.660929892  
2007  8 21.000000    23.2464207197      -5.737851485  
2007  8 26.000000    23.2349338303      -5.816255163  
2007  8 31.000000    23.2229332581      -5.889181854  
2007  9  5.000000    23.2106249474      -5.960538241  
2007  9 10.000000    23.1982933902      -6.038342190  
2007  9 15.000000    23.1860614135      -6.121750116  
2007  9 20.000000    23.1738990910      -6.201239580  
2007  9 25.000000    23.1618601039      -6.271198543  
2007  9 30.000000    23.1501924408      -6.336983882  
2007 10  5.000000    23.1391545273      -6.406024860  
2007 10 10.000000    23.1288121331      -6.475768989  
2007 10 15.000000    23.1191179023      -6.536586107  
2007 10 20.000000    23.1101457365      -6.584635244  
2007 10 25.000000    23.1021402826      -6.626644166  
2007 10 30.000000    23.0952926427      -6.669206267  
2007 11  4.000000    23.0895864123      -6.708421524  
2007 11  9.000000    23.0849374735      -6.735115187  
2007 11 14.000000    23.0814111383      -6.747515371  
2007 11 19.000000    23.0792110743      -6.753452615  
2007 11 24.000000    23.0784415600      -6.758474737  
2007 11 29.000000    23.0790010705      -6.757604109  
2007 12  4.000000    23.0807628560      -6.742567079  
2007 12  9.000000    23.0837685406      -6.713701853  
2007 12 14.000000    23.0881667840      -6.679570259  
2007 12 19.000000    23.0939786903      -6.644456559  
2007 12 24.000000    23.1010356984      -6.602481620  
2007 12 29.000000    23.1091768245      -6.546576061  
2008  1  3.000000    23.1184194706      -6.479050569  
2008  1  8.000000    23.1288638167      -6.408785428  
2008  1 13.000000    23.1404674087      -6.338576948  
2008  1 18.000000    23.1530199799      -6.261833293  
2008  1 23.000000    23.1663430392      -6.172810916  
2008  1 28.000000    23.1804385525      -6.075638370  
2008  2  2.000000    23.1953731973      -5.979047448  
2008  2  7.000000    23.2110649249      -5.884223259  
2008  2 12.000000    23.2272839426      -5.784019504  
2008  2 17.000000    23.2438512753      -5.674125590  
2008  2 22.000000    23.2607657542      -5.560228060  
2008  2 27.000000    23.2780757895      -5.450541819  
2008  3  3.000000    23.2956779643      -5.344557936  
2008  3  8.000000    23.3133379866      -5.234762461  
2008  3 13.000000    23.3308903549      -5.118364303  
2008  3 18.000000    23.3483432996      -5.002323013  
2008  3 23.000000    23.3657384467      -4.894017220  
2008  3 28.000000    23.3829605999      -4.791209747  
2008  4  2.000000    23.3997796501      -4.686260493  
2008  4  7.000000    23.4160544572      -4.577944101  
2008  4 12.000000    23.4318154654      -4.474218000  
2008  4 17.000000    23.4471036481      -4.381281847  
2008  4 22.000000    23.4617963159      -4.295245668  
2008  4 27.000000    23.4756731450      -4.208567813  
2008  5  2.000000    23.4886279984      -4.121656482  
2008  5  7.000000    23.5007256572      -4.043102409  
2008  5 12.000000    23.5120109502      -3.977644753  
2008  5 17.000000    23.5223551406      -3.919828382  
2008  5 22.000000    23.5315562710      -3.862489051  
2008  5 27.000000    23.5395564225      -3.807646815  
2008  6  1.000000    23.5464647961      -3.764143211  
2008  6  6.000000    23.5523361552      -3.734977634  
2008  6 11.000000    23.5570387033      -3.713263908  
2008  6 16.000000    23.5604030502      -3.692493289  
2008  6 21.000000    23.5624363297      -3.676200294  
2008  6 26.000000    23.5633006639      -3.673063607  
2008  7  1.000000    23.5630646428      -3.684067257  
2008  7  6.000000    23.5616045311      -3.701115559  
2008  7 11.000000    23.5588004242      -3.718587307  
2008  7 16.000000    23.5547419485      -3.741396900  
2008  7 21.000000    23.5496465159      -3.777572069  
2008  7 26.000000    23.5435971992      -3.825955562  
2008  7 31.000000    23.5364921502      -3.877499059  
2008  8  5.000000    23.5282781734      -3.927742920  
2008  8 10.000000    23.5191328720      -3.982752514  
2008  8 15.000000    23.5093195554      -4.049509048  
2008  8 20.000000    23.4989283803      -4.124727478  
2008  8 25.000000    23.4878864934      -4.198824618  
2008  8 30.000000    23.4762144279      -4.268773748  
2008  9  4.000000    23.4641611699      -4.341582805  
2008  9  9.000000    23.4520076695      -4.422927406  
2008  9 14.000000    23.4398312103      -4.507628811  
2008  9 19.000000    23.4275817019      -4.586147041  
2008  9 24.000000    23.4153384556      -4.657155487  
2008  9 29.000000    23.4033837793      -4.728458244  
2008 10  4.000000    23.3919702727      -4.804285493  
2008 10  9.000000    23.3811347177      -4.878043865  
2008 10 14.000000    23.3708294527      -4.940851348  
2008 10 19.000000    23.3611615805      -4.993331107  
2008 10 24.000000    23.3523968435      -5.043849002  
2008 10 29.000000    23.3447160672      -5.095229648  
2008 11  3.000000    23.3380906613      -5.139958946  
2008 11  8.000000    23.3324540871      -5.170392154  
2008 11 13.000000    23.3279085455      -5.189158587  
2008 11 18.000000    23.3246657876      -5.204885979  
2008 11 23.000000    23.3228108634      -5.219028891  
2008 11 28.000000    23.3222415617      -5.223599128  
2008 12  3.000000    23.3228624171      -5.212562754  
2008 12  8.000000    23.3247512333      -5.190417872  
2008 12 13.000000    23.3280544958      -5.165674939  
2008 12 18.000000    23.3327633548      -5.138384240  
2008 12 23.000000    23.3387116396      -5.100456370  
2008 12 28.000000    23.3457784262      -5.047608646  
2009  1  2.000000    23.3540167382      -4.985954554  
2009  1  7.000000    23.3635158362      -4.923437928  
2009  1 12.000000    23.3741959979      -4.858689119  
2009  1 17.000000    23.3858442115      -4.783760321  
2009  1 22.000000    23.3983265525      -4.696192978  
2009  1 27.000000    23.4116818147      -4.603319391  
2009  2  1.000000    23.4259610867      -4.512155979  
2009  2  6.000000    23.4410396599      -4.419896588  
2009  2 11.000000    23.4566777142      -4.318935195  
2009  2 16.000000    23.4727400073      -4.208642972  
2009  2 21.000000    23.4892657103      -4.097188893  
2009  2 26.000000    23.5062866936      -3.990343625  
2009  3  3.000000    23.5236526110      -3.883894777  
2009  3  8.000000    23.5411139070      -3.770784117  
2009  3 13.000000    23.5585441744      -3.652155186  
2009  3 18.000000    23.5759950577      -3.536691090  
2009  3 23.000000    23.5934918799      -3.428622527  
2009  3 28.000000    23.6108707892      -3.322452535  
2009  4  2.000000    23.6278836436      -3.211844058  
2009  4  7.000000    23.6444245511      -3.099671065  
2009  4 12.000000    23.6605646733      -2.994755868  
2009  4 17.000000    23.6763292016      -2.899614526  
2009  4 22.000000    23.6915462377      -2.807603762  
2009  4 27.000000    23.7059794920      -2.713320043  
2009  5  2.000000    23.7195558792      -2.621241333  
2009  5  7.000000    23.7323719031      -2.539974470  
2009  5 12.000000    23.7444536428      -2.470181544  
2009  5 17.000000    23.7556249878      -2.404271472  
2009  5 22.000000    23.7656739272      -2.337971710  
2009  5 27.000000    23.7745758597      -2.277168462  
2009  6  1.000000    23.7824584471      -2.229892697  
2009  6  6.000000    23.7893471209      -2.194822322  
2009  6 11.000000    23.7950691884      -2.163692700  
2009  6 16.000000    23.7994535720      -2.133496102  
2009  6 21.000000    23.8025425350      -2.111288158  
2009  6 26.000000    23.8045005885      -2.104072799  
2009  7  1.000000    23.8053523627      -2.108542168  
2009  7  6.000000    23.8049404127      -2.116000850  
2009  7 11.000000    23.8031573259      -2.124847829  
2009  7 16.000000    23.8001271808      -2.142940342  
2009  7 21.000000    23.7960546190      -2.175841981  
2009  7 26.000000    23.7909651650      -2.218319260  
2009  7 31.000000    23.7847303574      -2.261579892  
2009  8  5.000000    23.7773274819      -2.305490359  
2009  8 10.000000    23.7689675908      -2.358321418  
2009  8 15.000000    23.7598881014      -2.423875219  
2009  8 20.000000    23.7501151297      -2.495162276  
2009  8 25.000000    23.7395580932      -2.563750812  
2009  8 30.000000    23.7282843119      -2.631007804  
2009  9  4.000000    23.7165783721      -2.705282855  
2009  9  9.000000    23.7046857878      -2.788433678  
2009  9 14.000000    23.6926235205      -2.872130565  
2009  9 19.000000    23.6803348483      -2.948792609  
2009  9 24.000000    23.6679577836      -3.021407749  
2009  9 29.000000    23.6558115353      -3.098081088  
2009 10  4.000000    23.6441123217      -3.178826504  
2009 10  9.000000    23.6328465440      -3.254527459  
2009 10 14.000000    23.6219727926      -3.319002062  
2009 10 19.000000    23.6116601348      -3.376904938  
2009 10 24.000000    23.6022098768      -3.435896984  
2009 10 29.000000    23.5937707714      -3.494365929  
2009 11  3.000000    23.5862768989      -3.543029793  
2009 11  8.000000    23.5796787568      -3.577552517  
2009 11 13.000000    23.5741350867      -3.604152448  
2009 11 18.000000    23.5698866294      -3.629879265  
2009 11 23.000000    23.5669917747      -3.651710802  
2009 11 28.000000    23.5653235677      -3.660743437  
2009 12  3.000000    23.5648100610      -3.654691727  
2009 12  8.000000    23.5655762163      -3.641106471  
2009 12 13.000000    23.5677836743      -3.626142435  
2009 12 18.000000    23.5714019009      -3.605599920  
2009 12 23.000000    23.5762498492      -3.571282292  
2009 12 28.000000    23.5822342162      -3.522991211  
2010  1  2.000000    23.5894450251      -3.469180509  
2010  1  7.000000    23.5979707763      -3.414859955  
2010  1 12.000000    23.6077093883      -3.354794744  
2010  1 17.000000    23.6184431661      -3.281728563  
2010  1 22.000000    23.6300689293      -3.197414868  
2010  1 27.000000    23.6426548789      -3.110754752  
2010  2  1.000000    23.6562369090      -3.025371070  
2010  2  6.000000    23.6706606665      -2.935128713  
2010  2 11.000000    23.6856911222      -2.833891444  
2010  2 16.000000    23.7012300032      -2.725150023  
2010  2 21.000000    23.7173409633      -2.617838456  
2010  2 26.000000    23.7340282247      -2.513964615  
2010  3  3.000000    23.7511019919      -2.406687812  
2010  3  8.000000    23.7683221597      -2.291110792  
2010  3 13.000000    23.7856107775      -2.172281359  
2010  3 18.000000    23.8030409681      -2.058730786  
2010  3 23.000000    23.8205994574      -1.950743729  
2010  3 28.000000    23.8380734829      -1.840954410  
2010  4  2.000000    23.8552254965      -1.725863089  
2010  4  7.000000    23.8720094640      -1.611836785  
2010  4 12.000000    23.8885181448      -1.506649135  
2010  4 17.000000    23.9047277807      -1.408798291  
2010  4 22.000000    23.9204100250      -1.310612772  
2010  4 27.000000    23.9353398144      -1.210122254  
2010  5  2.000000    23.9495107348      -1.114771051  
2010  5  7.000000    23.9630418597      -1.031244415  
2010  5 12.000000    23.9759006137      -0.956236454  
2010  5 17.000000    23.9878510194      -0.882034762  
2010  5 22.000000    23.9986936629      -0.808263168  
2010  5 27.000000     0.0084717791      -0.743189302  
2010  6  1.000000     0.0173317336      -0.692054108  
2010  6  6.000000     0.0252345048      -0.649830618  
2010  6 11.000000     0.0319475830      -0.608995750  
2010  6 16.000000     0.0373173463      -0.570811961  
2010  6 21.000000     0.0414478844      -0.543990318  
2010  6 26.000000     0.0445118434      -0.532042460  
2010  7  1.000000     0.0464679510      -0.528319723  
2010  7  6.000000     0.0471049120      -0.525762555  
2010  7 11.000000     0.0463398224      -0.527191221  
2010  7 16.000000     0.0443476525      -0.541327663  
2010  7 21.000000     0.0413245737      -0.569719952  
2010  7 26.000000     0.0372324301      -0.604272251  
2010  7 31.000000     0.0319038642      -0.638664539  
2010  8  5.000000     0.0253478131      -0.677128573  
2010  8 10.000000     0.0178144523      -0.727940201  
2010  8 15.000000     0.0095128307      -0.790524338  
2010  8 20.000000     0.0004120753      -0.855692164  
2010  8 25.000000    23.9904055594      -0.918121676  
2010  8 30.000000    23.9796018901      -0.983313496  
2010  9  4.000000    23.9683111636      -1.058660890  
2010  9  9.000000    23.9567362944      -1.141530844  
2010  9 14.000000    23.9448458747      -1.222129829  
2010  9 19.000000    23.9325950725      -1.296500271  
2010  9 24.000000    23.9201745980      -1.371218380  
2010  9 29.000000    23.9079166778      -1.452558234  
2010 10  4.000000    23.8959876579      -1.536090600  
2010 10  9.000000    23.8843361434      -1.612064809  
2010 10 14.000000    23.8729577516      -1.678271769  
2010 10 19.000000    23.8620847024      -1.742194040  
2010 10 24.000000    23.8520223477      -1.808892692  
2010 10 29.000000    23.8428657880      -1.872559529  
2010 11  3.000000    23.8345228184      -1.924159138  
2010 11  8.000000    23.8269955531      -1.963504657  
2010 11 13.000000    23.8205129038      -1.998815173  
2010 11 18.000000    23.8153120317      -2.033842523  
2010 11 23.000000    23.8113969024      -2.061879171  
2010 11 28.000000    23.8086219172      -2.075102034  
2010 12  3.000000    23.8069720961      -2.075448436  
2010 12  8.000000    23.8066409238      -2.071545491  
2010 12 13.000000    23.8077820563      -2.065783805  
2010 12 18.000000    23.8103099541      -2.050887248  
2010 12 23.000000    23.8140297745      -2.020569127  
2010 12 28.000000    23.8189036504      -1.978740172  
2011  1  2.000000    23.8250814885      -1.934042949  
2011  1  7.000000    23.8326410395      -1.887414305  
2011  1 12.000000    23.8414255659      -1.831250823  
2011  1 17.000000    23.8512074480      -1.760940911  
2011  1 22.000000    23.8619352625      -1.682070404  
2011  1 27.000000    23.8737250038      -1.602905159  
2011  2  1.000000    23.8865962613      -1.522815524  
2011  2  6.000000    23.9003449014      -1.434096899  
2011  2 11.000000    23.9147291119      -1.333817340  
2011  2 16.000000    23.9297015573      -1.228923763  
2011  2 21.000000    23.9453594516      -1.126884943  
2011  2 26.000000    23.9616811220      -1.025510360  
2011  3  3.000000    23.9784337487      -0.917159330  
2011  3  8.000000    23.9953787111      -0.800603226  
2011  3 13.000000     0.0124886259      -0.683773036  
2011  3 18.000000     0.0298572435      -0.573008407  
2011  3 23.000000     0.0474313367      -0.464612879  
2011  3 28.000000     0.0649599502      -0.351214903  
2011  4  2.000000     0.0822224568      -0.233278476  
2011  4  7.000000     0.0992242986      -0.119374231  
2011  4 12.000000     0.1160655611      -0.014427619  
2011  4 17.000000     0.1326664392       0.086676478  
2011  4 22.000000     0.1487625831       0.190765706  
2011  4 27.000000     0.1641637417       0.295745494  
2011  5  2.000000     0.1789202727       0.392721976  
2011  5  7.000000     0.1931416027       0.478452505  
2011  5 12.000000     0.2067245306       0.559305753  
2011  5 17.000000     0.2193971901       0.641330235  
2011  5 22.000000     0.2310121380       0.720826926  
2011  5 27.000000     0.2416749893       0.788999862  
2011  6  1.000000     0.2515054142       0.844453228  
2011  6  6.000000     0.2603800814       0.894639571  
2011  6 11.000000     0.2680327729       0.944588489  
2011  6 16.000000     0.2743743531       0.989121392  
2011  6 21.000000     0.2795732680       1.019958526  
2011  6 26.000000     0.2837609917       1.037699370  
2011  7  1.000000     0.2868011372       1.050663163  
2011  7  6.000000     0.2884547315       1.062659790  
2011  7 11.000000     0.2887098542       1.067260002  
2011  7 16.000000     0.2878023535       1.057110863  
2011  7 21.000000     0.2858749996       1.034936392  
2011  7 26.000000     0.2827922283       1.009620778  
2011  7 31.000000     0.2783681136       0.983635514  
2011  8  5.000000     0.2726855163       0.949580057  
2011  8 10.000000     0.2660431925       0.901469972  
2011  8 15.000000     0.2585914784       0.844099096  
2011  8 20.000000     0.2502093292       0.786604597  
2011  8 25.000000     0.2407861425       0.729972720  
2011  8 30.000000     0.2305037421       0.666208095  
2011  9  4.000000     0.2197033267       0.590985273  
2011  9  9.000000     0.2085297243       0.510948440  
2011  9 14.000000     0.1968811607       0.435023199  
2011  9 19.000000     0.1847272601       0.362596026  
2011  9 24.000000     0.1723283741       0.285398154  
2011  9 29.000000     0.1600305098       0.200856789  
2011 10  4.000000     0.1479443379       0.117034078  
2011 10  9.000000     0.1359783532       0.042045242  
2011 10 14.000000     0.1241619981      -0.026425966  
2011 10 19.000000     0.1127915048      -0.096704303  
2011 10 24.000000     0.1021690167      -0.169654867  
2011 10 29.000000     0.0923373953      -0.236451255  
2011 11  3.000000     0.0831932378      -0.290340865  
2011 11  8.000000     0.0747929950      -0.335430470  
2011 11 13.000000     0.0674189413      -0.379846843  
2011 11 18.000000     0.0612894590      -0.422947263  
2011 11 23.000000     0.0563581080      -0.455735012  
2011 11 28.000000     0.0524882875      -0.473273906  
2011 12  3.000000     0.0497360731      -0.481340883  
2011 12  8.000000     0.0483369636      -0.487598956  
2011 12 13.000000     0.0484098058      -0.490055015  
2011 12 18.000000     0.0498180161      -0.480002293  
2011 12 23.000000     0.0523872132      -0.454539300  
2011 12 28.000000     0.0561598134      -0.420814262  
2012  1  2.000000     0.0613201049      -0.385716104  
2012  1  7.000000     0.0678949740      -0.345971553  
2012  1 12.000000     0.0756747831      -0.293482361  
2012  1 17.000000     0.0844573959      -0.227369878  
2012  1 22.000000     0.0942758019      -0.155796514  
2012  1 27.000000     0.1052743506      -0.084492990  
2012  2  1.000000     0.1174103255      -0.009008733  
2012  2  6.000000     0.1304235887       0.077985410  
2012  2 11.000000     0.1441018122       0.175426732  
2012  2 16.000000     0.1584810938       0.274576872  
2012  2 21.000000     0.1736813146       0.371139525  
2012  2 26.000000     0.1896125681       0.470663922  
2012  3  2.000000     0.2059842463       0.579555560  
2012  3  7.000000     0.2225923683       0.694967065  
2012  3 12.000000     0.2394886872       0.807985818  
2012  3 17.000000     0.2567807724       0.915946633  
2012  3 22.000000     0.2743450037       1.025380737  
2012  3 27.000000     0.2918766139       1.141604027  
2012  4  1.000000     0.3091948993       1.260165592  
2012  4  6.000000     0.3263795623       1.372340651  
2012  4 11.000000     0.3435286639       1.477238630  
2012  4 16.000000     0.3604917045       1.582161832  
2012  4 21.000000     0.3769613597       1.691211415  
2012  4 26.000000     0.3927950684       1.798478418  
2012  5  1.000000     0.4081087523       1.895826868  
2012  5  6.000000     0.4229900625       1.984183406  
2012  5 11.000000     0.4372622975       2.071384535  
2012  5 16.000000     0.4506285075       2.160161915  
2012  5 21.000000     0.4629998167       2.243391669  
2012  5 26.000000     0.4745333537       2.313867908  
2012  5 31.000000     0.4853056945       2.374361085  
2012  6  5.000000     0.4951145993       2.432965141  
2012  6 10.000000     0.5036904506       2.490911181  
2012  6 15.000000     0.5110155179       2.540169649  
2012  6 20.000000     0.5172929287       2.574808495  
2012  6 25.000000     0.5225865919       2.599431270  
2012  6 30.000000     0.5266790120       2.622088292  
2012  7  5.000000     0.5293475207       2.642455427  
2012  7 10.000000     0.5306655519       2.651946892  
2012  7 15.000000     0.5308841365       2.646297834  
2012  7 20.000000     0.5300562934       2.631827344  
2012  7 25.000000     0.5279665833       2.616275706  
2012  7 30.000000     0.5244643286       2.597747645  
2012  8  4.000000     0.5197269576       2.567561277  
2012  8  9.000000     0.5140508182       2.523416179  
2012  8 14.000000     0.5074807261       2.473175830  
2012  8 19.000000     0.4998233163       2.423941073  
2012  8 24.000000     0.4910207921       2.372339969  
2012  8 29.000000     0.4813512116       2.310030093  
2012  9  3.000000     0.4711422783       2.236840432  
2012  9  8.000000     0.4604269083       2.161856093  
2012  9 13.000000     0.4490473043       2.091158775  
2012  9 18.000000     0.4370401018       2.020008400  
2012  9 23.000000     0.4247579467       1.940737525  
2012  9 28.000000     0.4125258178       1.855280391  
2012 10  3.000000     0.4003513742       1.773376307  
2012 10  8.000000     0.3881068659       1.699699103  
2012 10 13.000000     0.3759013244       1.628196673  
2012 10 18.000000     0.3641112684       1.552114641  
2012 10 23.000000     0.3530126713       1.475172941  
2012 10 28.000000     0.3425650819       1.407121911  
2012 11  2.000000     0.3326505650       1.350797533  
2012 11  7.000000     0.3234108928       1.298973456  
2012 11 12.000000     0.3151918303       1.245909508  
2012 11 17.000000     0.3081779928       1.196678718  
2012 11 22.000000     0.3022611822       1.160412443  
2012 11 27.000000     0.2973136505       1.137847500  
2012 12  2.000000     0.2934729930       1.120807885  
2012 12  7.000000     0.2910189148       1.104668283  
2012 12 12.000000     0.2900249706       1.095473952  
2012 12 17.000000     0.2903098711       1.101245246  
2012 12 22.000000     0.2917295698       1.120623463  
2012 12 27.000000     0.2944026223       1.144802721  
2013  1  1.000000     0.2985326983       1.170470823  
2013  1  6.000000     0.3040904019       1.204333711  
2013  1 11.000000     0.3108310996       1.253045634  
2013  1 16.000000     0.3186025374       1.313300304  
2013  1 21.000000     0.3275099456       1.376148191  
2013  1 26.000000     0.3376922208       1.439729184  
2013  1 31.000000     0.3490380763       1.511237764  
2013  2  5.000000     0.3612592630       1.595820039  
2013  2 10.000000     0.3742094755       1.688484671  
2013  2 15.000000     0.3879962281       1.780614473  
2013  2 20.000000     0.4027132197       1.871925452  
2013  2 25.000000     0.4181880397       1.969936439  
2013  3  2.000000     0.4341089436       2.078213850  
2013  3  7.000000     0.4503502836       2.190382471  
2013  3 12.000000     0.4670367255       2.298538896  
2013  3 17.000000     0.4842324930       2.404088436  
2013  3 22.000000     0.5017201917       2.514652094  
2013  3 27.000000     0.5191797624       2.632196725  
2013  4  1.000000     0.5365198989       2.749220477  
2013  4  6.000000     0.5538905673       2.858903896  
2013  4 11.000000     0.5713346070       2.964316321  
2013  4 16.000000     0.5885999768       3.072990207  
2013  4 21.000000     0.6053720041       3.185226065  
2013  4 26.000000     0.6216051231       3.292714800  
2013  5  1.000000     0.6374762785       3.389986202  
2013  5  6.000000     0.6530087818       3.481705673  
2013  5 11.000000     0.6679230681       3.575081478  
2013  5 16.000000     0.6819256911       3.668723911  
2013  5 21.000000     0.6950278847       3.753844430  
2013  5 26.000000     0.7074322058       3.826551776  
2013  5 31.000000     0.7191388608       3.892997105  
2013  6  5.000000     0.7298522823       3.959785822  
2013  6 10.000000     0.7393188022       4.023899233  
2013  6 15.000000     0.7476199274       4.076402980  
2013  6 20.000000     0.7549811349       4.115239552  
2013  6 25.000000     0.7613764975       4.147833759  
2013  6 30.000000     0.7665113617       4.179970924  
2013  7  5.000000     0.7701976892       4.207085542  
2013  7 10.000000     0.7725995172       4.220558637  
2013  7 15.000000     0.7739626976       4.220335313  
2013  7 20.000000     0.7742383742       4.214891149  
2013  7 25.000000     0.7731539167       4.208959232  
2013  7 30.000000     0.7706173792       4.196655254  
2013  8  4.000000     0.7668824470       4.170139883  
2013  8  9.000000     0.7622114219       4.131481336  
2013  8 14.000000     0.7565395422       4.089913961  
2013  8 19.000000     0.7496404473       4.048904451  
2013  8 24.000000     0.7415388443       4.001558886  
2013  8 29.000000     0.7325766099       3.941243283  
2013  9  3.000000     0.7230182183       3.872161138  
2013  9  8.000000     0.7127890563       3.803868281  
2013  9 13.000000     0.7017243225       3.738391909  
2013  9 18.000000     0.6899647741       3.668097918  
2013  9 23.000000     0.6779162226       3.587918578  
2013  9 28.000000     0.6658199314       3.503919624  
2013 10  3.000000     0.6535850430       3.425465245  
2013 10  8.000000     0.6411044647       3.352893458  
2013 10 13.000000     0.6286057182       3.278100697  
2013 10 18.000000     0.6165093142       3.197694040  
2013 10 23.000000     0.6049991384       3.119125541  
2013 10 28.000000     0.5939489429       3.050934976  
2013 11  2.000000     0.5832866285       2.991573933  
2013 11  7.000000     0.5732757529       2.932669843  
2013 11 12.000000     0.5642964770       2.872427318  
2013 11 17.000000     0.5564412871       2.819121879  
2013 11 22.000000     0.5495314269       2.779862126  
2013 11 27.000000     0.5435006682       2.751156084  
2013 12  2.000000     0.5386037101       2.724570983  
2013 12  7.000000     0.5351383108       2.699812907  
2013 12 12.000000     0.5330916248       2.685429212  
2013 12 17.000000     0.5322273350       2.686745647  
2013 12 22.000000     0.5324704314       2.698421498  
2013 12 27.000000     0.5340435180       2.712320727  
2014  1  1.000000     0.5371485878       2.729541485  
2014  1  6.000000     0.5416748559       2.758540318  
2014  1 11.000000     0.5473406974       2.802713427  
2014  1 16.000000     0.5540662977       2.855193732  
2014  1 21.000000     0.5620415740       2.908519538  
2014  1 26.000000     0.5713841506       2.965149812  
2014  1 31.000000     0.5819026797       3.033196673  
2014  2  5.000000     0.5932936378       3.114144394  
2014  2 10.000000     0.6054870804       3.200029299  
2014  2 15.000000     0.6186539699       3.284407739  
2014  2 20.000000     0.6328449902       3.371093631  
2014  2 25.000000     0.6478094059       3.467648719  
2014  3  2.000000     0.6632412465       3.573740135  
2014  3  7.000000     0.6791013647       3.680711497  
2014  3 12.000000     0.6955551909       3.783487214  
2014  3 17.000000     0.7126010653       3.887126793  
2014  3 22.000000     0.7299449823       3.998488591  
2014  3 27.000000     0.7472941677       4.115496030  
2014  4  1.000000     0.7646562846       4.229212262  
2014  4  6.000000     0.7822014281       4.336163071  
2014  4 11.000000     0.7998833953       4.442530998  
2014  4 16.000000     0.8173750053       4.554266572  
2014  4 21.000000     0.8344107402       4.667658692  
2014  4 26.000000     0.8510540895       4.773849451  
2014  5  1.000000     0.8674855107       4.871132762  
2014  5  6.000000     0.8836158913       4.966648362  
2014  5 11.000000     0.8990952678       5.065216646  
2014  5 16.000000     0.9136978215       5.161630135  
2014  5 21.000000     0.9275500240       5.247436552  
2014  5 26.000000     0.9408411580       5.322840775  
2014  5 31.000000     0.9534417751       5.395691006  
2014  6  5.000000     0.9649916369       5.469515061  
2014  6 10.000000     0.9753224150       5.537746882  
2014  6 15.000000     0.9846272720       5.592731111  
2014  6 20.000000     0.9931000583       5.636627997  
2014  6 25.000000     1.0005777103       5.677751942  
2014  6 30.000000     1.0067095822       5.718176582  
2014  7  5.000000     1.0114072811       5.750252196  
2014  7 10.000000     1.0149334199       5.767487567  
2014  7 15.000000     1.0174815121       5.774006093  
2014  7 20.000000     1.0188673065       5.778321418  
2014  7 25.000000     1.0187797042       5.780958006  
2014  7 30.000000     1.0172321818       5.773544144  
2014  8  4.000000     1.0145587802       5.751133199  
2014  8  9.000000     1.0109459873       5.719751059  
2014  8 14.000000     1.0062058634       5.687783206  
2014  8 19.000000     1.0000998004       5.654222808  
2014  8 24.000000     0.9927595698       5.610364651  
2014  8 29.000000     0.9845806733       5.553179987  
2014  9  3.000000     0.9757350262       5.490365325  
2014  9  8.000000     0.9660436157       5.429828747  
2014  9 13.000000     0.9553642730       5.369044101  
2014  9 18.000000     0.9439449961       5.299436530  
2014  9 23.000000     0.9322135827       5.220038830  
2014  9 28.000000     0.9203105445       5.139841415  
2014 10  3.000000     0.9080668336       5.065803581  
2014 10  8.000000     0.8954349132       4.993915418  
2014 10 13.000000     0.8827489710       4.916090743  
2014 10 18.000000     0.8704229268       4.833328730  
2014 10 23.000000     0.8585351731       4.755330857  
2014 10 28.000000     0.8469132416       4.687583364  
2014 11  2.000000     0.8355750757       4.624618794  
2014 11  7.000000     0.8248900762       4.559045731  
2014 11 12.000000     0.8152060453       4.493582842  
2014 11 17.000000     0.8065091757       4.437907768  
2014 11 22.000000     0.7986017403       4.395622337  
2014 11 27.000000     0.7915302307       4.359857482  
2014 12  2.000000     0.7856475768       4.324104151  
2014 12  7.000000     0.7811997786       4.292437870  
2014 12 12.000000     0.7780668213       4.273935856  
2014 12 17.000000     0.7760137937       4.270043196  
2014 12 22.000000     0.7750901933       4.272759621  
2014 12 27.000000     0.7756026988       4.276627563  
2015  1  1.000000     0.7776880270       4.286799690  
2015  1  6.000000     0.7811276529       4.311373751  
2015  1 11.000000     0.7856561806       4.349630015  
2015  1 16.000000     0.7913202637       4.392837935  
2015  1 21.000000     0.7983767935       4.436793815  
2015  1 26.000000     0.8068662560       4.487565664  
2015  1 31.000000     0.8164956168       4.552043074  
2015  2  5.000000     0.8269864830       4.627543400  
2015  2 10.000000     0.8383938879       4.705026424  
2015  2 15.000000     0.8509345747       4.781797192  
2015  2 20.000000     0.8645721038       4.864653776  
2015  2 25.000000     0.8789664297       4.959202716  
2015  3  2.000000     0.8938476838       5.061023326  
2015  3  7.000000     0.9092940507       5.161236750  
2015  3 12.000000     0.9254943589       5.258794395  
2015  3 17.000000     0.9423504239       5.361070062  
2015  3 22.000000     0.9594956900       5.472296691  
2015  3 27.000000     0.9766913083       5.586589286  
2015  4  1.000000     0.9940492811       5.695627311  
2015  4  6.000000     1.0117383733       5.800083787  
2015  4 11.000000     1.0296063391       5.907708642  
2015  4 16.000000     1.0472742207       6.021256279  
2015  4 21.000000     1.0645522850       6.133660052  
2015  4 26.000000     1.0815960297       6.237474842  
2015  5  1.000000     1.0985527999       6.335141346  
2015  5  6.000000     1.1152205197       6.434506137  
2015  5 11.000000     1.1312189333       6.536775664  
2015  5 16.000000     1.1464227541       6.633932644  
2015  5 21.000000     1.1610376196       6.719763850  
2015  5 26.000000     1.1751846390       6.798397150  
2015  5 31.000000     1.1886153581       6.877527451  
2015  6  5.000000     1.2009627809       6.956715469  
2015  6 10.000000     1.2121810246       7.027305973  
2015  6 15.000000     1.2225278031       7.084609834  
2015  6 20.000000     1.2320963160       7.134342797  
2015  6 25.000000     1.2405981517       7.183776367  
2015  6 30.000000     1.2477023671       7.230798121  
2015  7  5.000000     1.2534570878       7.266471424  
2015  7 10.000000     1.2581728650       7.287903622  
2015  7 15.000000     1.2619147828       7.302277581  
2015  7 20.000000     1.2643724203       7.316146124  
2015  7 25.000000     1.2652783593       7.325816018  
2015  7 30.000000     1.2647908947       7.322460754  
2015  8  4.000000     1.2632686733       7.305259731  
2015  8  9.000000     1.2607533472       7.282644259  
2015  8 14.000000     1.2569379213       7.260221056  
2015  8 19.000000     1.2516490343       7.232845449  
2015  8 24.000000     1.2451633471       7.192316534  
2015  8 29.000000     1.2378743809       7.140007129  
2015  9  3.000000     1.2298053624       7.085312718  
2015  9  8.000000     1.2206783570       7.032649593  
2015  9 13.000000     1.2104354143       6.975663890  
2015  9 18.000000     1.1994589520       6.907222024  
2015  9 23.000000     1.1881529443       6.830860290  
2015  9 28.000000     1.1765143727       6.756485492  
2015 10  3.000000     1.1643107744       6.687051981  
2015 10  8.000000     1.1515944611       6.615262096  
2015 10 13.000000     1.1388161314       6.535319466  
2015 10 18.000000     1.1263463223       6.452676054  
2015 10 23.000000     1.1141366059       6.377098998  
2015 10 28.000000     1.1019916851       6.309807348  
2015 11  2.000000     1.0900451245       6.242756257  
2015 11  7.000000     1.0787560056       6.171615282  
2015 11 12.000000     1.0684112354       6.103221338  
2015 11 17.000000     1.0588918015       6.046546501  
2015 11 22.000000     1.0500161602       6.000802494  
2015 11 27.000000     1.0419582047       5.957440636  
2015 12  2.000000     1.0351286909       5.913572491  
2015 12  7.000000     1.0296947990       5.876855802  
2015 12 12.000000     1.0254507140       5.854891035  
2015 12 17.000000     1.0222114855       5.844829987  
2015 12 22.000000     1.0201573213       5.837908770  
2015 12 27.000000     1.0196232630       5.832656853 