v15.04    Планета: Уран  (INPOP13C)
          Спутник: U1 Ариэль  (GUST86, Laskar J. et al (1987) A&A, v.188, p.212.)
   Обсерватория N:  84 - Pulkovo
    Шкала времени: UTC
Средний экватор и равноденствие эпохи J2000.  ICRF. 
Координаты астрометрические 

Год  Месяц День       alpha (h)          delta (º)
2007  8  1.000000    23.2866565715      -5.476075850  
2007  8  6.000000    23.2777232015      -5.535325464  
2007  8 11.000000    23.2679776561      -5.599413601  
2007  8 16.000000    23.2575157500      -5.667698107  
2007  8 21.000000    23.2464473066      -5.739432977  
2007  8 26.000000    23.2348879959      -5.813859134  
2007  8 31.000000    23.2229534865      -5.890222111  
2007  9  5.000000    23.2107579796      -5.967798940  
2007  9 10.000000    23.1984232255      -6.045811592  
2007  9 15.000000    23.1860820389      -6.123401997  
2007  9 20.000000    23.1738699454      -6.199710668  
2007  9 25.000000    23.1619176517      -6.273917851  
2007  9 30.000000    23.1503468892      -6.345286084  
2007 10  5.000000    23.1392736418      -6.413113628  
2007 10 10.000000    23.1288180869      -6.476664110  
2007 10 15.000000    23.1190993646      -6.535212447  
2007 10 20.000000    23.1102267976      -6.588097404  
2007 10 25.000000    23.1022955133      -6.634774503  
2007 10 30.000000    23.0953850121      -6.674793362  
2007 11  4.000000    23.0895691266      -6.707737901  
2007 11  9.000000    23.0849196463      -6.733192034  
2007 11 14.000000    23.0814971861      -6.750804877  
2007 11 19.000000    23.0793463685      -6.760346630  
2007 11 24.000000    23.0784937174      -6.761695538  
2007 11 29.000000    23.0789525829      -6.754815263  
2007 12  4.000000    23.0807337580      -6.739658738  
2007 12  9.000000    23.0838415475      -6.716221456  
2007 12 14.000000    23.0882663214      -6.684579332  
2007 12 19.000000    23.0939827952      -6.644923991  
2007 12 24.000000    23.1009514214      -6.597529281  
2007 12 29.000000    23.1091278966      -6.542677649  
2008  1  3.000000    23.1184685303      -6.480651482  
2008  1  8.000000    23.1289216698      -6.411763992  
2008  1 13.000000    23.1404244387      -6.336422426  
2008  1 18.000000    23.1529021263      -6.255107371  
2008  1 23.000000    23.1662743082      -6.168327478  
2008  1 28.000000    23.1804641015      -6.076559344  
2008  2  2.000000    23.1953953010      -5.980270214  
2008  2  7.000000    23.2109853183      -5.879975294  
2008  2 12.000000    23.2271434164      -5.776253739  
2008  2 17.000000    23.2437728127      -5.669727249  
2008  2 22.000000    23.2607799098      -5.560980950  
2008  2 27.000000    23.2780778696      -5.450555010  
2008  3  3.000000    23.2955794643      -5.338994859  
2008  3  8.000000    23.3131927528      -5.226886484  
2008  3 13.000000    23.3308204273      -5.114865316  
2008  3 18.000000    23.3483656079      -5.003549550  
2008  3 23.000000    23.3657406426      -4.893492543  
2008  3 28.000000    23.3828632579      -4.785212283  
2008  4  2.000000    23.3996498893      -4.679240096  
2008  4  7.000000    23.4160136368      -4.576146429  
2008  4 12.000000    23.4318651456      -4.476509915  
2008  4 17.000000    23.4471229430      -4.380853765  
2008  4 22.000000    23.4617156873      -4.289619291  
2008  4 27.000000    23.4755751321      -4.203240907  
2008  5  2.000000    23.4886317997      -4.122164176  
2008  5  7.000000    23.5008142534      -4.046854547  
2008  5 12.000000    23.5120545635      -3.977749875  
2008  5 17.000000    23.5222979002      -3.915178686  
2008  5 22.000000    23.5314980943      -3.859421779  
2008  5 27.000000    23.5396108375      -3.810749910  
2008  6  1.000000    23.5465920981      -3.769445084  
2008  6  6.000000    23.5523993867      -3.735768522  
2008  6 11.000000    23.5570019070      -3.709898948  
2008  6 16.000000    23.5603840435      -3.691897270  
2008  6 21.000000    23.5625368152      -3.681794758  
2008  6 26.000000    23.5634542525      -3.679615547  
2008  7  1.000000    23.5631329039      -3.685357865  
2008  7  6.000000    23.5615780159      -3.698966056  
2008  7 11.000000    23.5588130435      -3.720243335  
2008  7 16.000000    23.5548746794      -3.748910048  
2008  7 21.000000    23.5498053065      -3.784665984  
2008  7 26.000000    23.5436509269      -3.827191712  
2008  7 31.000000    23.5364637404      -3.876124168  
2008  8  5.000000    23.5283113112      -3.930993194  
2008  8 10.000000    23.5192790018      -3.991201443  
2008  8 15.000000    23.5094599627      -4.056117717  
2008  8 20.000000    23.4989500370      -4.125111147  
2008  8 25.000000    23.4878470741      -4.197538105  
2008  8 30.000000    23.4762571429      -4.272698430  
2008  9  4.000000    23.4643016170      -4.349787917  
2008  9  9.000000    23.4521098956      -4.427950566  
2008  9 14.000000    23.4398103673      -4.506368968  
2008  9 19.000000    23.4275270187      -4.584258543  
2008  9 24.000000    23.4153815147      -4.660850411  
2008  9 29.000000    23.4035021080      -4.735332529  
2008 10  4.000000    23.3920219936      -4.806853423  
2008 10  9.000000    23.3810688496      -4.874621554  
2008 10 14.000000    23.3707590412      -4.937928361  
2008 10 19.000000    23.3611969979      -4.996152727  
2008 10 24.000000    23.3524818120      -5.048691932  
2008 10 29.000000    23.3447134704      -5.094938742  
2008 11  3.000000    23.3379840227      -5.134335558  
2008 11  8.000000    23.3323701448      -5.166440789  
2008 11 13.000000    23.3279316011      -5.190928164  
2008 11 18.000000    23.3247140626      -5.207549903  
2008 11 23.000000    23.3227595192      -5.216069734  
2008 11 28.000000    23.3221045047      -5.216275769  
2008 12  3.000000    23.3227710785      -5.208067294  
2008 12  8.000000    23.3247640146      -5.191448744  
2008 12 13.000000    23.3280725754      -5.166528825  
2008 12 18.000000    23.3326777325      -5.133446811  
2008 12 23.000000    23.3385599577      -5.092330202  
2008 12 28.000000    23.3456911716      -5.043372767  
2009  1  2.000000    23.3540293070      -4.986859241  
2009  1  7.000000    23.3635190553      -4.923162160  
2009  1 12.000000    23.3740962401      -4.852702908  
2009  1 17.000000    23.3856971882      -4.775879102  
2009  1 22.000000    23.3982589606      -4.693083812  
2009  1 27.000000    23.4117099956      -4.604778863  
2009  2  1.000000    23.4259688365      -4.511492101  
2009  2  6.000000    23.4409466362      -4.413800044  
2009  2 11.000000    23.4565541365      -4.312270446  
2009  2 16.000000    23.4727083298      -4.207414315  
2009  2 21.000000    23.4893256025      -4.099765027  
2009  2 26.000000    23.5063156049      -3.989909208  
2009  3  3.000000    23.5235819359      -3.878468184  
2009  3  8.000000    23.5410270345      -3.766079223  
2009  3 13.000000    23.5585598679      -3.653307149  
2009  3 18.000000    23.5760961368      -3.540687050  
2009  3 23.000000    23.5935491271      -3.428781568  
2009  3 28.000000    23.6108273749      -3.318185303  
2009  4  2.000000    23.6278370527      -3.209511759  
2009  4  7.000000    23.6444891671      -3.103328311  
2009  4 12.000000    23.6607048793      -3.000130101  
2009  4 17.000000    23.6764088003      -2.900395529  
2009  4 22.000000    23.6915228319      -2.804640506  
2009  4 27.000000    23.7059662376      -2.713383814  
2009  5  2.000000    23.7196603323      -2.627137726  
2009  5  7.000000    23.7325371844      -2.546320050  
2009  5 12.000000    23.7445381029      -2.471292068  
2009  5 17.000000    23.7556054330      -2.402426367  
2009  5 22.000000    23.7656800536      -2.340099801  
2009  5 27.000000    23.7747036329      -2.284689340  
2009  6  1.000000    23.7826263747      -2.236491676  
2009  6  6.000000    23.7894129245      -2.195708764  
2009  6 11.000000    23.7950345496      -2.162507751  
2009  6 16.000000    23.7994635501      -2.137058319  
2009  6 21.000000    23.8026740202      -2.119519020  
2009  6 26.000000    23.8046463116      -2.109992784  
2009  7  1.000000    23.8053768383      -2.108467782  
2009  7  6.000000    23.8048761289      -2.114842466  
2009  7 11.000000    23.8031593488      -2.128999874  
2009  7 16.000000    23.8002450381      -2.150806735  
2009  7 21.000000    23.7961573939      -2.180083780  
2009  7 26.000000    23.7909340377      -2.216554713  
2009  7 31.000000    23.7846319142      -2.259806226  
2009  8  5.000000    23.7773175980      -2.309386235  
2009  8 10.000000    23.7690610148      -2.364822740  
2009  8 15.000000    23.7599364832      -2.425625915  
2009  8 20.000000    23.7500270479      -2.491232621  
2009  8 25.000000    23.7394324832      -2.560956406  
2009  8 30.000000    23.7282664337      -2.634048137  
2009  9  4.000000    23.7166437731      -2.709745982  
2009  9  9.000000    23.7046792041      -2.787319195  
2009  9 14.000000    23.6924889204      -2.866008555  
2009  9 19.000000    23.6801972280      -2.944995919  
2009  9 24.000000    23.6679396637      -3.023396158  
2009  9 29.000000    23.6558514076      -3.100343365  
2009 10  4.000000    23.6440595575      -3.175038273  
2009 10  9.000000    23.6326838162      -3.246729273  
2009 10 14.000000    23.6218409556      -3.314683195  
2009 10 19.000000    23.6116508984      -3.378124798  
2009 10 24.000000    23.6022317198      -3.436323732  
2009 10 29.000000    23.5936877176      -3.488638345  
2009 11  3.000000    23.5861080486      -3.534535818  
2009 11  8.000000    23.5795697013      -3.573560652  
2009 11 13.000000    23.5741447422      -3.605260463  
2009 11 18.000000    23.5699023812      -3.629218633  
2009 11 23.000000    23.5668983992      -3.645109284  
2009 11 28.000000    23.5651700167      -3.652734465  
2009 12  3.000000    23.5647385357      -3.651997251  
2009 12  8.000000    23.5656148351      -3.642844890  
2009 12 13.000000    23.5678076198      -3.625234606  
2009 12 18.000000    23.5713174635      -3.599180512  
2009 12 23.000000    23.5761288210      -3.564814956  
2009 12 28.000000    23.5822106325      -3.522360364  
2010  1  2.000000    23.5895208994      -3.472106206  
2010  1  7.000000    23.5980147831      -3.414340601  
2010  1 12.000000    23.6076474024      -3.349347966  
2010  1 17.000000    23.6183641130      -3.277501505  
2010  1 22.000000    23.6300974364      -3.199243618  
2010  1 27.000000    23.6427711185      -3.115085882  
2010  2  1.000000    23.6563052805      -3.025535109  
2010  2  6.000000    23.6706246620      -2.931069250  
2010  2 11.000000    23.6856533294      -2.832177975  
2010  2 16.000000    23.7013063484      -2.729419733  
2010  2 21.000000    23.7174917052      -2.623407547  
2010  2 26.000000    23.7341142607      -2.514747477  
2010  3  3.000000    23.7510831630      -2.404027294  
2010  3  8.000000    23.7683144896      -2.291774983  
2010  3 13.000000    23.7857212950      -2.178564991  
2010  3 18.000000    23.8032102974      -2.065014578  
2010  3 23.000000    23.8206853870      -1.951749469  
2010  3 28.000000    23.8380532058      -1.839370807  
2010  4  2.000000    23.8552293521      -1.728411998  
2010  4  7.000000    23.8721341881      -1.619392688  
2010  4 12.000000    23.8886834334      -1.512864497  
2010  4 17.000000    23.9047896635      -1.409407382  
2010  4 22.000000    23.9203665633      -1.309572641  
2010  4 27.000000    23.9353358897      -1.213852463  
2010  5  2.000000    23.9496295360      -1.122682338  
2010  5  7.000000    23.9631798154      -1.036494183  
2010  5 12.000000    23.9759159513      -0.955760964  
2010  5 17.000000    23.9877671759      -0.880931510  
2010  5 22.000000    23.9986689359      -0.812403721  
2010  5 27.000000     0.0085695945      -0.750496216  
2010  6  1.000000     0.0174246034      -0.695478553  
2010  6  6.000000     0.0251888507      -0.647648985  
2010  6 11.000000     0.0318171773      -0.607288060  
2010  6 16.000000     0.0372694888      -0.574639051  
2010  6 21.000000     0.0415185928      -0.549842730  
2010  6 26.000000     0.0445516547      -0.532963224  
2010  7  1.000000     0.0463600220      -0.524043263  
2010  7  6.000000     0.0469363518      -0.523118425  
2010  7 11.000000     0.0462785353      -0.530193063  
2010  7 16.000000     0.0443953737      -0.545164848  
2010  7 21.000000     0.0413146981      -0.567831110  
2010  7 26.000000     0.0370752039      -0.597912347  
2010  7 31.000000     0.0317187514      -0.635130723  
2010  8  5.000000     0.0252918634      -0.679170341  
2010  8 10.000000     0.0178501029      -0.729640779  
2010  8 15.000000     0.0094658825      -0.786040729  
2010  8 20.000000     0.0002285917      -0.847756598  
2010  8 25.000000    23.9902320306      -0.914179201  
2010  8 30.000000    23.9795714407      -0.984676315  
2010  9  4.000000    23.9683470347      -1.058585625  
2010  9  9.000000    23.9566689773      -1.135166130  
2010  9 14.000000    23.9446626033      -1.213576504  
2010  9 19.000000    23.9324591282      -1.292966387  
2010  9 24.000000    23.9201846777      -1.372518565  
2010  9 29.000000    23.9079625537      -1.451438868  
2010 10  4.000000    23.8959166461      -1.528914834  
2010 10  9.000000    23.8841768016      -1.604094830  
2010 10 14.000000    23.8728773355      -1.676111448  
2010 10 19.000000    23.8621425696      -1.744178190  
2010 10 24.000000    23.8520842536      -1.807600224  
2010 10 29.000000    23.8428049079      -1.865718490  
2010 11  3.000000    23.8344035497      -1.917908823  
2010 11  8.000000    23.8269782677      -1.963538234  
2010 11 13.000000    23.8206177659      -2.002063965  
2010 11 18.000000    23.8153918098      -2.033078458  
2010 11 23.000000    23.8113541793      -2.056250300  
2010 11 28.000000    23.8085487324      -2.071324270  
2010 12  3.000000    23.8070147487      -2.078049585  
2010 12  8.000000    23.8067852966      -2.076241405  
2010 12 13.000000    23.8078762078      -2.065831644  
2010 12 18.000000    23.8102852706      -2.046869282  
2010 12 23.000000    23.8139979305      -2.019463623  
2010 12 28.000000    23.8189940741      -1.983754081  
2011  1  2.000000    23.8252519594      -1.939897321  
2011  1  7.000000    23.8327396052      -1.888116034  
2011  1 12.000000    23.8414096267      -1.828757629  
2011  1 17.000000    23.8512028296      -1.762213525  
2011  1 22.000000    23.8620548197      -1.688911165  
2011  1 27.000000    23.8739027416      -1.609259847  
2011  2  1.000000    23.8866826528      -1.523681500  
2011  2  6.000000    23.9003203848      -1.432687024  
2011  2 11.000000    23.9147316241      -1.336836673  
2011  2 16.000000    23.9298278798      -1.236714158  
2011  2 21.000000    23.9455224034      -1.132878795  
2011  2 26.000000    23.9617344341      -1.025856783  
2011  3  3.000000    23.9783802829      -0.916211079  
2011  3  8.000000    23.9953677443      -0.804556260  
2011  3 13.000000     0.0126008793      -0.691528551  
2011  3 18.000000     0.0299848672      -0.577736374  
2011  3 23.000000     0.0474324173      -0.463747105  
2011  3 28.000000     0.0648614788      -0.350098063  
2011  4  2.000000     0.0821845062      -0.237373996  
2011  4  7.000000     0.0993094591      -0.126185272  
2011  4 12.000000     0.1161446383      -0.017118611  
2011  4 17.000000     0.1326048205       0.089276404  
2011  4 22.000000     0.1486140301       0.192522101  
2011  4 27.000000     0.1640979960       0.292119887  
2011  5  2.000000     0.1789767107       0.387551511  
2011  5  7.000000     0.1931698488       0.478298378  
2011  5 12.000000     0.2066020171       0.563887377  
2011  5 17.000000     0.2192079185       0.643923765  
2011  5 22.000000     0.2309310973       0.718038119  
2011  5 27.000000     0.2417125250       0.785855647  
2011  6  1.000000     0.2514914805       0.846987661  
2011  6  6.000000     0.2602113187       0.901091653  
2011  6 11.000000     0.2678256418       0.947896290  
2011  6 16.000000     0.2743012262       0.987210606  
2011  6 21.000000     0.2796097948       1.018857014  
2011  6 26.000000     0.2837216748       1.042654051  
2011  7  1.000000     0.2866107327       1.058459833  
2011  7  6.000000     0.2882610159       1.066196303  
2011  7 11.000000     0.2886722479       1.065902888  
2011  7 16.000000     0.2878567680       1.057672742  
2011  7 21.000000     0.2858294696       1.041610381  
2011  7 26.000000     0.2826077348       1.017854616  
2011  7 31.000000     0.2782188960       0.986604233  
2011  8  5.000000     0.2727053543       0.948177080  
2011  8 10.000000     0.2661277824       0.902990061  
2011  8 15.000000     0.2585541791       0.851490330  
2011  8 20.000000     0.2500538934       0.794145106  
2011  8 25.000000     0.2407031297       0.731468232  
2011  8 30.000000     0.2305898168       0.664064860  
2011  9  4.000000     0.2198191409       0.592642625  
2011  9  9.000000     0.2085070430       0.517967598  
2011  9 14.000000     0.1967685178       0.440782149  
2011  9 19.000000     0.1847178917       0.361847342  
2011  9 24.000000     0.1724747463       0.281955755  
2011  9 29.000000     0.1601677681       0.201961528  
2011 10  4.000000     0.1479349621       0.122774968  
2011 10  9.000000     0.1359108711       0.045249444  
2011 10 14.000000     0.1242194592      -0.029808626  
2011 10 19.000000     0.1129801097      -0.101629556  
2011 10 24.000000     0.1023112504      -0.169433851  
2011 10 29.000000     0.0923334315      -0.232442814  
2011 11  3.000000     0.0831630250      -0.289922742  
2011 11  8.000000     0.0748988246      -0.341258977  
2011 11 13.000000     0.0676252063      -0.385927258  
2011 11 18.000000     0.0614176386      -0.423442071  
2011 11 23.000000     0.0563471003      -0.453357537  
2011 11 28.000000     0.0524797601      -0.475268368  
2011 12  3.000000     0.0498659219      -0.488888985  
2011 12  8.000000     0.0485354765      -0.494058227  
2011 12 13.000000     0.0485053160      -0.490687578  
2011 12 18.000000     0.0497853041      -0.478727088  
2011 12 23.000000     0.0523811143      -0.458160971  
2011 12 28.000000     0.0562894701      -0.429050082  
2012  1  2.000000     0.0614884168      -0.391571806  
2012  1  7.000000     0.0679415282      -0.345990214  
2012  1 12.000000     0.0756057354      -0.292600527  
2012  1 17.000000     0.0844358941      -0.231703999  
2012  1 22.000000     0.0943853465      -0.163638066  
2012  1 27.000000     0.1053958662      -0.088809030  
2012  2  1.000000     0.1173959002      -0.007712442  
2012  2  6.000000     0.1303077840       0.079132196  
2012  2 11.000000     0.1440536470       0.171216968  
2012  2 16.000000     0.1585594876       0.268041148  
2012  2 21.000000     0.1737484073       0.369079741  
2012  2 26.000000     0.1895333591       0.473740524  
2012  3  2.000000     0.2058208274       0.581404929  
2012  3  7.000000     0.2225181608       0.691463306  
2012  3 12.000000     0.2395377067       0.803350553  
2012  3 17.000000     0.2567971885       0.916509054  
2012  3 22.000000     0.2742087807       1.030351034  
2012  3 27.000000     0.2916776421       1.144253721  
2012  4  1.000000     0.3091091958       1.257598719  
2012  4  6.000000     0.3264134361       1.369816862  
2012  4 11.000000     0.3435090494       1.480378263  
2012  4 16.000000     0.3603168782       1.588761274  
2012  4 21.000000     0.3767507295       1.694402436  
2012  4 26.000000     0.3927228379       1.796743401  
2012  5  1.000000     0.4081494609       1.895260129  
2012  5  6.000000     0.4229554325       1.989487151  
2012  5 11.000000     0.4370741526       2.079000547  
2012  5 16.000000     0.4504366916       2.163356023  
2012  5 21.000000     0.4629698039       2.242097885  
2012  5 26.000000     0.4746036748       2.314803130  
2012  5 31.000000     0.4852770110       2.381108873  
2012  6  5.000000     0.4949395339       2.440715962  
2012  6 10.000000     0.5035473806       2.493351998  
2012  6 15.000000     0.5110523167       2.538724792  
2012  6 20.000000     0.5174083065       2.576568445  
2012  6 25.000000     0.5225781098       2.606682663  
2012  6 30.000000     0.5265373763       2.628944787  
2012  7  5.000000     0.5292746216       2.643301992  
2012  7 10.000000     0.5307804178       2.649709752  
2012  7 15.000000     0.5310457144       2.648131336  
2012  7 20.000000     0.5300699536       2.638607195  
2012  7 25.000000     0.5278672224       2.621259015  
2012  7 30.000000     0.5244680456       2.596312154  
2012  8  4.000000     0.5199128583       2.564038557  
2012  8  9.000000     0.5142431035       2.524717516  
2012  8 14.000000     0.5075060502       2.478685220  
2012  8 19.000000     0.4997628333       2.426369596  
2012  8 24.000000     0.4910915916       2.368298238  
2012  8 29.000000     0.4815848653       2.305075376  
2012  9  3.000000     0.4713376828       2.237324223  
2012  9  8.000000     0.4604458027       2.165669918  
2012  9 13.000000     0.4490133032       2.090818340  
2012  9 18.000000     0.4371567560       2.013539076  
2012  9 23.000000     0.4250060325       1.934675884  
2012  9 28.000000     0.4126932594       1.855081489  
2012 10  3.000000     0.4003441821       1.775563148  
2012 10  8.000000     0.3880827724       1.696934920  
2012 10 13.000000     0.3760366854       1.620034549  
2012 10 18.000000     0.3643395855       1.545726639  
2012 10 23.000000     0.3531256491       1.474861400  
2012 10 28.000000     0.3425163962       1.408206857  
2012 11  2.000000     0.3326201690       1.346450896  
2012 11  7.000000     0.3235393466       1.290255692  
2012 11 12.000000     0.3153737322       1.240258514  
2012 11 17.000000     0.3082202734       1.197059261  
2012 11 22.000000     0.3021631280       1.161167977  
2012 11 27.000000     0.2972652631       1.132961775  
2012 12  2.000000     0.2935767595       1.112745351  
2012 12  7.000000     0.2911399228       1.100779196  
2012 12 12.000000     0.2899922092       1.097273564  
2012 12 17.000000     0.2901623138       1.102376215  
2012 12 22.000000     0.2916592130       1.116100991  
2012 12 27.000000     0.2944744739       1.138366641  
2013  1  1.000000     0.2985912851       1.169043224  
2013  1  6.000000     0.3039888061       1.207970919  
2013  1 11.000000     0.3106421153       1.254956488  
2013  1 16.000000     0.3185152560       1.309717614  
2013  1 21.000000     0.3275546740       1.371881424  
2013  1 26.000000     0.3376985210       1.441023190  
2013  1 31.000000     0.3488832718       1.516717898  
2013  2  5.000000     0.3610459543       1.598531303  
2013  2 10.000000     0.3741207797       1.686003378  
2013  2 15.000000     0.3880302344       1.778597900  
2013  2 20.000000     0.4026870435       1.875735595  
2013  2 25.000000     0.4180037728       1.976845240  
2013  3  2.000000     0.4338965185       2.081365026  
2013  3  7.000000     0.4502848375       2.188761497  
2013  3 12.000000     0.4670836447       2.298451920  
2013  3 17.000000     0.4841986434       2.409818904  
2013  3 22.000000     0.5015336093       2.522245030  
2013  3 27.000000     0.5189972244       2.635139358  
2013  4  1.000000     0.5365047328       2.747955462  
2013  4  6.000000     0.5539737383       2.860148862  
2013  4 11.000000     0.5713152455       2.971140637  
2013  4 16.000000     0.5884354912       3.080341928  
2013  4 21.000000     0.6052450461       3.187197190  
2013  4 26.000000     0.6216617388       3.291193209  
2013  5  1.000000     0.6376109531       3.391859811  
2013  5  6.000000     0.6530167000       3.488714193  
2013  5 11.000000     0.6677967363       3.581247092  
2013  5 16.000000     0.6818706128       3.668984278  
2013  5 21.000000     0.6951657359       3.751488987  
2013  5 26.000000     0.7076191303       3.828385059  
2013  5 31.000000     0.7191734891       3.899327669  
2013  6  5.000000     0.7297674442       3.963940387  
2013  6 10.000000     0.7393383087       4.021873270  
2013  6 15.000000     0.7478314738       4.072814860  
2013  6 20.000000     0.7552036216       4.116528864  
2013  6 25.000000     0.7614222834       4.152832917  
2013  6 30.000000     0.7664581499       4.181562009  
2013  7  5.000000     0.7702790621       4.202546183  
2013  7 10.000000     0.7728599273       4.215666185  
2013  7 15.000000     0.7741890255       4.220891067  
2013  7 20.000000     0.7742691006       4.218256732  
2013  7 25.000000     0.7731135749       4.207871000  
2013  7 30.000000     0.7707364927       4.189835264  
2013  8  4.000000     0.7671557199       4.164299964  
2013  8  9.000000     0.7624031923       4.131498348  
2013  8 14.000000     0.7565276885       4.091760633  
2013  8 19.000000     0.7495928405       4.045501532  
2013  8 24.000000     0.7416684345       3.993162137  
2013  8 29.000000     0.7328247158       3.935213493  
2013  9  3.000000     0.7231416025       3.872180790  
2013  9  8.000000     0.7127149453       3.804692938  
2013  9 13.000000     0.7016552475       3.733456674  
2013  9 18.000000     0.6900811671       3.659215988  
2013  9 23.000000     0.6781088160       3.582717945  
2013  9 28.000000     0.6658544118       3.504711629  
2013 10  3.000000     0.6534431456       3.426009007  
2013 10  8.000000     0.6410097183       3.347471001  
2013 10 13.000000     0.6286944545       3.269976497  
2013 10 18.000000     0.6166310622       3.194367652  
2013 10 23.000000     0.6049425791       3.121428249  
2013 10 28.000000     0.5937492083       3.051933797  
2013 11  2.000000     0.5831729005       2.986653954  
2013 11  7.000000     0.5733351498       2.926355146  
2013 11 12.000000     0.5643491095       2.871722600  
2013 11 17.000000     0.5563089651       2.823346347  
2013 11 22.000000     0.5492953292       2.781737796  
2013 11 27.000000     0.5433834624       2.747355592  
2013 12  2.000000     0.5386434317       2.720638069  
2013 12  7.000000     0.5351375766       2.701935182  
2013 12 12.000000     0.5329094201       2.691497243  
2013 12 17.000000     0.5319822857       2.689451158  
2013 12 22.000000     0.5323700808       2.695867335  
2013 12 27.000000     0.5340813291       2.710773839  
2014  1  1.000000     0.5371185542       2.734149644  
2014  1  6.000000     0.5414729351       2.765896990  
2014  1 11.000000     0.5471155290       2.805793765  
2014  1 16.000000     0.5540056055       2.853567633  
2014  1 21.000000     0.5620994627       2.908907010  
2014  1 26.000000     0.5713512041       2.971491904  
2014  1 31.000000     0.5817105746       3.040959375  
2014  2  5.000000     0.5931151257       3.116870605  
2014  2 10.000000     0.6054883697       3.198724705  
2014  2 15.000000     0.6187524108       3.286001855  
2014  2 20.000000     0.6328313419       3.378199850  
2014  2 25.000000     0.6476501034       3.474807572  
2014  3  2.000000     0.6631298360       3.575290136  
2014  3  7.000000     0.6791800486       3.679057832  
2014  3 12.000000     0.6957060519       3.785498446  
2014  3 17.000000     0.7126176934       3.894037833  
2014  3 22.000000     0.7298297976       4.004113621  
2014  3 27.000000     0.7472587549       4.115182404  
2014  4  1.000000     0.7648151459       4.226664314  
2014  4  6.000000     0.7824021783       4.337951830  
2014  4 11.000000     0.7999262221       4.448469814  
2014  4 16.000000     0.8173012188       4.557674584  
2014  4 21.000000     0.8344465145       4.665063236  
2014  4 26.000000     0.8512813046       4.770120395  
2014  5  1.000000     0.8677174893       4.872317106  
2014  5  6.000000     0.8836664331       4.971117881  
2014  5 11.000000     0.8990472865       5.066048540  
2014  5 16.000000     0.9137874948       5.156672220  
2014  5 21.000000     0.9278196207       5.242573932  
2014  5 26.000000     0.9410722542       5.323343777  
2014  5 31.000000     0.9534704889       5.398541291  
2014  6  5.000000     0.9649456600       5.467787847  
2014  6 10.000000     0.9754395940       5.530750738  
2014  6 15.000000     0.9849034341       5.587148539  
2014  6 20.000000     0.9932910577       5.636721469  
2014  6 25.000000     1.0005523521       5.679194543  
2014  6 30.000000     1.0066412466       5.714326816  
2014  7  5.000000     1.0115239015       5.741942722  
2014  7 10.000000     1.0151793580       5.761941991  
2014  7 15.000000     1.0175963634       5.774266436  
2014  7 20.000000     1.0187642877       5.778879238  
2014  7 25.000000     1.0186735281       5.775755838  
2014  7 30.000000     1.0173276960       5.764943925  
2014  8  4.000000     1.0147459957       5.746590304  
2014  8  9.000000     1.0109625049       5.720902162  
2014  8 14.000000     1.0060186525       5.688149094  
2014  8 19.000000     0.9999559473       5.648606913  
2014  8 24.000000     0.9928256347       5.602609569  
2014  8 29.000000     0.9846957435       5.550596955  
2014  9  3.000000     0.9756508237       5.493084100  
2014  9  8.000000     0.9657861767       5.430664104  
2014  9 13.000000     0.9551988675       5.363935454  
2014  9 18.000000     0.9439866506       5.293527693  
2014  9 23.000000     0.9322603000       5.220133087  
2014  9 28.000000     0.9201439777       5.144524871  
2014 10  3.000000     0.9077710594       5.067527706  
2014 10  8.000000     0.8952753338       4.989960906  
2014 10 13.000000     0.8827827070       4.912627976  
2014 10 18.000000     0.8704197877       4.836322400  
2014 10 23.000000     0.8583198745       4.761886874  
2014 10 28.000000     0.8466198082       4.690160845  
2014 11  2.000000     0.8354525906       4.621967749  
2014 11  7.000000     0.8249371805       4.558048819  
2014 11 12.000000     0.8151796711       4.499073693  
2014 11 17.000000     0.8062831917       4.445698402  
2014 11 22.000000     0.7983489603       4.398534947  
2014 11 27.000000     0.7914710131       4.358160246  
2014 12  2.000000     0.7857274917       4.325044193  
2014 12  7.000000     0.7811760645       4.299541266  
2014 12 12.000000     0.7778628109       4.281940789  
2014 12 17.000000     0.7758295931       4.272481903  
2014 12 22.000000     0.7751108270       4.271355395  
2014 12 27.000000     0.7757289386       4.278668327  
2015  1  1.000000     0.7776857397       4.294410565  
2015  1  6.000000     0.7809673510       4.318479465  
2015  1 11.000000     0.7855551393       4.350737182  
2015  1 16.000000     0.7914267815       4.391010080  
2015  1 21.000000     0.7985535283       4.439072951  
2015  1 26.000000     0.8068928337       4.494633906  
2015  1 31.000000     0.8163861469       4.557292900  
2015  2  5.000000     0.8269693835       4.626637025  
2015  2 10.000000     0.8385797101       4.702237040  
2015  2 15.000000     0.8511532311       4.783649531  
2015  2 20.000000     0.8646202740       4.870411380  
2015  2 25.000000     0.8788994252       4.961980344  
2015  3  2.000000     0.8939010530       5.057789861  
2015  3  7.000000     0.9095394741       5.157278925  
2015  3 12.000000     0.9257326233       5.259911536  
2015  3 17.000000     0.9423987295       5.365145679  
2015  3 22.000000     0.9594503118       5.472421940  
2015  3 27.000000     0.9767906195       5.581134087  
2015  4  1.000000     0.9943243949       5.690685938  
2015  4  6.000000     1.0119635224       5.800528637  
2015  4 11.000000     1.0296245927       5.910125392  
2015  4 16.000000     1.0472232148       6.018954312  
2015  4 21.000000     1.0646684432       6.126458073  
2015  4 26.000000     1.0818658515       6.232075072  
2015  5  1.000000     1.0987283082       6.335284676  
2015  5  6.000000     1.1151771201       6.435607041  
2015  5 11.000000     1.1311365713       6.532590544  
2015  5 16.000000     1.1465284088       6.625771126  
2015  5 21.000000     1.1612688548       6.714673792  
2015  5 26.000000     1.1752779595       6.798843963  
2015  5 31.000000     1.1884866630       6.877882802  
2015  6  5.000000     1.2008330425       6.951439474  
2015  6 10.000000     1.2122577909       7.019172393  
2015  6 15.000000     1.2226969521       7.080737625  
2015  6 20.000000     1.2320876534       7.135793562  
2015  6 25.000000     1.2403775740       7.184058564  
2015  6 30.000000     1.2475265220       7.225314856  
2015  7  5.000000     1.2535020848       7.259386671  
2015  7 10.000000     1.2582721969       7.286111978  
2015  7 15.000000     1.2618042819       7.305329573  
2015  7 20.000000     1.2640750227       7.316937919  
2015  7 25.000000     1.2650775197       7.320902814  
2015  7 30.000000     1.2648171782       7.317277808  
2015  8  4.000000     1.2633071640       7.306146913  
2015  8  9.000000     1.2605610233       7.287614946  
2015  8 14.000000     1.2565988206       7.261832836  
2015  8 19.000000     1.2514586031       7.229027759  
2015  8 24.000000     1.2451947157       7.189532307  
2015  8 29.000000     1.2378736673       7.143740613  
2015  9  3.000000     1.2295662996       7.092086028  
2015  9  8.000000     1.2203448533       7.035019110  
2015  9 13.000000     1.2102956666       6.973069909  
2015  9 18.000000     1.1995221981       6.906854145  
2015  9 23.000000     1.1881401747       6.837066307  
2015  9 28.000000     1.1762701496       6.764435814  
2015 10  3.000000     1.1640300502       6.689684183  
2015 10  8.000000     1.1515396229       6.613559371  
2015 10 13.000000     1.1389312437       6.536863729  
2015 10 18.000000     1.1263455121       6.460448328  
2015 10 23.000000     1.1139230958       6.385173136  
2015 10 28.000000     1.1017980315       6.311858547  
2015 11  2.000000     1.0900924764       6.241276537  
2015 11  7.000000     1.0789296152       6.174188339  
2015 11 12.000000     1.0684352290       6.111361345  
2015 11 17.000000     1.0587300563       6.053533832  
2015 11 22.000000     1.0499230888       6.001372722  
2015 11 27.000000     1.0421046954       5.955447178  
2015 12  2.000000     1.0353529081       5.916241311  
2015 12  7.000000     1.0297429263       5.884216046  
2015 12 12.000000     1.0253440662       5.859776705  
2015 12 17.000000     1.0222121156       5.843256624  
2015 12 22.000000     1.0203840326       5.834872996  
2015 12 27.000000     1.0198780676       5.834733455 