v15.04    Планета: Уран  (INPOP13C)
          Спутник: U3 Титани  (GUST86, Laskar J. et al (1987) A&A, v.188, p.212.)
   Обсерватория N:  84 - Pulkovo
    Шкала времени: UTC
Средний экватор и равноденствие эпохи J2000.  ICRF. 
Координаты астрометрические 

Год  Месяц День       alpha (h)          delta (º)
2007  8  1.000000    23.2867864092      -5.483282608  
2007  8  6.000000    23.2775601377      -5.526544716  
2007  8 11.000000    23.2680307415      -5.602252787  
2007  8 16.000000    23.2574574286      -5.664505197  
2007  8 21.000000    23.2463508396      -5.734152613  
2007  8 26.000000    23.2349527390      -5.817222185  
2007  8 31.000000    23.2227533636      -5.879174894  
2007  9  5.000000    23.2108518816      -5.972945109  
2007  9 10.000000    23.1982468776      -6.035631084  
2007  9 15.000000    23.1860791555      -6.123715180  
2007  9 20.000000    23.1738187399      -6.196019260  
2007  9 25.000000    23.1617705433      -6.266475364  
2007  9 30.000000    23.1504121341      -6.348303514  
2007 10  5.000000    23.1390546580      -6.401144696  
2007 10 10.000000    23.1288895591      -6.481078891  
2007 10 15.000000    23.1189388205      -6.525536224  
2007 10 20.000000    23.1101902728      -6.587558198  
2007 10 25.000000    23.1022740511      -6.632454033  
2007 10 30.000000    23.0952207896      -6.667210583  
2007 11  4.000000    23.0896527387      -6.712097060  
2007 11  9.000000    23.0847172017      -6.722437732  
2007 11 14.000000    23.0815699382      -6.756092036  
2007 11 19.000000    23.0792292020      -6.753145528  
2007 11 24.000000    23.0784583025      -6.761931717  
2007 11 29.000000    23.0789793746      -6.755436085  
2007 12  4.000000    23.0805909513      -6.733536449  
2007 12  9.000000    23.0839619574      -6.723066551  
2007 12 14.000000    23.0881101307      -6.676399839  
2007 12 19.000000    23.0940831759      -6.651932666  
2007 12 24.000000    23.1008934205      -6.593746828  
2007 12 29.000000    23.1091244956      -6.544334394  
2008  1  3.000000    23.1185508680      -6.484644659  
2008  1  8.000000    23.1288231782      -6.407463606  
2008  1 13.000000    23.1405896999      -6.345750936  
2008  1 18.000000    23.1527993130      -6.249543165  
2008  1 23.000000    23.1664127969      -6.176743073  
2008  1 28.000000    23.1804578267      -6.075837397  
2008  2  2.000000    23.1954286659      -5.982757988  
2008  2  7.000000    23.2111093831      -5.886600420  
2008  2 12.000000    23.2270807657      -5.772979225  
2008  2 17.000000    23.2439684525      -5.680509077  
2008  2 22.000000    23.2607071665      -5.557007501  
2008  2 27.000000    23.2782372313      -5.459148531  
2008  3  3.000000    23.2955929649      -5.340080213  
2008  3  8.000000    23.3132375899      -5.228867433  
2008  3 13.000000    23.3309531961      -5.122702046  
2008  3 18.000000    23.3483031153      -4.999881231  
2008  3 23.000000    23.3659346183      -4.904217845  
2008  3 28.000000    23.3827791654      -4.781348383  
2008  4  2.000000    23.3997958081      -4.686476255  
2008  4  7.000000    23.4160074942      -4.577537753  
2008  4 12.000000    23.4318825815      -4.476480449  
2008  4 17.000000    23.4472307889      -4.388417985  
2008  4 22.000000    23.4616133623      -4.284133252  
2008  4 27.000000    23.4757372084      -4.212474137  
2008  5  2.000000    23.4885026506      -4.117103162  
2008  5  7.000000    23.5009168761      -4.051420978  
2008  5 12.000000    23.5120060958      -3.978265021  
2008  5 17.000000    23.5222597842      -3.912018532  
2008  5 22.000000    23.5315672380      -3.865653198  
2008  5 27.000000    23.5394489742      -3.802574335  
2008  6  1.000000    23.5467124856      -3.776322540  
2008  6  6.000000    23.5522201143      -3.728888807  
2008  6 11.000000    23.5570526734      -3.711196953  
2008  6 16.000000    23.5603016990      -3.691116658  
2008  6 21.000000    23.5624406077      -3.675261797  
2008  6 26.000000    23.5634998803      -3.684338966  
2008  7  1.000000    23.5629226975      -3.674626781  
2008  7  6.000000    23.5616705200      -3.703581586  
2008  7 11.000000    23.5586103074      -3.711971254  
2008  7 16.000000    23.5548865339      -3.747411195  
2008  7 21.000000    23.5497246210      -3.783273795  
2008  7 26.000000    23.5435167291      -3.818204226  
2008  7 31.000000    23.5365180510      -3.880204718  
2008  8  5.000000    23.5280861094      -3.919004275  
2008  8 10.000000    23.5193672869      -3.994669864  
2008  8 15.000000    23.5092767074      -4.047986379  
2008  8 20.000000    23.4989442352      -4.122303993  
2008  8 25.000000    23.4878082947      -4.197105965  
2008  8 30.000000    23.4761135050      -4.263127424  
2008  9  4.000000    23.4643924073      -4.354780268  
2008  9  9.000000    23.4519062989      -4.416750539  
2008  9 14.000000    23.4399122332      -4.510333289  
2008  9 19.000000    23.4273994101      -4.578235880  
2008  9 24.000000    23.4153766521      -4.658571390  
2008  9 29.000000    23.4035295603      -4.737523993  
2008 10  4.000000    23.3918929181      -4.798588846  
2008 10  9.000000    23.3812073420      -4.881867942  
2008 10 14.000000    23.3706024588      -4.929277415  
2008 10 19.000000    23.3613203244      -5.001781798  
2008 10 24.000000    23.3524254787      -5.046094673  
2008 10 29.000000    23.3447213437      -5.094213916  
2008 11  3.000000    23.3380793492      -5.139864722  
2008 11  8.000000    23.3322699977      -5.160357119  
2008 11 13.000000    23.3281133065      -5.200638845  
2008 11 18.000000    23.3246106299      -5.201943432  
2008 11 23.000000    23.3229029929      -5.223236530  
2008 11 28.000000    23.3221104268      -5.217018805  
2008 12  3.000000    23.3227941260      -5.208578152  
2008 12  8.000000    23.3249081058      -5.199652777  
2008 12 13.000000    23.3279980520      -5.162090312  
2008 12 18.000000    23.3328842477      -5.144559047  
2008 12 23.000000    23.3384913288      -5.088887441  
2008 12 28.000000    23.3458409497      -5.050801548  
2009  1  2.000000    23.3540654664      -4.989666950  
2009  1  7.000000    23.3635422319      -4.923553792  
2009  1 12.000000    23.3742539945      -4.862025107  
2009  1 17.000000    23.3856225450      -4.771639262  
2009  1 22.000000    23.3984595537      -4.703884984  
2009  1 27.000000    23.4116378485      -4.601937102  
2009  2  1.000000    23.4260982185      -4.517486329  
2009  2  6.000000    23.4409700855      -4.417041010  
2009  2 11.000000    23.4565480204      -4.310934512  
2009  2 16.000000    23.4728411715      -4.216198056  
2009  2 21.000000    23.4892151080      -4.094224788  
2009  2 26.000000    23.5064801325      -3.998847602  
2009  3  3.000000    23.5234683934      -3.874845663  
2009  3  8.000000    23.5411110531      -3.769281328  
2009  3 13.000000    23.5585386864      -3.655719519  
2009  3 18.000000    23.5760368125      -3.536497207  
2009  3 23.000000    23.5936368124      -3.435958670  
2009  3 28.000000    23.6106591633      -3.310449937  
2009  4  2.000000    23.6279554860      -3.215762241  
2009  4  7.000000    23.6443206378      -3.098265444  
2009  4 12.000000    23.6607390006      -2.999983894  
2009  4 17.000000    23.6763429642      -2.901582013  
2009  4 22.000000    23.6914100217      -2.797332608  
2009  4 27.000000    23.7060209033      -2.718807371  
2009  5  2.000000    23.7194427791      -2.617253964  
2009  5  7.000000    23.7326278834      -2.549993225  
2009  5 12.000000    23.7443359057      -2.465125561  
2009  5 17.000000    23.7556104286      -2.399345964  
2009  5 22.000000    23.7656028815      -2.340635289  
2009  5 27.000000    23.7745627979      -2.275011479  
2009  6  1.000000    23.7826861779      -2.240946020  
2009  6  6.000000    23.7891800728      -2.184697183  
2009  6 11.000000    23.7951329748      -2.164622816  
2009  6 16.000000    23.7992719559      -2.131022370  
2009  6 21.000000    23.8026819171      -2.114807942  
2009  6 26.000000    23.8046055138      -2.111228879  
2009  7  1.000000    23.8052406592      -2.097938819  
2009  7  6.000000    23.8049812713      -2.119753838  
2009  7 11.000000    23.8029505203      -2.118552197  
2009  7 16.000000    23.8003790284      -2.152922875  
2009  7 21.000000    23.7960191303      -2.175877990  
2009  7 26.000000    23.7909639189      -2.211876055  
2009  7 31.000000    23.7846621379      -2.263308367  
2009  8  5.000000    23.7772061658      -2.299775933  
2009  8 10.000000    23.7692289317      -2.371626874  
2009  8 15.000000    23.7597759104      -2.417440164  
2009  8 20.000000    23.7501980500      -2.494689584  
2009  8 25.000000    23.7393679692      -2.559972689  
2009  8 30.000000    23.7283142668      -2.630717677  
2009  9  4.000000    23.7167500680      -2.716477177  
2009  9  9.000000    23.7045925109      -2.779832819  
2009  9 14.000000    23.6927069412      -2.875297803  
2009  9 19.000000    23.6800867201      -2.939922051  
2009  9 24.000000    23.6681252211      -3.028541170  
2009  9 29.000000    23.6558533830      -3.102841504  
2009 10  4.000000    23.6441057038      -3.173251110  
2009 10  9.000000    23.6328445274      -3.256370288  
2009 10 14.000000    23.6217648872      -3.309257216  
2009 10 19.000000    23.6118869388      -3.389104631  
2009 10 24.000000    23.6021542367      -3.433824072  
2009 10 29.000000    23.5938575802      -3.494456396  
2009 11  3.000000    23.5861490024      -3.539430363  
2009 11  8.000000    23.5795914608      -3.572208318  
2009 11 13.000000    23.5743228011      -3.616196431  
2009 11 18.000000    23.5698155149      -3.624583091  
2009 11 23.000000    23.5671167166      -3.655917530  
2009 11 28.000000    23.5650959759      -3.651268568  
2009 12  3.000000    23.5648662957      -3.656661281  
2009 12  8.000000    23.5656560540      -3.648280078  
2009 12 13.000000    23.5677841582      -3.622621206  
2009 12 18.000000    23.5714744107      -3.609406169  
2009 12 23.000000    23.5760058584      -3.559348627  
2009 12 28.000000    23.5823832944      -3.531104963  
2010  1  2.000000    23.5894176612      -3.470088031  
2010  1  7.000000    23.5980833081      -3.416240067  
2010  1 12.000000    23.6076555216      -3.353792217  
2010  1 17.000000    23.6182809731      -3.272322971  
2010  1 22.000000    23.6302101170      -3.207413893  
2010  1 27.000000    23.6425953336      -3.107790741  
2010  2  1.000000    23.6564237372      -3.031186462  
2010  2  6.000000    23.6704754572      -2.927742918  
2010  2 11.000000    23.6856640554      -2.830658440  
2010  2 16.000000    23.7012733720      -2.732372243  
2010  2 21.000000    23.7173540617      -2.615404646  
2010  2 26.000000    23.7341895149      -2.520655200  
2010  3  3.000000    23.7508613423      -2.394959298  
2010  3  8.000000    23.7683985359      -2.294454176  
2010  3 13.000000    23.7855396051      -2.174262779  
2010  3 18.000000    23.8031896178      -2.060545501  
2010  3 23.000000    23.8206366190      -1.953785772  
2010  3 28.000000    23.8378890504      -1.829288653  
2010  4  2.000000    23.8553034751      -1.732865822  
2010  4  7.000000    23.8718977167      -1.609535653  
2010  4 12.000000    23.8887742099      -1.513619293  
2010  4 17.000000    23.9046139713      -1.405295907  
2010  4 22.000000    23.9203540389      -1.303378828  
2010  4 27.000000    23.9353164425      -1.216266721  
2010  5  2.000000    23.9494764974      -1.111913284  
2010  5  7.000000    23.9632983797      -1.040887540  
2010  5 12.000000    23.9757038233      -0.946621842  
2010  5 17.000000    23.9879036106      -0.881216793  
2010  5 22.000000    23.9985405719      -0.810012148  
2010  5 27.000000     0.0085951260      -0.744101145  
2010  6  1.000000     0.0174727097      -0.699744920  
2010  6  6.000000     0.0250716235      -0.637748010  
2010  6 11.000000     0.0320079380      -0.613027307  
2010  6 16.000000     0.0371055474      -0.567706578  
2010  6 21.000000     0.0417126465      -0.550988525  
2010  6 26.000000     0.0444913261      -0.533586879  
2010  7  1.000000     0.0464235508      -0.518706381  
2010  7  6.000000     0.0470627713      -0.530318431  
2010  7 11.000000     0.0461937399      -0.522297883  
2010  7 16.000000     0.0446503354      -0.553060972  
2010  7 21.000000     0.0411958381      -0.563969441  
2010  7 26.000000     0.0373016333      -0.600526894  
2010  7 31.000000     0.0317190335      -0.639283110  
2010  8  5.000000     0.0253621993      -0.675342481  
2010  8 10.000000     0.0180325114      -0.739821987  
2010  8 15.000000     0.0093864433      -0.780334645  
2010  8 20.000000     0.0005073819      -0.857487854  
2010  8 25.000000    23.9901351272      -0.913171199  
2010  8 30.000000    23.9797814838      -0.988226442  
2010  9  4.000000    23.9683799757      -1.065498139  
2010  9  9.000000    23.9567029863      -1.132140824  
2010  9 14.000000    23.9448599797      -1.225460461  
2010  9 19.000000    23.9323526340      -1.288468036  
2010  9 24.000000    23.9204375383      -1.382527444  
2010  9 29.000000    23.9078612856      -1.451898665  
2010 10  4.000000    23.8960653919      -1.531799213  
2010 10  9.000000    23.8842110590      -1.611912276  
2010 10 14.000000    23.8728435374      -1.672284459  
2010 10 19.000000    23.8623170568      -1.755633195  
2010 10 24.000000    23.8519315686      -1.802677250  
2010 10 29.000000    23.8429974942      -1.873919607  
2010 11  3.000000    23.8342799715      -1.918039138  
2010 11  8.000000    23.8270446767      -1.963926316  
2010 11 13.000000    23.8206312910      -2.008867150  
2010 11 18.000000    23.8152832681      -2.026989336  
2010 11 23.000000    23.8114859264      -2.065456469  
2010 11 28.000000    23.8083473469      -2.064765703  
2010 12  3.000000    23.8071397663      -2.082987201  
2010 12  8.000000    23.8066338980      -2.074973617  
2010 12 13.000000    23.8078680301      -2.062820854  
2010 12 18.000000    23.8102729060      -2.051760804  
2010 12 23.000000    23.8138297231      -2.010715798  
2010 12 28.000000    23.8190887881      -1.990154797  
2011  1  2.000000    23.8250153116      -1.931659092  
2011  1  7.000000    23.8328182059      -1.889712686  
2011  1 12.000000    23.8412422209      -1.826299467  
2011  1 17.000000    23.8511516605      -1.756217734  
2011  1 22.000000    23.8620351085      -1.692359751  
2011  1 27.000000    23.8737074086      -1.598653747  
2011  2  1.000000    23.8867714700      -1.528028719  
2011  2  6.000000    23.9000778997      -1.423826495  
2011  2 11.000000    23.9148059809      -1.336157922  
2011  2 16.000000    23.9296747308      -1.234283269  
2011  2 21.000000    23.9454728648      -1.125227459  
2011  2 26.000000    23.9617438879      -1.029180996  
2011  3  3.000000    23.9781978154      -0.905239204  
2011  3  8.000000    23.9954946714      -0.808289140  
2011  3 13.000000     0.0123878838      -0.683598402  
2011  3 18.000000     0.0300995945      -0.576304587  
2011  3 23.000000     0.0473280377      -0.462869711  
2011  3 28.000000     0.0648509985      -0.342342789  
2011  4  2.000000     0.0822594015      -0.242077697  
2011  4  7.000000     0.0991682161      -0.116372166  
2011  4 12.000000     0.1163424963      -0.021660079  
2011  4 17.000000     0.1324433205       0.094865497  
2011  4 22.000000     0.1487914541       0.193384386  
2011  4 27.000000     0.1640611884       0.290155802  
2011  5  2.000000     0.1790147549       0.394198137  
2011  5  7.000000     0.1933227782       0.471135406  
2011  5 12.000000     0.2065014467       0.571505939  
2011  5 17.000000     0.2194768920       0.637716916  
2011  5 22.000000     0.2308149176       0.720452207  
2011  5 27.000000     0.2419372215       0.785493473  
2011  6  1.000000     0.2515112653       0.841641497  
2011  6  6.000000     0.2602705044       0.906186636  
2011  6 11.000000     0.2680354191       0.938066952  
2011  6 16.000000     0.2742085535       0.992445853  
2011  6 21.000000     0.2799135202       1.011072993  
2011  6 26.000000     0.2836187618       1.042021854  
2011  7  1.000000     0.2868340503       1.057187389  
2011  7  6.000000     0.2883028367       1.057987872  
2011  7 11.000000     0.2886999481       1.070016943  
2011  7 16.000000     0.2880793004       1.046064774  
2011  7 21.000000     0.2856995102       1.045280592  
2011  7 26.000000     0.2828913774       1.009625567  
2011  7 31.000000     0.2780928846       0.984085675  
2011  8  5.000000     0.2728694491       0.947315984  
2011  8 10.000000     0.2661563234       0.893456367  
2011  8 15.000000     0.2585037235       0.856018619  
2011  8 20.000000     0.2502475746       0.782554872  
2011  8 25.000000     0.2405078103       0.735107359  
2011  8 30.000000     0.2308090032       0.657266292  
2011  9  4.000000     0.2196547552       0.590009298  
2011  9  9.000000     0.2085769758       0.519247221  
2011  9 14.000000     0.1967694173       0.431895960  
2011  9 19.000000     0.1845756964       0.368322803  
2011  9 24.000000     0.1726229307       0.272331437  
2011  9 29.000000     0.1599132516       0.207016779  
2011 10  4.000000     0.1480768428       0.119059786  
2011 10  9.000000     0.1357216617       0.043949247  
2011 10 14.000000     0.1241989758      -0.025238790  
2011 10 19.000000     0.1129652193      -0.108530479  
2011 10 24.000000     0.1021003632      -0.160321979  
2011 10 29.000000     0.0924463190      -0.239060613  
2011 11  3.000000     0.0828817850      -0.283054089  
2011 11  8.000000     0.0749830369      -0.341433797  
2011 11 13.000000     0.0674415129      -0.385698815  
2011 11 18.000000     0.0613412732      -0.415769659  
2011 11 23.000000     0.0563418049      -0.458280316  
2011 11 28.000000     0.0522429103      -0.464207897  
2011 12  3.000000     0.0499727367      -0.492914061  
2011 12  8.000000     0.0482670142      -0.486345752  
2011 12 13.000000     0.0485719076      -0.488260400  
2011 12 18.000000     0.0496392057      -0.478049375  
2011 12 23.000000     0.0522960182      -0.448796586  
2011 12 28.000000     0.0563248389      -0.433218314  
2012  1  2.000000     0.0612692626      -0.380237216  
2012  1  7.000000     0.0680800708      -0.348868625  
2012  1 12.000000     0.0753839119      -0.285759224  
2012  1 17.000000     0.0845286817      -0.228351388  
2012  1 22.000000     0.0943040045      -0.164180573  
2012  1 27.000000     0.1053429369      -0.079549178  
2012  2  1.000000     0.1174996472      -0.012731937  
2012  2  6.000000     0.1301360855       0.088982264  
2012  2 11.000000     0.1442543108       0.167933896  
2012  2 16.000000     0.1584020333       0.272404999  
2012  2 21.000000     0.1738945490       0.371876390  
2012  2 26.000000     0.1895281138       0.470601206  
2012  3  2.000000     0.2058160991       0.589208032  
2012  3  7.000000     0.2226993034       0.684455401  
2012  3 12.000000     0.2394144287       0.810591647  
2012  3 17.000000     0.2570642419       0.911901221  
2012  3 22.000000     0.2741057799       1.031399169  
2012  3 27.000000     0.2918709810       1.145781491  
2012  4  1.000000     0.3091644787       1.251328577  
2012  4  6.000000     0.3264355653       1.375737165  
2012  4 11.000000     0.3437466797       1.471146836  
2012  4 16.000000     0.3602093327       1.593245916  
2012  4 21.000000     0.3770544872       1.688492525  
2012  4 26.000000     0.3926365409       1.794625248  
2012  5  1.000000     0.4083480171       1.895843852  
2012  5  6.000000     0.4230310392       1.980558033  
2012  5 11.000000     0.4370723944       2.083598198  
2012  5 16.000000     0.4506861528       2.152647862  
2012  5 21.000000     0.4628261561       2.244625278  
2012  5 26.000000     0.4748927777       2.308601337  
2012  5 31.000000     0.4851599505       2.376892985  
2012  6  5.000000     0.4950866323       2.441537659  
2012  6 10.000000     0.5035993751       2.483080533  
2012  6 15.000000     0.5109733774       2.543304586  
2012  6 20.000000     0.5176264483       2.565887069  
2012  6 25.000000     0.5223571959       2.608691100  
2012  6 30.000000     0.5267662443       2.624053651  
2012  7  5.000000     0.5290991375       2.638584693  
2012  7 10.000000     0.5308354522       2.652341200  
2012  7 15.000000     0.5310554594       2.638199798  
2012  7 20.000000     0.5298893428       2.644675948  
2012  7 25.000000     0.5280357032       2.612317423  
2012  7 30.000000     0.5241667463       2.599286784  
2012  8  4.000000     0.5200655151       2.562003181  
2012  8  9.000000     0.5140225753       2.520938538  
2012  8 14.000000     0.5074660047       2.484383614  
2012  8 19.000000     0.4997476984       2.418182450  
2012  8 24.000000     0.4908289219       2.376823293  
2012  8 29.000000     0.4817185064       2.299044604  
2012  9  3.000000     0.4709960199       2.242004906  
2012  9  8.000000     0.4605406578       2.167208317  
2012  9 13.000000     0.4487955897       2.088594594  
2012  9 18.000000     0.4370554081       2.022473057  
2012  9 23.000000     0.4250077674       1.928639838  
2012  9 28.000000     0.4124001707       1.865797889  
2012 10  3.000000     0.4004778307       1.772407087  
2012 10  8.000000     0.3877617335       1.702804479  
2012 10 13.000000     0.3761117436       1.624496785  
2012 10 18.000000     0.3641789443       1.544399767  
2012 10 23.000000     0.3530112235       1.485829196  
2012 10 28.000000     0.3425758340       1.403437111  
2012 11  2.000000     0.3323523104       1.357785614  
2012 11  7.000000     0.3237068763       1.288703431  
2012 11 12.000000     0.3151227309       1.245659250  
2012 11 17.000000     0.3083120148       1.202732861  
2012 11 22.000000     0.3020935513       1.159129748  
2012 11 27.000000     0.2971782761       1.143903670  
2012 12  2.000000     0.2937160318       1.107634350  
2012 12  7.000000     0.2909314703       1.110641649  
2012 12 12.000000     0.2902136686       1.095610759  
2012 12 17.000000     0.2899999006       1.105442732  
2012 12 22.000000     0.2917892979       1.121144101  
2012 12 27.000000     0.2945003597       1.134058787  
2013  1  1.000000     0.2985473674       1.178194728  
2013  1  6.000000     0.3042066482       1.201211887  
2013  1 11.000000     0.3104938956       1.261867794  
2013  1 16.000000     0.3187893043       1.306797483  
2013  1 21.000000     0.3274658318       1.371551996  
2013  1 26.000000     0.3378615859       1.444507789  
2013  1 31.000000     0.3489802832       1.509513793  
2013  2  5.000000     0.3610278381       1.605254264  
2013  2 10.000000     0.3743908983       1.677308377  
2013  2 15.000000     0.3879097409       1.782297056  
2013  2 20.000000     0.4029862987       1.871572325  
2013  2 25.000000     0.4179453383       1.973273969  
2013  3  2.000000     0.4340580965       2.083572078  
2013  3  7.000000     0.4504068758       2.179173907  
2013  3 12.000000     0.4670459443       2.303303344  
2013  3 17.000000     0.4844770221       2.399978236  
2013  3 22.000000     0.5013875919       2.523580202  
2013  3 27.000000     0.5192762038       2.630739755  
2013  4  1.000000     0.5364225011       2.742265581  
2013  4  6.000000     0.5540839336       2.862255365  
2013  4 11.000000     0.5714141999       2.960464396  
2013  4 16.000000     0.5883259417       3.084644352  
2013  4 21.000000     0.6054881461       3.177654047  
2013  4 26.000000     0.6214418678       3.291624402  
2013  5  1.000000     0.6378280486       3.388740886  
2013  5  6.000000     0.6528732904       3.482406441  
2013  5 11.000000     0.6678166396       3.584773101  
2013  5 16.000000     0.6819201864       3.658780764  
2013  5 21.000000     0.6949541637       3.756737391  
2013  5 26.000000     0.7078076517       3.820685109  
2013  5 31.000000     0.7188642795       3.900268766  
2013  6  5.000000     0.7299085044       3.963527583  
2013  6 10.000000     0.7391351846       4.016306425  
2013  6 15.000000     0.7477565709       4.079001316  
2013  6 20.000000     0.7552162391       4.108062535  
2013  6 25.000000     0.7611189373       4.160073111  
2013  6 30.000000     0.7666091943       4.176769964  
2013  7  5.000000     0.7699110222       4.204843818  
2013  7 10.000000     0.7729468430       4.218718992  
2013  7 15.000000     0.7739708342       4.216748072  
2013  7 20.000000     0.7741309522       4.227544602  
2013  7 25.000000     0.7731367603       4.201604179  
2013  7 30.000000     0.7703914055       4.199146502  
2013  8  4.000000     0.7673129963       4.162533037  
2013  8  9.000000     0.7620418580       4.134987345  
2013  8 14.000000     0.7566034133       4.097981588  
2013  8 19.000000     0.7494271581       4.042417262  
2013  8 24.000000     0.7415194076       4.004759709  
2013  8 29.000000     0.7329146530       3.930518834  
2013  9  3.000000     0.7228198409       3.882429689  
2013  9  8.000000     0.7129211401       3.804947037  
2013  9 13.000000     0.7013681698       3.736844007  
2013  9 18.000000     0.6901834191       3.667102405  
2013  9 23.000000     0.6780494189       3.579335622  
2013  9 28.000000     0.6657372319       3.516729027  
2013 10  3.000000     0.6536313704       3.421393849  
2013 10  8.000000     0.6407565899       3.356653611  
2013 10 13.000000     0.6289635297       3.270484753  
2013 10 18.000000     0.6164526548       3.195796361  
2013 10 23.000000     0.6050813909       3.128941837  
2013 10 28.000000     0.5938077517       3.046617393  
2013 11  2.000000     0.5830990135       2.996997888  
2013 11  7.000000     0.5736111862       2.920323676  
2013 11 12.000000     0.5641698477       2.878004095  
2013 11 17.000000     0.5566214899       2.822639117  
2013 11 22.000000     0.5492133554       2.779855936  
2013 11 27.000000     0.5435399507       2.753084005  
2013 12  2.000000     0.5387879624       2.712552824  
2013 12  7.000000     0.5350860058       2.709459687  
2013 12 12.000000     0.5332324664       2.683564704  
2013 12 17.000000     0.5318446518       2.692198504  
2013 12 22.000000     0.5326866859       2.693674790  
2013 12 27.000000     0.5340484640       2.705575948  
2014  1  1.000000     0.5372551548       2.738063978  
2014  1  6.000000     0.5416494483       2.755520924  
2014  1 11.000000     0.5470435401       2.810827079  
2014  1 16.000000     0.5543246627       2.844533237  
2014  1 21.000000     0.5619508255       2.908910200  
2014  1 26.000000     0.5716269209       2.968817196  
2014  1 31.000000     0.5816693707       3.033610790  
2014  2  5.000000     0.5931885450       3.120131061  
2014  2 10.000000     0.6056436531       3.187504752  
2014  2 15.000000     0.6186133509       3.289906006  
2014  2 20.000000     0.6331029703       3.369638077  
2014  2 25.000000     0.6474412536       3.473590651  
2014  3  2.000000     0.6633294955       3.573714769  
2014  3  7.000000     0.6790870887       3.671204436  
2014  3 12.000000     0.6956850107       3.789676533  
2014  3 17.000000     0.7127207115       3.883637998  
2014  3 22.000000     0.7295935049       4.008443084  
2014  3 27.000000     0.7474647284       4.108667388  
2014  4  1.000000     0.7645241941       4.225721467  
2014  4  6.000000     0.7825169354       4.338898277  
2014  4 11.000000     0.7997736650       4.441511263  
2014  4 16.000000     0.8171819562       4.564058907  
2014  4 21.000000     0.8345043600       4.656722101  
2014  4 26.000000     0.8509538821       4.775956254  
2014  5  1.000000     0.8678763462       4.868851211  
2014  5  6.000000     0.8833138319       4.971331746  
2014  5 11.000000     0.8991022835       5.070305312  
2014  5 16.000000     0.9136109935       5.151270029  
2014  5 21.000000     0.9276348714       5.251647858  
2014  5 26.000000     0.9411308776       5.317461322  
2014  5 31.000000     0.9530964470       5.406075316  
2014  6  5.000000     0.9651075501       5.467510352  
2014  6 10.000000     0.9750831669       5.532048295  
2014  6 15.000000     0.9849492809       5.594511447  
2014  6 20.000000     0.9931561042       5.632564898  
2014  6 25.000000     1.0003573400       5.690400629  
2014  6 30.000000     1.0067655589       5.710334624  
2014  7  5.000000     1.0111668558       5.750328369  
2014  7 10.000000     1.0153996251       5.763987723  
2014  7 15.000000     1.0173048519       5.775601838  
2014  7 20.000000     1.0188491631       5.788136350  
2014  7 25.000000     1.0186442625       5.771616967  
2014  7 30.000000     1.0171705050       5.776779567  
2014  8  4.000000     1.0149819350       5.743115492  
2014  8  9.000000     1.0106730114       5.728480444  
2014  8 14.000000     1.0063229555       5.690914119  
2014  8 19.000000     0.9997745570       5.648286951  
2014  8 24.000000     0.9929641712       5.611923698  
2014  8 29.000000     0.9847968499       5.544883469  
2014  9  3.000000     0.9755447344       5.503613291  
2014  9  8.000000     0.9661302068       5.426140343  
2014  9 13.000000     0.9549878575       5.368893570  
2014  9 18.000000     0.9443507674       5.295386688  
2014  9 23.000000     0.9321861277       5.216705722  
2014  9 28.000000     0.9203056820       5.152260391  
2014 10  3.000000     0.9079740660       5.059156346  
2014 10  8.000000     0.8951921748       4.997745837  
2014 10 13.000000     0.8831824401       4.906213460  
2014 10 18.000000     0.8702573671       4.837711110  
2014 10 23.000000     0.8586819105       4.762133334  
2014 10 28.000000     0.8466087265       4.683292705  
2014 11  2.000000     0.8355812614       4.627598860  
2014 11  7.000000     0.8251794392       4.547222785  
2014 11 12.000000     0.8150716883       4.503993034  
2014 11 17.000000     0.8066676984       4.437914131  
2014 11 22.000000     0.7981853407       4.396826248  
2014 11 27.000000     0.7917673169       4.357466527  
2014 12  2.000000     0.7857208902       4.315824576  
2014 12  7.000000     0.7812217864       4.303920447  
2014 12 12.000000     0.7780818744       4.270166184  
2014 12 17.000000     0.7756527753       4.275715717  
2014 12 22.000000     0.7754260881       4.263840660  
2014 12 27.000000     0.7755193605       4.275450797  
2015  1  1.000000     0.7778785225       4.294379056  
2015  1  6.000000     0.7809206126       4.308807877  
2015  1 11.000000     0.7854909685       4.355484713  
2015  1 16.000000     0.7915871302       4.380256443  
2015  1 21.000000     0.7982853291       4.442299019  
2015  1 26.000000     0.8071205859       4.489191265  
2015  1 31.000000     0.8161104439       4.554298022  
2015  2  5.000000     0.8270553421       4.628883178  
2015  2 10.000000     0.8384812455       4.693789922  
2015  2 15.000000     0.8509840742       4.790159150  
2015  2 20.000000     0.8647262066       4.862128651  
2015  2 25.000000     0.8785489344       4.966405337  
2015  3  2.000000     0.8940629206       5.055586352  
2015  3  7.000000     0.9092138891       5.155525976  
2015  3 12.000000     0.9257437965       5.265262387  
2015  3 17.000000     0.9422771590       5.358688257  
2015  3 22.000000     0.9592133136       5.481206099  
2015  3 27.000000     0.9768869892       5.575765885  
2015  4  1.000000     0.9939336722       5.696547304  
2015  4  6.000000     1.0121135141       5.801677596  
2015  4 11.000000     1.0292990558       5.909585832  
2015  4 16.000000     1.0472166057       6.027187394  
2015  4 21.000000     1.0645850410       6.121642608  
2015  4 26.000000     1.0816187000       6.242612811  
2015  5  1.000000     1.0988809880       6.332226545  
2015  5  6.000000     1.1148059680       6.442136089  
2015  5 11.000000     1.1313379672       6.536206193  
2015  5 16.000000     1.1462666922       6.625411071  
2015  5 21.000000     1.1613014959       6.724650468  
2015  5 26.000000     1.1752957700       6.794479427  
2015  5 31.000000     1.1882810496       6.888839099  
2015  6  5.000000     1.2010959689       6.949341866  
2015  6 10.000000     1.2119543225       7.024865330  
2015  6 15.000000     1.2229892120       7.085323288  
2015  6 20.000000     1.2319338541       7.134063950  
2015  6 25.000000     1.2404749972       7.194162092  
2015  6 30.000000     1.2476770282       7.219863112  
2015  7  5.000000     1.2533538856       7.269087857  
2015  7 10.000000     1.2586561763       7.283448092  
2015  7 15.000000     1.2615799391       7.308571650  
2015  7 20.000000     1.2644472603       7.320966399  
2015  7 25.000000     1.2650327070       7.316370566  
2015  7 30.000000     1.2649540539       7.326032524  
2015  8  4.000000     1.2635709568       7.298392105  
2015  8  9.000000     1.2604416600       7.294716730  
2015  8 14.000000     1.2570591702       7.257575967  
2015  8 19.000000     1.2512824798       7.228777062  
2015  8 24.000000     1.2455841666       7.192140807  
2015  8 29.000000     1.2378956264       7.135791227  
2015  9  3.000000     1.2296776251       7.098784200  
2015  9  8.000000     1.2206589940       7.024770128  
2015  9 13.000000     1.2101478291       6.977189237  
2015  9 18.000000     1.1999777148       6.901108593  
2015  9 23.000000     1.1879591949       6.833470476  
2015  9 28.000000     1.1765931880       6.765877980  
2015 10  3.000000     1.1640583431       6.679050716  
2015 10  8.000000     1.1515559996       6.618682690  
2015 10 13.000000     1.1392227386       6.525283621  
2015 10 18.000000     1.1261183747       6.462478040  
2015 10 23.000000     1.1142979903       6.379259958  
2015 10 28.000000     1.1015701166       6.306347563  
2015 11  2.000000     1.0902885713       6.242926625  
2015 11  7.000000     1.0789196486       6.162772523  
2015 11 12.000000     1.0683212318       6.116372408  
2015 11 17.000000     1.0589527807       6.042696057  
2015 11 22.000000     1.0496005325       6.003008600  
2015 11 27.000000     1.0423662186       5.951333766  
2015 12  2.000000     1.0350683311       5.910806962  
2015 12  7.000000     1.0298029612       5.887787760  
2015 12 12.000000     1.0252870477       5.849680920  
2015 12 17.000000     1.0219799804       5.849682659  
2015 12 22.000000     1.0205402198       5.826676302  
2015 12 27.000000     1.0194825426       5.837444644