v15.04    Планета: Уран  (INPOP13C)
          Спутник: U2 Умбриэль  (GUST86, Laskar J. et al (1987) A&A, v.188, p.212.)
   Обсерватория N:  84 - Pulkovo
    Шкала времени: UTC
Средний экватор и равноденствие эпохи J2000.  ICRF. 
Координаты астрометрические 

Год  Месяц День       alpha (h)          delta (º)
2007  8  1.000000    23.2867223044      -5.479794092  
2007  8  6.000000    23.2777477249      -5.536641703  
2007  8 11.000000    23.2678826845      -5.594217973  
2007  8 16.000000    23.2573925512      -5.660932519  
2007  8 21.000000    23.2464211962      -5.737858373  
2007  8 26.000000    23.2349337608      -5.816256400  
2007  8 31.000000    23.2229327433      -5.889175601  
2007  9  5.000000    23.2106247500      -5.960533806  
2007  9 10.000000    23.1982938028      -6.038346004  
2007  9 15.000000    23.1860618372      -6.121756829  
2007  9 20.000000    23.1738989101      -6.201239537  
2007  9 25.000000    23.1618595862      -6.271191881  
2007  9 30.000000    23.1501923559      -6.336980518  
2007 10  5.000000    23.1391550049      -6.406029893  
2007 10 10.000000    23.1288124793      -6.475775185  
2007 10 15.000000    23.1191176218      -6.536584842  
2007 10 20.000000    23.1101452482      -6.584628658  
2007 10 25.000000    23.1021403099      -6.626642018  
2007 10 30.000000    23.0952931508      -6.669212014  
2007 11  4.000000    23.0895866610      -6.708426702  
2007 11  9.000000    23.0849371066      -6.735112430  
2007 11 14.000000    23.0814106964      -6.747508679  
2007 11 19.000000    23.0792112061      -6.753451759  
2007 11 24.000000    23.0784420753      -6.758481138  
2007 11 29.000000    23.0790012218      -6.757608405  
2007 12  4.000000    23.0807624347      -6.742563368  
2007 12  9.000000    23.0837681709      -6.713695910  
2007 12 14.000000    23.0881670087      -6.679570869  
2007 12 19.000000    23.0939791903      -6.644463352  
2007 12 24.000000    23.1010357522      -6.602484792  
2007 12 29.000000    23.1091763636      -6.546571251  
2008  1  3.000000    23.1184191715      -6.479044866  
2008  1  8.000000    23.1288641172      -6.408787295  
2008  1 13.000000    23.1404678671      -6.338583313  
2008  1 18.000000    23.1530199414      -6.261835110  
2008  1 23.000000    23.1663425635      -6.172805520  
2008  1 28.000000    23.1804383407      -6.075633901  
2008  2  2.000000    23.1953735623      -5.979050723  
2008  2  7.000000    23.2110653418      -5.884229671  
2008  2 12.000000    23.2272838184      -5.784020069  
2008  2 17.000000    23.2438507941      -5.674119559  
2008  2 22.000000    23.2607656225      -5.560224513  
2008  2 27.000000    23.2780762002      -5.450546022  
2008  3  3.000000    23.2956783258      -5.344563843  
2008  3  8.000000    23.3133377779      -5.234761431  
2008  3 13.000000    23.3308898872      -5.118358194  
2008  3 18.000000    23.3483432523      -5.002320617  
2008  3 23.000000    23.3657388981      -4.894022513  
2008  3 28.000000    23.3829608992      -4.791215008  
2008  4  2.000000    23.3997793690      -4.686258273  
2008  4  7.000000    23.4160540113      -4.577937955  
2008  4 12.000000    23.4318155097      -4.474217048  
2008  4 17.000000    23.4471041256      -4.381287767  
2008  4 22.000000    23.4617965399      -4.295249923  
2008  4 27.000000    23.4756727905      -4.208564176  
2008  5  2.000000    23.4886275825      -4.121650329  
2008  5  7.000000    23.5007257916      -4.043102848  
2008  5 12.000000    23.5120114446      -3.977651276  
2008  5 17.000000    23.5223552829      -3.919831698  
2008  5 22.000000    23.5315558542      -3.862484425  
2008  5 27.000000    23.5395560562      -3.807641106  
2008  6  1.000000    23.5464650248      -3.764145081  
2008  6  6.000000    23.5523366504      -3.734984420  
2008  6 11.000000    23.5570387493      -3.713265896  
2008  6 16.000000    23.5604025846      -3.692487931  
2008  6 21.000000    23.5624360359      -3.676195457  
2008  6 26.000000    23.5633009867      -3.673066981  
2008  7  1.000000    23.5630651188      -3.684074038  
2008  7  6.000000    23.5616044674      -3.701116009  
2008  7 11.000000    23.5587999123      -3.718580740  
2008  7 16.000000    23.5547417420      -3.741392905  
2008  7 21.000000    23.5496469229      -3.777576481  
2008  7 26.000000    23.5435976326      -3.825962164  
2008  7 31.000000    23.5364919760      -3.877498252  
2008  8  5.000000    23.5282776497      -3.927736170  
2008  8 10.000000    23.5191327708      -3.982749689  
2008  8 15.000000    23.5093200351      -4.049514669  
2008  8 20.000000    23.4989287457      -4.124733582  
2008  8 25.000000    23.4878862105      -4.198822396  
2008  8 30.000000    23.4762139206      -4.268766899  
2008  9  4.000000    23.4641611919      -4.341581469  
2008  9  9.000000    23.4520081935      -4.422933649  
2008  9 14.000000    23.4398314764      -4.507633798  
2008  9 19.000000    23.4275813219      -4.586143536  
2008  9 24.000000    23.4153379851      -4.657148404  
2008  9 29.000000    23.4033839180      -4.728458179  
2008 10  4.000000    23.3919708202      -4.804292618  
2008 10  9.000000    23.3811348755      -4.878047828  
2008 10 14.000000    23.3708290042      -4.940847048  
2008 10 19.000000    23.3611611892      -4.993324924  
2008 10 24.000000    23.3523970916      -5.043850283  
2008 10 29.000000    23.3447165959      -5.095236745  
2008 11  3.000000    23.3380907027      -5.139961548  
2008 11  8.000000    23.3324535848      -5.170386536  
2008 11 13.000000    23.3279082358      -5.189152785  
2008 11 18.000000    23.3246661264      -5.204888634  
2008 11 23.000000    23.3228113531      -5.219035992  
2008 11 28.000000    23.3222414953      -5.223600473  
2008 12  3.000000    23.3228619043      -5.212556892  
2008 12  8.000000    23.3247510326      -5.190413650  
2008 12 13.000000    23.3280549032      -5.165678768  
2008 12 18.000000    23.3327637869      -5.138390990  
2008 12 23.000000    23.3387114757      -5.100456323  
2008 12 28.000000    23.3457779097      -5.047601885  
2009  1  2.000000    23.3540166302      -4.985951215  
2009  1  7.000000    23.3635162877      -4.923442618  
2009  1 12.000000    23.3741963555      -4.858695042  
2009  1 17.000000    23.3858439637      -4.783758998  
2009  1 22.000000    23.3983260662      -4.696186522  
2009  1 27.000000    23.4116818015      -4.603317416  
2009  2  1.000000    23.4259615692      -4.512161634  
2009  2  6.000000    23.4410399415      -4.419901688  
2009  2 11.000000    23.4566773943      -4.318932496  
2009  2 16.000000    23.4727395587      -4.208636688  
2009  2 21.000000    23.4892657897      -4.097188377  
2009  2 26.000000    23.5062871926      -3.990350018  
2009  3  3.000000    23.5236528069      -3.883898602  
2009  3  8.000000    23.5411135263      -3.770780266  
2009  3 13.000000    23.5585437682      -3.652149050  
2009  3 18.000000    23.5759952212      -3.536691861  
2009  3 23.000000    23.5934923792      -3.428629190  
2009  3 28.000000    23.6108709063      -3.322455445  
2009  4  2.000000    23.6278832121      -3.211839165  
2009  4  7.000000    23.6444242061      -3.099665819  
2009  4 12.000000    23.6605649182      -2.994758008  
2009  4 17.000000    23.6763296868      -2.899621135  
2009  4 22.000000    23.6915462628      -2.807605288  
2009  4 27.000000    23.7059790204      -2.713314296  
2009  5  2.000000    23.7195556046      -2.621236993  
2009  5  7.000000    23.7323722329      -2.539978127  
2009  5 12.000000    23.7444541063      -2.470188201  
2009  5 17.000000    23.7556249168      -2.404271488  
2009  5 22.000000    23.7656734235      -2.337965107  
2009  5 27.000000    23.7745756600      -2.277164933  
2009  6  1.000000    23.7824588511      -2.229897627  
2009  6  6.000000    23.7893475390      -2.194828301  
2009  6 11.000000    23.7950690176      -2.163691542  
2009  6 16.000000    23.7994530596      -2.133489389  
2009  6 21.000000    23.8025424358      -2.111286053  
2009  6 26.000000    23.8045010590      -2.104078746  
2009  7  1.000000    23.8053527262      -2.108547702  
2009  7  6.000000    23.8049401367      -2.115997862  
2009  7 11.000000    23.8031568206      -2.124840955  
2009  7 16.000000    23.8001271874      -2.142939466  
2009  7 21.000000    23.7960551380      -2.175848609  
2009  7 26.000000    23.7909654379      -2.218323755  
2009  7 31.000000    23.7847299818      -2.261575672  
2009  8  5.000000    23.7773270089      -2.305483780  
2009  8 10.000000    23.7689677188      -2.358322135  
2009  8 15.000000    23.7598886576      -2.423882919  
2009  8 20.000000    23.7501153055      -2.495165776  
2009  8 25.000000    23.7395576408      -2.563745698  
2009  8 30.000000    23.7282839006      -2.631001654  
2009  9  4.000000    23.7165786201      -2.705284992  
2009  9  9.000000    23.7046863292      -2.788440794  
2009  9 14.000000    23.6926235716      -2.872132571  
2009  9 19.000000    23.6803343277      -2.948786248  
2009  9 24.000000    23.6679574574      -3.021402269  
2009  9 29.000000    23.6558118897      -3.098084790  
2009 10  4.000000    23.6441128372      -3.178833874  
2009 10  9.000000    23.6328464741      -3.254528255  
2009 10 14.000000    23.6219722460      -3.318995370  
2009 10 19.000000    23.6116599234      -3.376900829  
2009 10 24.000000    23.6022103146      -3.435901691  
2009 10 29.000000    23.5937712259      -3.494372881  
2009 11  3.000000    23.5862767080      -3.543028859  
2009 11  8.000000    23.5796782089      -3.577545315  
2009 11 13.000000    23.5741349837      -3.604149362  
2009 11 18.000000    23.5698871252      -3.629884985  
2009 11 23.000000    23.5669921489      -3.651717105  
2009 11 28.000000    23.5653232809      -3.660741326  
2009 12  3.000000    23.5648095468      -3.654684872  
2009 12  8.000000    23.5655762285      -3.641104878  
2009 12 13.000000    23.5677841985      -3.626148800  
2009 12 18.000000    23.5714021770      -3.605604958  
2009 12 23.000000    23.5762494848      -3.571278851  
2009 12 28.000000    23.5822337468      -3.522984386  
2010  1  2.000000    23.5894451436      -3.469180577  
2010  1  7.000000    23.5979713064      -3.414866774  
2010  1 12.000000    23.6077095688      -3.354798656  
2010  1 17.000000    23.6184427391      -3.281723925  
2010  1 22.000000    23.6300685210      -3.197408512  
2010  1 27.000000    23.6426550854      -3.110756140  
2010  2  1.000000    23.6562374308      -3.025378217  
2010  2  6.000000    23.6706607516      -2.935131306  
2010  2 11.000000    23.6856906602      -2.833886190  
2010  2 16.000000    23.7012296670      -2.725144660  
2010  2 21.000000    23.7173412480      -2.617841274  
2010  2 26.000000    23.7340287192      -2.513971574  
2010  3  3.000000    23.7511019816      -2.406688767  
2010  3  8.000000    23.7683216687      -2.291104654  
2010  3 13.000000    23.7856105240      -2.172277080  
2010  3 18.000000    23.8030413252      -2.058734926  
2010  3 23.000000    23.8205999147      -1.950750428  
2010  3 28.000000    23.8380733834      -1.840954035  
2010  4  2.000000    23.8552249825      -1.725856212  
2010  4  7.000000    23.8720092885      -1.611833670  
2010  4 12.000000    23.8885185605      -1.506654348  
2010  4 17.000000    23.9047281904      -1.408804381  
2010  4 22.000000    23.9204098364      -1.310610991  
2010  4 27.000000    23.9353393107      -1.210115588  
2010  5  2.000000    23.9495106555      -1.114769574  
2010  5  7.000000    23.9630423302      -1.031250628  
2010  5 12.000000    23.9759009610      -0.956241653  
2010  5 17.000000    23.9878507392      -0.882031259  
2010  5 22.000000    23.9986931605      -0.808256017  
2010  5 27.000000     0.0084717914      -0.743189084  
2010  6  1.000000     0.0173322483      -0.692061121  
2010  6  6.000000     0.0252347667      -0.649834580  
2010  6 11.000000     0.0319472186      -0.608991304  
2010  6 16.000000     0.0373168815      -0.570805583  
2010  6 21.000000     0.0414480052      -0.543991688  
2010  6 26.000000     0.0445123895      -0.532050227  
2010  7  1.000000     0.0464681291      -0.528322488  
2010  7  6.000000     0.0471044657      -0.525756720  
2010  7 11.000000     0.0463394092      -0.527185264  
2010  7 16.000000     0.0443478874      -0.541330549  
2010  7 21.000000     0.0413251176      -0.569727520  
2010  7 26.000000     0.0372324961      -0.604273579  
2010  7 31.000000     0.0319033501      -0.638657852  
2010  8  5.000000     0.0253474767      -0.677123706  
2010  8 10.000000     0.0178147910      -0.727944728  
2010  8 15.000000     0.0095133577      -0.790531831  
2010  8 20.000000     0.0004120200      -0.855692112  
2010  8 25.000000    23.9904050027      -0.918114106  
2010  8 30.000000    23.9796016651      -0.983310021  
2010  9  4.000000    23.9683116043      -1.058666355  
2010  9  9.000000    23.9567367664      -1.141537774  
2010  9 14.000000    23.9448456887      -1.222128065  
2010  9 19.000000    23.9325945006      -1.296492429  
2010  9 24.000000    23.9201744766      -1.371215821  
2010  9 29.000000    23.9079171948      -1.452564958  
2010 10  4.000000    23.8959880491      -1.536096676  
2010 10  9.000000    23.8843358445      -1.612061843  
2010 10 14.000000    23.8729572104      -1.678264495  
2010 10 19.000000    23.8620847182      -1.742193248  
2010 10 24.000000    23.8520229068      -1.808900139  
2010 10 29.000000    23.8428660757      -1.872564342  
2010 11  3.000000    23.8345224221      -1.924154762  
2010 11  8.000000    23.8269950573      -1.963497392  
2010 11 13.000000    23.8205130406      -1.998815853  
2010 11 18.000000    23.8153126024      -2.033850238  
2010 11 23.000000    23.8113970783      -2.061882808  
2010 11 28.000000    23.8086214481      -2.075096565  
2010 12  3.000000    23.8069716762      -2.075442091  
2010 12  8.000000    23.8066411652      -2.071547478  
2010 12 13.000000    23.8077826070      -2.065791411  
2010 12 18.000000    23.8103100179      -2.050889457  
2010 12 23.000000    23.8140292649      -2.020562877  
2010 12 28.000000    23.8189033185      -1.978734881  
2011  1  2.000000    23.8250818215      -1.934046598  
2011  1  7.000000    23.8326415506      -1.887421650  
2011  1 12.000000    23.8414255210      -1.831251380  
2011  1 17.000000    23.8512069207      -1.760934125  
2011  1 22.000000    23.8619350239      -1.682066206  
2011  1 27.000000    23.8737254051      -1.602909991  
2011  2  1.000000    23.8865967194      -1.522822227  
2011  2  6.000000    23.9003447607      -1.434096135  
2011  2 11.000000    23.9147285794      -1.333810165  
2011  2 16.000000    23.9297014089      -1.228920923  
2011  2 21.000000    23.9453599030      -1.126890777  
2011  2 26.000000    23.9616815198      -1.025516309  
2011  3  3.000000    23.9784335215      -0.917157006  
2011  3  8.000000    23.9953782024      -0.800596404  
2011  3 13.000000     0.0124885774      -0.683771796  
2011  3 18.000000     0.0298577324      -0.573014876  
2011  3 23.000000     0.0474316644      -0.464617878  
2011  3 28.000000     0.0649596386      -0.351210780  
2011  4  2.000000     0.0822219651      -0.233271588  
2011  4  7.000000     0.0992243392      -0.119374482  
2011  4 12.000000     0.1160660793      -0.014434989  
2011  4 17.000000     0.1326666789       0.086672866  
2011  4 22.000000     0.1487622073       0.190770476  
2011  4 27.000000     0.1641632908       0.295751672  
2011  5  2.000000     0.1789204171       0.392720004  
2011  5  7.000000     0.1931421356       0.478445034  
2011  5 12.000000     0.2067246924       0.559303481  
2011  5 17.000000     0.2193967441       0.641336521  
2011  5 22.000000     0.2310117359       0.720832634  
2011  5 27.000000     0.2416752246       0.788996315  
2011  6  1.000000     0.2515059432       0.844445938  
2011  6  6.000000     0.2603801358       0.894638727  
2011  6 11.000000     0.2680322701       0.944595374  
2011  6 16.000000     0.2743740275       0.989125670  
2011  6 21.000000     0.2795735989       1.019953485  
2011  6 26.000000     0.2837615131       1.037691966  
2011  7  1.000000     0.2868010858       1.050664194  
2011  7  6.000000     0.2884541934       1.062667317  
2011  7 11.000000     0.2887096213       1.067263042  
2011  7 16.000000     0.2878027786       1.057104664  
2011  7 21.000000     0.2858754709       1.034929793  
2011  7 26.000000     0.2827920543       1.009623335  
2011  7 31.000000     0.2783675441       0.983643424  
2011  8  5.000000     0.2726853851       0.949581697  
2011  8 10.000000     0.2660436965       0.901462746  
2011  8 15.000000     0.2585918831       0.844093392  
2011  8 20.000000     0.2502090459       0.786608559  
2011  8 25.000000     0.2407855884       0.729980288  
2011  8 30.000000     0.2305037428       0.666207955  
2011  9  4.000000     0.2197038867       0.590977438  
2011  9  9.000000     0.2085300278       0.510944030  
2011  9 14.000000     0.1968807616       0.435028648  
2011  9 19.000000     0.1847267434       0.362603416  
2011  9 24.000000     0.1723285062       0.285396421  
2011  9 29.000000     0.1600311055       0.200848239  
2011 10  4.000000     0.1479445280       0.117031008  
2011 10  9.000000     0.1359778706       0.042051458  
2011 10 14.000000     0.1241615494      -0.026419450  
2011 10 19.000000     0.1127917535      -0.096707366  
2011 10 24.000000     0.1021695984      -0.169663040  
2011 10 29.000000     0.0923374553      -0.236452623  
2011 11  3.000000     0.0831926977      -0.290333761  
2011 11  8.000000     0.0747926543      -0.335425348  
2011 11 13.000000     0.0674193041      -0.379851513  
2011 11 18.000000     0.0612900018      -0.422955230  
2011 11 23.000000     0.0563580458      -0.455734819  
2011 11 28.000000     0.0524877132      -0.473266037  
2011 12  3.000000     0.0497358354      -0.481336877  
2011 12  8.000000     0.0483374036      -0.487604574  
2011 12 13.000000     0.0484102809      -0.490062057  
2011 12 18.000000     0.0498178397      -0.480000741  
2011 12 23.000000     0.0523866480      -0.454531552  
2011 12 28.000000     0.0561596888      -0.420812076  
2012  1  2.000000     0.0613206025      -0.385722866  
2012  1  7.000000     0.0678953778      -0.345977802  
2012  1 12.000000     0.0756745143      -0.293479249  
2012  1 17.000000     0.0844568601      -0.227362297  
2012  1 22.000000     0.0942757816      -0.155795671  
2012  1 27.000000     0.1052748800      -0.084500175  
2012  2  1.000000     0.1174106293      -0.009013324  
2012  2  6.000000     0.1304232386       0.077989909  
2012  2 11.000000     0.1441013119       0.175433873  
2012  2 16.000000     0.1584811714       0.274576035  
2012  2 21.000000     0.1736818594       0.371131555  
2012  2 26.000000     0.1896127895       0.470660561  
2012  3  2.000000     0.2059838328       0.579561072  
2012  3  7.000000     0.2225919308       0.694973268  
2012  3 12.000000     0.2394888660       0.807983350  
2012  3 17.000000     0.2567813136       0.915938816  
2012  3 22.000000     0.2743451361       1.025378915  
2012  3 27.000000     0.2918761448       1.141610756  
2012  4  1.000000     0.3091945115       1.260171012  
2012  4  6.000000     0.3263798180       1.372336621  
2012  4 11.000000     0.3435291907       1.477231075  
2012  4 16.000000     0.3604917386       1.582161478  
2012  4 21.000000     0.3769608530       1.691218728  
2012  4 26.000000     0.3927947663       1.798482198  
2012  5  1.000000     0.4081090990       1.895821352  
2012  5  6.000000     0.4229905646       1.984176294  
2012  5 11.000000     0.4372622346       2.071386024  
2012  5 16.000000     0.4506279689       2.160169932  
2012  5 21.000000     0.4629995876       2.243394346  
2012  5 26.000000     0.4745337786       2.313861177  
2012  5 31.000000     0.4853061565       2.374354766  
2012  6  5.000000     0.4951144280       2.432968289  
2012  6 10.000000     0.5036899009       2.490918924  
2012  6 15.000000     0.5110153859       2.540170564  
2012  6 20.000000     0.5172934188       2.574800606  
2012  6 25.000000     0.5225869928       2.599426134  
2012  6 30.000000     0.5266787389       2.622093019  
2012  7  5.000000     0.5293469748       2.642463067  
2012  7 10.000000     0.5306655388       2.651945996  
2012  7 15.000000     0.5308846861       2.646289380  
2012  7 20.000000     0.5300566101       2.631823467  
2012  7 25.000000     0.5279661988       2.616282019  
2012  7 30.000000     0.5244638088       2.597754729  
2012  8  4.000000     0.5197270661       2.567558760  
2012  8  9.000000     0.5140514057       2.523407376  
2012  8 14.000000     0.5074809374       2.473173397  
2012  8 19.000000     0.4998228414       2.423948438  
2012  8 24.000000     0.4910203247       2.372346123  
2012  8 29.000000     0.4813514488       2.310025781  
2012  9  3.000000     0.4711428709       2.236831796  
2012  9  8.000000     0.4604269940       2.161855535  
2012  9 13.000000     0.4490467640       2.091166634  
2012  9 18.000000     0.4370397335       2.020013259  
2012  9 23.000000     0.4247583056       1.940731518  
2012  9 28.000000     0.4125263833       1.855272330  
2012 10  3.000000     0.4003513200       1.773377392  
2012 10  8.000000     0.3881062688       1.699707990  
2012 10 13.000000     0.3759010635       1.628200193  
2012 10 18.000000     0.3641117248       1.552107729  
2012 10 23.000000     0.3530131769       1.475165682  
2012 10 28.000000     0.3425648944       1.407124558  
2012 11  2.000000     0.3326499724       1.350805800  
2012 11  7.000000     0.3234107620       1.298975184  
2012 11 12.000000     0.3151923603       1.245901669  
2012 11 17.000000     0.3081784170       1.196672390  
2012 11 22.000000     0.3022608822       1.160416919  
2012 11 27.000000     0.2973130810       1.137855662  
2012 12  2.000000     0.2934729912       1.120807927  
2012 12  7.000000     0.2910194817       1.104660043  
2012 12 12.000000     0.2900252783       1.095469388  
2012 12 17.000000     0.2903094815       1.101250643  
2012 12 22.000000     0.2917290458       1.120630980  
2012 12 27.000000     0.2944027342       1.144800970  
2013  1  1.000000     0.2985332806       1.170462200  
2013  1  6.000000     0.3040906093       1.204330604  
2013  1 11.000000     0.3108306452       1.253052086  
2013  1 16.000000     0.3186020908       1.313306763  
2013  1 21.000000     0.3275101662       1.376144919  
2013  1 26.000000     0.3376927836       1.439721102  
2013  1 31.000000     0.3490381730       1.511236452  
2013  2  5.000000     0.3612587558       1.595827397  
2013  2 10.000000     0.3742090993       1.688490035  
2013  2 15.000000     0.3879965256       1.780609637  
2013  2 20.000000     0.4027137584       1.871917534  
2013  2 25.000000     0.4181880353       1.969936796  
2013  3  2.000000     0.4341084167       2.078221382  
2013  3  7.000000     0.4503500094       2.190385923  
2013  3 12.000000     0.4670371030       2.298532817  
2013  3 17.000000     0.4842329910       2.404081245  
2013  3 22.000000     0.5017200921       2.514654211  
2013  3 27.000000     0.5191792116       2.632204984  
2013  4  1.000000     0.5365196971       2.749222688  
2013  4  6.000000     0.5538910081       2.858896861  
2013  4 11.000000     0.5713350476       2.964310302  
2013  4 16.000000     0.5885997852       3.072993781  
2013  4 21.000000     0.6053714577       3.185233797  
2013  4 26.000000     0.6216050212       3.292715035  
2013  5  1.000000     0.6374767711       3.389978344  
2013  5  6.000000     0.6530091600       3.481700932  
2013  5 11.000000     0.6679227851       3.575086802  
2013  5 16.000000     0.6819251620       3.668731437  
2013  5 21.000000     0.6950278836       3.753842833  
2013  5 26.000000     0.7074327477       3.826543095  
2013  5 31.000000     0.7191391542       3.892993987  
2013  6  5.000000     0.7298519066       3.959792296  
2013  6 10.000000     0.7393182940       4.023906063  
2013  6 15.000000     0.7476200292       4.076399831  
2013  6 20.000000     0.7549817068       4.115230744  
2013  6 25.000000     0.7613767059       4.147832190  
2013  6 30.000000     0.7665109039       4.179978551  
2013  7  5.000000     0.7701972358       4.207091093  
2013  7 10.000000     0.7725997346       4.220553548  
2013  7 15.000000     0.7739632754       4.220326820  
2013  7 20.000000     0.7742384725       4.214891420  
2013  7 25.000000     0.7731533852       4.208967770  
2013  7 30.000000     0.7706170067       4.196659417  
2013  8  4.000000     0.7668827839       4.170133401  
2013  8  9.000000     0.7622119884       4.131473318  
2013  8 14.000000     0.7565395139       4.089916088  
2013  8 19.000000     0.7496398597       4.048913664  
2013  8 24.000000     0.7415385606       4.001561442  
2013  8 29.000000     0.7325770512       3.941235310  
2013  9  3.000000     0.7230187341       3.872154212  
2013  9  8.000000     0.7127888901       3.803871827  
2013  9 13.000000     0.7017237217       3.738400716  
2013  9 18.000000     0.6899646212       3.668098703  
2013  9 23.000000     0.6779167576       3.587909870  
2013  9 28.000000     0.6658203748       3.503913931  
2013 10  3.000000     0.6535847495       3.425470848  
2013 10  8.000000     0.6411038702       3.352902052  
2013 10 13.000000     0.6286056944       3.278099790  
2013 10 18.000000     0.6165099020       3.197684769  
2013 10 23.000000     0.6049994637       3.119121451  
2013 10 28.000000     0.5939485328       3.050941589  
2013 11  2.000000     0.5832860860       2.991581427  
2013 11  7.000000     0.5732758752       2.932667062  
2013 11 12.000000     0.5642970946       2.872417630  
2013 11 17.000000     0.5564415095       2.819119363  
2013 11 22.000000     0.5495309387       2.779869749  
2013 11 27.000000     0.5435001970       2.751162612  
2013 12  2.000000     0.5386039520       2.724566740  
2013 12  7.000000     0.5351389016       2.699804309  
2013 12 12.000000     0.5330917074       2.685428505  
2013 12 17.000000     0.5322267878       2.686754050  
2013 12 22.000000     0.5324700540       2.698426463  
2013 12 27.000000     0.5340438607       2.712314715  
2014  1  1.000000     0.5371491478       2.729533229  
2014  1  6.000000     0.5416748258       2.758541352  
2014  1 11.000000     0.5473401304       2.802722001  
2014  1 16.000000     0.5540660287       2.855197100  
2014  1 21.000000     0.5620419974       2.908512585  
2014  1 26.000000     0.5713846534       2.965142616  
2014  1 31.000000     0.5819025360       3.033199533  
2014  2  5.000000     0.5932930658       3.114153022  
2014  2 10.000000     0.6054869028       3.200030968  
2014  2 15.000000     0.6186544473       3.284399728  
2014  2 20.000000     0.6328454318       3.371087575  
2014  2 25.000000     0.6478091730       3.467653057  
2014  3  2.000000     0.6632406932       3.573748047  
2014  3  7.000000     0.6791012925       3.680711311  
2014  3 12.000000     0.6955557097       3.783478775  
2014  3 17.000000     0.7126014225       3.887122390  
2014  3 22.000000     0.7299446676       3.998494626  
2014  3 27.000000     0.7472936370       4.115503523  
2014  4  1.000000     0.7646563179       4.229210102  
2014  4  6.000000     0.7822019754       4.336154186  
2014  4 11.000000     0.7998836731       4.442528181  
2014  4 16.000000     0.8173746105       4.554273784  
2014  4 21.000000     0.8344102435       4.667665361  
2014  4 26.000000     0.8510542164       4.773845569  
2014  5  1.000000     0.8674860742       4.871124024  
2014  5  6.000000     0.8836160789       4.966647343  
2014  5 11.000000     0.8990948126       5.065224542  
2014  5 16.000000     0.9136973805       5.161635268  
2014  5 21.000000     0.9275502458       5.247430648  
2014  5 26.000000     0.9408417287       5.322832316  
2014  5 31.000000     0.9534418627       5.395692010  
2014  6  5.000000     0.9649911194       5.469523990  
2014  6 10.000000     0.9753220477       5.537750654  
2014  6 15.000000     0.9846275966       5.592723928  
2014  6 20.000000     0.9931006123       5.636620312  
2014  6 25.000000     1.0005776856       5.677754818  
2014  6 30.000000     1.0067090084       5.718185781  
2014  7  5.000000     1.0114069925       5.750254064  
2014  7 10.000000     1.0149338378       5.767479020  
2014  7 15.000000     1.0174820378       5.773999317  
2014  7 20.000000     1.0188671677       5.778326200  
2014  7 25.000000     1.0187791185       5.780966838  
2014  7 30.000000     1.0172320128       5.773543945  
2014  8  4.000000     1.0145592879       5.751123895  
2014  8  9.000000     1.0109464401       5.719745966  
2014  8 14.000000     1.0062056001       5.687789845  
2014  8 19.000000     1.0000991906       5.654231645  
2014  8 24.000000     0.9927595122       5.610362499  
2014  8 29.000000     0.9845812562       5.553169896  
2014  9  3.000000     0.9757353807       5.490361781  
2014  9  8.000000     0.9660432317       5.429836350  
2014  9 13.000000     0.9553637102       5.369051603  
2014  9 18.000000     0.9439450899       5.299432447  
2014  9 23.000000     0.9322142096       5.220028767  
2014  9 28.000000     0.9203107920       5.139839899  
2014 10  3.000000     0.9080663433       5.065812578  
2014 10  8.000000     0.8954344069       4.993921939  
2014 10 13.000000     0.8827491984       4.916085051  
2014 10 18.000000     0.8704235526       4.833319162  
2014 10 23.000000     0.8585352795       4.755331261  
2014 10 28.000000     0.8469126771       4.687592569  
2014 11  2.000000     0.8355746763       4.624623278  
2014 11  7.000000     0.8248904237       4.559038276  
2014 11 12.000000     0.8152066407       4.493574121  
2014 11 17.000000     0.8065091470       4.437909967  
2014 11 22.000000     0.7986011340       4.395632214  
2014 11 27.000000     0.7915299495       4.359860234  
2014 12  2.000000     0.7856480305       4.324096069  
2014 12  7.000000     0.7812003071       4.292430397  
2014 12 12.000000     0.7780666581       4.273939820  
2014 12 17.000000     0.7760131820       4.270052575  
2014 12 22.000000     0.7750900199       4.272760519  
2014 12 27.000000     0.7756032197       4.276618508  
2015  1  1.000000     0.7776884717       4.286793751  
2015  1  6.000000     0.7811273863       4.311379224  
2015  1 11.000000     0.7856556000       4.349638563  
2015  1 16.000000     0.7913202185       4.392836819  
2015  1 21.000000     0.7983773544       4.436784278  
2015  1 26.000000     0.8068666068       4.487561638  
2015  1 31.000000     0.8164952597       4.552049795  
2015  2  5.000000     0.8269859412       4.627551168  
2015  2 10.000000     0.8383939492       4.705023547  
2015  2 15.000000     0.8509351536       4.781787697  
2015  2 20.000000     0.8645723585       4.864651454  
2015  2 25.000000     0.8789659967       4.959210600  
2015  3  2.000000     0.8938471949       5.061029736  
2015  3  7.000000     0.9092942114       5.161232163  
2015  3 12.000000     0.9254949324       5.258785403  
2015  3 17.000000     0.9423505843       5.361069672  
2015  3 22.000000     0.9594952054       5.472305236  
2015  3 27.000000     0.9766908899       5.586594049  
2015  4  1.000000     0.9940495382       5.695620973  
2015  4  6.000000     1.0117389362       5.800075298  
2015  4 11.000000     1.0296064006       5.907710284  
2015  4 16.000000     1.0472736926       6.021265586  
2015  4 21.000000     1.0645519358       6.133663200  
2015  4 26.000000     1.0815963700       6.237467055  
2015  5  1.000000     1.0985533361       6.335133996  
2015  5  6.000000     1.1152204733       6.434509401  
2015  5 11.000000     1.1312183709       6.536784834  
2015  5 16.000000     1.1464224815       6.633933879  
2015  5 21.000000     1.1610380426       6.719754898  
2015  5 26.000000     1.1751851445       6.798391054  
2015  5 31.000000     1.1886152162       6.877532818  
2015  6  5.000000     1.2009622097       6.956724262  
2015  6 10.000000     1.2121808577       7.027305149  
2015  6 15.000000     1.2225282946       7.084600330  
2015  6 20.000000     1.2320967566       7.134338386  
2015  6 25.000000     1.2405978929       7.183783654  
2015  6 30.000000     1.2477017822       7.230806373  
2015  7  5.000000     1.2534570210       7.266468513  
2015  7 10.000000     1.2581734242       7.287893212  
2015  7 15.000000     1.2619151466       7.302274854  
2015  7 20.000000     1.2643720624       7.316154345  
2015  7 25.000000     1.2652778000       7.325822951  
2015  7 30.000000     1.2647909691       7.322455850  
2015  8  4.000000     1.2632692764       7.305249769  
2015  8  9.000000     1.2607536155       7.282643630  
2015  8 14.000000     1.2569374556       7.260230807  
2015  8 19.000000     1.2516485100       7.232851374  
2015  8 24.000000     1.2451635404       7.192309547  
2015  8 29.000000     1.2378750005       7.139997779  
2015  9  3.000000     1.2298054971       7.085313941  
2015  9  8.000000     1.2206778056       7.032659584  
2015  9 13.000000     1.2104349892       6.975667656  
2015  9 18.000000     1.1994592802       6.907213601  
2015  9 23.000000     1.1881535607       6.830851656  
2015  9 28.000000     1.1765143686       6.756489083  
2015 10  3.000000     1.1643101725       6.687062348  
2015 10  8.000000     1.1515941424       6.615264093  
2015 10 13.000000     1.1388165764       6.535309939  
2015 10 18.000000     1.1263468799       6.452668821  
2015 10 23.000000     1.1141364511       6.377104219  
2015 10 28.000000     1.1019910483       6.309817111  
2015 11  2.000000     1.0900449332       6.242756231  
2015 11  7.000000     1.0787565404       6.171605096  
2015 11 12.000000     1.0684117096       6.103215722  
2015 11 17.000000     1.0588915292       6.046553416  
2015 11 22.000000     1.0500155467       6.000811459  
2015 11 27.000000     1.0419581617       5.957438356  
2015 12  2.000000     1.0351292779       5.913562193  
2015 12  7.000000     1.0296951598       5.876852162  
2015 12 12.000000     1.0254503239       5.854899213  
2015 12 17.000000     1.0222109160       5.844837990  
2015 12 22.000000     1.0201574097       5.837904745  
2015 12 27.000000     1.0196238801       5.832646613 