v15.04    Планета: Уран  (INPOP13C)
          Спутник: U4 Оберон  (GUST86, Laskar J. et al (1987) A&A, v.188, p.212.)
   Обсерватория N:  84 - Pulkovo
    Шкала времени: UTC
Средний экватор и равноденствие эпохи J2000.  ICRF. 
Координаты астрометрические 

Год  Месяц День       alpha (h)          delta (º)
2007  8  1.000000    23.2867372873      -5.480898380  
2007  8  6.000000    23.2777475634      -5.536559884  
2007  8 11.000000    23.2677663894      -5.587801419  
2007  8 16.000000    23.2576717996      -5.676322568  
2007  8 21.000000    23.2463089064      -5.731914392  
2007  8 26.000000    23.2347775355      -5.807347995  
2007  8 31.000000    23.2230835501      -5.897576070  
2007  9  5.000000    23.2105101253      -5.954176512  
2007  9 10.000000    23.1984518900      -6.046562747  
2007  9 15.000000    23.1860911695      -6.124709361  
2007  9 20.000000    23.1736211233      -6.185395959  
2007  9 25.000000    23.1620420151      -6.280248648  
2007  9 30.000000    23.1502022464      -6.338565370  
2007 10  5.000000    23.1391288238      -6.403706341  
2007 10 10.000000    23.1289397694      -6.484001452  
2007 10 15.000000    23.1188496809      -6.522351878  
2007 10 20.000000    23.1102313389      -6.586715431  
2007 10 25.000000    23.1023205184      -6.638139864  
2007 10 30.000000    23.0951344818      -6.660777212  
2007 11  4.000000    23.0896884687      -6.713586861  
2007 11  9.000000    23.0848103415      -6.729750366  
2007 11 14.000000    23.0813486237      -6.741300769  
2007 11 19.000000    23.0794929463      -6.769354601  
2007 11 24.000000    23.0782878066      -6.752291889  
2007 11 29.000000    23.0789563581      -6.753465533  
2007 12  4.000000    23.0808173220      -6.746607424  
2007 12  9.000000    23.0836274385      -6.704930450  
2007 12 14.000000    23.0884024721      -6.691355688  
2007 12 19.000000    23.0939567095      -6.646120837  
2007 12 24.000000    23.1008224350      -6.589680698  
2007 12 29.000000    23.1093233384      -6.553998106  
2008  1  3.000000    23.1183469473      -6.475704813  
2008  1  8.000000    23.1289332101      -6.411318745  
2008  1 13.000000    23.1405916862      -6.346964447  
2008  1 18.000000    23.1527473840      -6.247044335  
2008  1 23.000000    23.1664236515      -6.175971496  
2008  1 28.000000    23.1805401825      -6.081892220  
2008  2  2.000000    23.1952857460      -5.973931289  
2008  2  7.000000    23.2112163434      -5.892722587  
2008  2 12.000000    23.2271116421      -5.774871491  
2008  2 17.000000    23.2437696017      -5.669364782  
2008  2 22.000000    23.2610094035      -5.573666428  
2008  2 27.000000    23.2779693304      -5.444454447  
2008  3  3.000000    23.2957007007      -5.346034803  
2008  3  8.000000    23.3133418736      -5.234568822  
2008  3 13.000000    23.3306989833      -5.108467217  
2008  3 18.000000    23.3485793899      -5.015840046  
2008  3 23.000000    23.3657632991      -4.893730661  
2008  3 28.000000    23.3827987621      -4.783072511  
2008  4  2.000000    23.3998842223      -4.691986119  
2008  4  7.000000    23.4159130026      -4.570050352  
2008  4 12.000000    23.4319033327      -4.480948600  
2008  4 17.000000    23.4472910985      -4.388847169  
2008  4 22.000000    23.4615451352      -4.281273315  
2008  4 27.000000    23.4757153139      -4.213094011  
2008  5  2.000000    23.4886654447      -4.122203625  
2008  5  7.000000    23.5006555881      -4.041174267  
2008  5 12.000000    23.5122439374      -3.988815484  
2008  5 17.000000    23.5221790520      -3.907652975  
2008  5 22.000000    23.5314271032      -3.859713108  
2008  5 27.000000    23.5397619708      -3.817745994  
2008  6  1.000000    23.5463652136      -3.758080945  
2008  6  6.000000    23.5524479718      -3.741994107  
2008  6 11.000000    23.5570312130      -3.709071642  
2008  6 16.000000    23.5601420847      -3.681998920  
2008  6 21.000000    23.5626724135      -3.690522390  
2008  6 26.000000    23.5633251848      -3.670623287  
2008  7  1.000000    23.5629762793      -3.681206651  
2008  7  6.000000    23.5617141745      -3.705043871  
2008  7 11.000000    23.5585609340      -3.706421823  
2008  7 16.000000    23.5548608224      -3.751668185  
2008  7 21.000000    23.5498456616      -3.783875075  
2008  7 26.000000    23.5433739365      -3.814081783  
2008  7 31.000000    23.5365732483      -3.883226439  
2008  8  5.000000    23.5282025707      -3.922214481  
2008  8 10.000000    23.5190916301      -3.983927217  
2008  8 15.000000    23.5096061054      -4.062687192  
2008  8 20.000000    23.4987179633      -4.111112934  
2008  8 25.000000    23.4878192010      -4.198303558  
2008  8 30.000000    23.4763329967      -4.274046439  
2008  9  4.000000    23.4640423237      -4.336004408  
2008  9  9.000000    23.4522291195      -4.435082459  
2008  9 14.000000    23.4397512346      -4.500511636  
2008  9 19.000000    23.4273571806      -4.576230433  
2008  9 24.000000    23.4155611376      -4.669720530  
2008  9 29.000000    23.4033236895      -4.724092687  
2008 10  4.000000    23.3920149676      -4.807561550  
2008 10  9.000000    23.3811987551      -4.880075205  
2008 10 14.000000    23.3705491552      -4.926151730  
2008 10 19.000000    23.3613451105      -5.004636169  
2008 10 24.000000    23.3524909745      -5.047704916  
2008 10 29.000000    23.3445812387      -5.088090859  
2008 11  3.000000    23.3382064109      -5.146211680  
2008 11  8.000000    23.3322625201      -5.159636512  
2008 11 13.000000    23.3279493375      -5.192454142  
2008 11 18.000000    23.3249049002      -5.217295375  
2008 11 23.000000    23.3226050302      -5.207311338  
2008 11 28.000000    23.3222714824      -5.225826712  
2008 12  3.000000    23.3228539200      -5.211718055  
2008 12  8.000000    23.3246574655      -5.185886290  
2008 12 13.000000    23.3283217139      -5.180203983  
2008 12 18.000000    23.3326373620      -5.130406683  
2008 12 23.000000    23.3385711234      -5.093728672  
2008 12 28.000000    23.3459251040      -5.055606050  
2009  1  2.000000    23.3539103068      -4.980017158  
2009  1  7.000000    23.3636615080      -4.931990562  
2009  1 12.000000    23.3742317176      -4.858903307  
2009  1 17.000000    23.3855771459      -4.770050058  
2009  1 22.000000    23.3984872313      -4.706224190  
2009  1 27.000000    23.4117089157      -4.603372580  
2009  2  1.000000    23.4259199997      -4.510867867  
2009  2  6.000000    23.4411782351      -4.426033249  
2009  2 11.000000    23.4564350726      -4.305355124  
2009  2 16.000000    23.4727672610      -4.213434736  
2009  2 21.000000    23.4894736505      -4.106177730  
2009  2 26.000000    23.5061410485      -3.982009530  
2009  3  3.000000    23.5237346899      -3.889048836  
2009  3  8.000000    23.5410342829      -3.764406523  
2009  3 13.000000    23.5584104230      -3.649100714  
2009  3 18.000000    23.5762825777      -3.551162828  
2009  3 23.000000    23.5934097014      -3.420376881  
2009  3 28.000000    23.6107687322      -3.320140745  
2009  4  2.000000    23.6279730895      -3.214889993  
2009  4  7.000000    23.6442527121      -3.092457283  
2009  4 12.000000    23.6607599164      -3.007277773  
2009  4 17.000000    23.6764211463      -2.897795255  
2009  4 22.000000    23.6912781717      -2.796408022  
2009  4 27.000000    23.7061007133      -2.721726554  
2009  5  2.000000    23.7195193028      -2.617180788  
2009  5  7.000000    23.7323780253      -2.544219300  
2009  5 12.000000    23.7446735973      -2.475857990  
2009  5 17.000000    23.7553452750      -2.389047867  
2009  5 22.000000    23.7656621427      -2.344240090  
2009  5 27.000000    23.7747509583      -2.281989185  
2009  6  1.000000    23.7823384036      -2.225138829  
2009  6  6.000000    23.7895260717      -2.202862195  
2009  6 11.000000    23.7949391489      -2.152400762  
2009  6 16.000000    23.7992600112      -2.132086019  
2009  6 21.000000    23.8028427517      -2.124750571  
2009  6 26.000000    23.8044222657      -2.095923416  
2009  7  1.000000    23.8053376706      -2.111073449  
2009  7  6.000000    23.8049948765      -2.114067708  
2009  7 11.000000    23.8028927821      -2.116514547  
2009  7 16.000000    23.8003759580      -2.158506067  
2009  7 21.000000    23.7961463209      -2.172235455  
2009  7 26.000000    23.7907444975      -2.210664954  
2009  7 31.000000    23.7848565722      -2.267704990  
2009  8  5.000000    23.7771704865      -2.297170206  
2009  8 10.000000    23.7690414446      -2.367643997  
2009  8 15.000000    23.7601352023      -2.428959575  
2009  8 20.000000    23.7498191023      -2.479892940  
2009  8 25.000000    23.7395957982      -2.570616433  
2009  8 30.000000    23.7283412549      -2.630682556  
2009  9  4.000000    23.7164939780      -2.704599931  
2009  9  9.000000    23.7049494455      -2.798958841  
2009  9 14.000000    23.6924173978      -2.857533970  
2009  9 19.000000    23.6802015223      -2.948739294  
2009  9 24.000000    23.6681924180      -3.031608482  
2009  9 29.000000    23.6556973848      -3.091325772  
2009 10  4.000000    23.6442364188      -3.186399307  
2009 10  9.000000    23.6328140349      -3.248225123  
2009 10 14.000000    23.6217163619      -3.310360109  
2009 10 19.000000    23.6119310783      -3.392430151  
2009 10 24.000000    23.6022062495      -3.431460548  
2009 10 29.000000    23.5936869486      -3.492205437  
2009 11  3.000000    23.5863746577      -3.546013095  
2009 11  8.000000    23.5794391396      -3.566093770  
2009 11 13.000000    23.5742934853      -3.616175459  
2009 11 18.000000    23.5700510274      -3.633695285  
2009 11 23.000000    23.5667611057      -3.640112878  
2009 11 28.000000    23.5654157142      -3.666948526  
2009 12  3.000000    23.5647268337      -3.648862970  
2009 12  8.000000    23.5655621625      -3.644072945  
2009 12 13.000000    23.5680495027      -3.637084255  
2009 12 18.000000    23.5711765159      -3.591425500  
2009 12 23.000000    23.5762004470      -3.572756010  
2009 12 28.000000    23.5823497121      -3.527287579  
2010  1  2.000000    23.5893327410      -3.464688983  
2010  1  7.000000    23.5981844911      -3.425938693  
2010  1 12.000000    23.6076294053      -3.345977743  
2010  1 17.000000    23.6182202412      -3.274794699  
2010  1 22.000000    23.6302881975      -3.209346972  
2010  1 27.000000    23.6426051992      -3.105738744  
2010  2  1.000000    23.6562678093      -3.029177781  
2010  2  6.000000    23.6707457189      -2.934986557  
2010  2 11.000000    23.6854049266      -2.821641476  
2010  2 16.000000    23.7013823506      -2.737448605  
2010  2 21.000000    23.7174761536      -2.619119896  
2010  2 26.000000    23.7338783287      -2.507953935  
2010  3  3.000000    23.7512251939      -2.411977338  
2010  3  8.000000    23.7681475481      -2.280899839  
2010  3 13.000000    23.7855841562      -2.178156070  
2010  3 18.000000    23.8033365341      -2.068131624  
2010  3 23.000000    23.8204134315      -1.938792711  
2010  3 28.000000    23.8380578647      -1.844515980  
2010  4  2.000000    23.8552585774      -1.724042098  
2010  4  7.000000    23.8718515622      -1.609638397  
2010  4 12.000000    23.8888111894      -1.519763992  
2010  4 17.000000    23.9046784206      -1.398364482  
2010  4 22.000000    23.9201789774      -1.306569449  
2010  4 27.000000    23.9355117295      -1.217689809  
2010  5  2.000000    23.9493992778      -1.109040907  
2010  5  7.000000    23.9631606450      -1.040445996  
2010  5 12.000000    23.9760405264      -0.953166286  
2010  5 17.000000    23.9875021098      -0.870119850  
2010  5 22.000000    23.9988223899      -0.820109328  
2010  5 27.000000     0.0085675774      -0.741401063  
2010  6  1.000000     0.0172406087      -0.691787695  
2010  6  6.000000     0.0254433999      -0.654176528  
2010  6 11.000000     0.0316782218      -0.595064801  
2010  6 16.000000     0.0372603404      -0.579132016  
2010  6 21.000000     0.0417564633      -0.551075015  
2010  6 26.000000     0.0443430945      -0.522950547  
2010  7  1.000000     0.0465478049      -0.534076099  
2010  7  6.000000     0.0470509284      -0.517868965  
2010  7 11.000000     0.0461182624      -0.527147249  
2010  7 16.000000     0.0447110439      -0.555672298  
2010  7 21.000000     0.0412656359      -0.558528069  
2010  7 26.000000     0.0370712548      -0.603648682  
2010  7 31.000000     0.0320322949      -0.641170852  
2010  8  5.000000     0.0251310360      -0.670777649  
2010  8 10.000000     0.0180383740      -0.742012362  
2010  8 15.000000     0.0096494620      -0.785200663  
2010  8 20.000000     0.0000732742      -0.845274400  
2010  8 25.000000    23.9905514078      -0.928101006  
2010  8 30.000000    23.9795672248      -0.978324404  
2010  9  4.000000    23.9683145935      -1.064444004  
2010  9  9.000000    23.9569887531      -1.145002530  
2010  9 14.000000    23.9445116814      -1.206079636  
2010  9 19.000000    23.9325991249      -1.305697135  
2010  9 24.000000    23.9203726535      -1.374832404  
2010  9 29.000000    23.9077796786      -1.447898053  
2010 10  4.000000    23.8961818290      -1.543723796  
2010 10  9.000000    23.8841682024      -1.599202489  
2010 10 14.000000    23.8727837317      -1.679667796  
2010 10 19.000000    23.8624138849      -1.755203342  
2010 10 24.000000    23.8519115286      -1.799290636  
2010 10 29.000000    23.8428623503      -1.875872347  
2010 11  3.000000    23.8345563849      -1.921044943  
2010 11  8.000000    23.8267463863      -1.957014219  
2010 11 13.000000    23.8207972146      -2.014767328  
2010 11 18.000000    23.8153589199      -2.027862959  
2010 11 23.000000    23.8111824693      -2.055479611  
2010 11 28.000000    23.8087533795      -2.081029339  
2010 12  3.000000    23.8068142858      -2.067717010  
2010 12  8.000000    23.8067467034      -2.081863550  
2010 12 13.000000    23.8079945686      -2.068165293  
2010 12 18.000000    23.8100057731      -2.036690917  
2010 12 23.000000    23.8140900310      -2.028567805  
2010 12 28.000000    23.8189542535      -1.977593844  
2011  1  2.000000    23.8250077102      -1.934537976  
2011  1  7.000000    23.8328940149      -1.895741909  
2011  1 12.000000    23.8412093855      -1.816719708  
2011  1 17.000000    23.8510822185      -1.763489498  
2011  1 22.000000    23.8621742744      -1.690559474  
2011  1 27.000000    23.8736098021      -1.596464495  
2011  2  1.000000    23.8867145842      -1.529815345  
2011  2  6.000000    23.9003234565      -1.426537929  
2011  2 11.000000    23.9144527622      -1.328401339  
2011  2 16.000000    23.9299739577      -1.243357458  
2011  2 21.000000    23.9453811525      -1.120802543  
2011  2 26.000000    23.9615732010      -1.024558589  
2011  3  3.000000    23.9785541546      -0.918696123  
2011  3  8.000000    23.9951208057      -0.791201039  
2011  3 13.000000     0.0126155666      -0.696574780  
2011  3 18.000000     0.0300905637      -0.573513709  
2011  3 23.000000     0.0471730297      -0.454424151  
2011  3 28.000000     0.0650407094      -0.357664904  
2011  4  2.000000     0.0821597997      -0.227318324  
2011  4  7.000000     0.0991497037      -0.124382908  
2011  4 12.000000     0.1164088497      -0.022339591  
2011  4 17.000000     0.1324517915       0.101187080  
2011  4 22.000000     0.1486368269       0.186743004  
2011  4 27.000000     0.1643330099       0.292652222  
2011  5  2.000000     0.1787679893       0.396048784  
2011  5  7.000000     0.1933864876       0.468323111  
2011  5 12.000000     0.2067083187       0.570419265  
2011  5 17.000000     0.2190581948       0.644966378  
2011  5 22.000000     0.2312700291       0.708942741  
2011  5 27.000000     0.2416545951       0.795226851  
2011  6  1.000000     0.2515035219       0.839798355  
2011  6  6.000000     0.2605433622       0.897191855  
2011  6 11.000000     0.2676531551       0.955056563  
2011  6 16.000000     0.2745108891       0.974672985  
2011  6 21.000000     0.2798051562       1.021543704  
2011  6 26.000000     0.2835503172       1.043163402  
2011  7  1.000000     0.2869597601       1.045822119  
2011  7  6.000000     0.2882525079       1.073269593  
2011  7 11.000000     0.2886247073       1.058222371  
2011  7 16.000000     0.2882109495       1.050046277  
2011  7 21.000000     0.2856501880       1.048348600  
2011  7 26.000000     0.2827465710       1.004275948  
2011  7 31.000000     0.2784313089       0.986512690  
2011  8  5.000000     0.2724728864       0.949788515  
2011  8 10.000000     0.2664129916       0.888721083  
2011  8 15.000000     0.2585402957       0.857660816  
2011  8 20.000000     0.2499094978       0.788261789  
2011  8 25.000000     0.2410081269       0.722152510  
2011  8 30.000000     0.2303721046       0.672179276  
2011  9  4.000000     0.2198482462       0.580765715  
2011  9  9.000000     0.2086832890       0.516992024  
2011  9 14.000000     0.1964655234       0.445671702  
2011  9 19.000000     0.1849025178       0.348704483  
2011  9 24.000000     0.1724310726       0.288889182  
2011  9 29.000000     0.1599301351       0.200356402  
2011 10  4.000000     0.1481644320       0.114077151  
2011 10  9.000000     0.1356612271       0.056113935  
2011 10 14.000000     0.1241482399      -0.037562694  
2011 10 19.000000     0.1131147496      -0.101975744  
2011 10 24.000000     0.1019671131      -0.160147091  
2011 10 29.000000     0.0924306977      -0.242514835  
2011 11  3.000000     0.0831094074      -0.281686638  
2011 11  8.000000     0.0746066660      -0.337776445  
2011 11 13.000000     0.0678022803      -0.392974105  
2011 11 18.000000     0.0611776993      -0.410230540  
2011 11 23.000000     0.0562153571      -0.456582103  
2011 11 28.000000     0.0526105512      -0.475097400  
2011 12  3.000000     0.0495304981      -0.476291550  
2011 12  8.000000     0.0485874818      -0.501260748  
2011 12 13.000000     0.0484941969      -0.482442949  
2011 12 18.000000     0.0494873477      -0.471665649  
2011 12 23.000000     0.0525540340      -0.464469221  
2011 12 28.000000     0.0561163006      -0.415614485  
2012  1  2.000000     0.0613409012      -0.392007991  
2012  1  7.000000     0.0681240039      -0.346969806  
2012  1 12.000000     0.0753316502      -0.279252171  
2012  1 17.000000     0.0844852898      -0.237873041  
2012  1 22.000000     0.0944737914      -0.157576511  
2012  1 27.000000     0.1051340170      -0.080741252  
2012  2  1.000000     0.1176054284      -0.015155160  
2012  2  6.000000     0.1302513760       0.090366819  
2012  2 11.000000     0.1439199365       0.171276874  
2012  2 16.000000     0.1588308779       0.264071219  
2012  2 21.000000     0.1735709987       0.380872115  
2012  2 26.000000     0.1895956050       0.466789468  
2012  3  2.000000     0.2060366678       0.583598058  
2012  3  7.000000     0.2223082012       0.698624301  
2012  3 12.000000     0.2397863255       0.793425844  
2012  3 17.000000     0.2568710865       0.924135445  
2012  3 22.000000     0.2740821804       1.029627244  
2012  3 27.000000     0.2920263298       1.136431195  
2012  4  1.000000     0.3090235399       1.266860171  
2012  4  6.000000     0.3264603959       1.361430226  
2012  4 11.000000     0.3438272569       1.478274409  
2012  4 16.000000     0.3601345053       1.594623355  
2012  4 21.000000     0.3769910442       1.681957358  
2012  4 26.000000     0.3928902597       1.800790429  
2012  5  1.000000     0.4079859107       1.893977047  
2012  5  6.000000     0.4233195538       1.978275011  
2012  5 11.000000     0.4370362391       2.086233899  
2012  5 16.000000     0.4504071888       2.154355478  
2012  5 21.000000     0.4633221797       2.236579377  
2012  5 26.000000     0.4743990349       2.320409329  
2012  5 31.000000     0.4854348904       2.367464974  
2012  6  5.000000     0.4951362638       2.442386884  
2012  6 10.000000     0.5032941457       2.493065777  
2012  6 15.000000     0.5113541708       2.525771331  
2012  6 20.000000     0.5173651856       2.583334337  
2012  6 25.000000     0.5224179326       2.599095456  
2012  6 30.000000     0.5268538237       2.621782247  
2012  7  5.000000     0.5290120532       2.650536267  
2012  7 10.000000     0.5308042314       2.637134762  
2012  7 15.000000     0.5312213019       2.649227129  
2012  7 20.000000     0.5297106349       2.641521370  
2012  7 25.000000     0.5280619129       2.608794866  
2012  7 30.000000     0.5243989312       2.604349160  
2012  8  4.000000     0.5196216260       2.560201375  
2012  8  9.000000     0.5144947115       2.517815768  
2012  8 14.000000     0.5072006343       2.489179344  
2012  8 19.000000     0.4996616564       2.417091164  
2012  8 24.000000     0.4912421178       2.370166624  
2012  8 29.000000     0.4811643663       2.312670540  
2012  9  3.000000     0.4714417650       2.227066152  
2012  9  8.000000     0.4603805599       2.175595674  
2012  9 13.000000     0.4486528680       2.091982135  
2012  9 18.000000     0.4373679398       2.007770384  
2012  9 23.000000     0.4247187908       1.948382705  
2012  9 28.000000     0.4125312754       1.849876861  
2012 10  3.000000     0.4005077609       1.777929258  
2012 10  8.000000     0.3876820787       1.708630570  
2012 10 13.000000     0.3761064772       1.612055591  
2012 10 18.000000     0.3643329339       1.556170228  
2012 10 23.000000     0.3527777900       1.480056707  
2012 10 28.000000     0.3427345871       1.402676859  
2012 11  2.000000     0.3324179300       1.361157232  
2012 11  7.000000     0.3233841162       1.287855751  
2012 11 12.000000     0.3155952420       1.241240387  
2012 11 17.000000     0.3079044900       1.210253878  
2012 11 22.000000     0.3022453251       1.153928781  
2012 11 27.000000     0.2973614009       1.141269332  
2012 12  2.000000     0.2932917778       1.119395611  
2012 12  7.000000     0.2913975353       1.093648422  
2012 12 12.000000     0.2899130823       1.109999062  
2012 12 17.000000     0.2900415557       1.100607999  
2012 12 22.000000     0.2919615146       1.113655748  
2012 12 27.000000     0.2942668391       1.150237717  
2013  1  1.000000     0.2986950000       1.160835289  
2013  1  6.000000     0.3042014631       1.212086503  
2013  1 11.000000     0.3104223923       1.260875988  
2013  1 16.000000     0.3188076486       1.299777050  
2013  1 21.000000     0.3275983387       1.380829249  
2013  1 26.000000     0.3375935783       1.438513064  
2013  1 31.000000     0.3492513602       1.510078780  
2013  2  5.000000     0.3609285464       1.607817806  
2013  2 10.000000     0.3742106168       1.676308360  
2013  2 15.000000     0.3883332407       1.778194020  
2013  2 20.000000     0.4024943009       1.880387077  
2013  2 25.000000     0.4182832524       1.964313325  
2013  3  2.000000     0.4340257271       2.086623741  
2013  3  7.000000     0.4501405459       2.185734029  
2013  3 12.000000     0.4674616648       2.288422531  
2013  3 17.000000     0.4841220715       2.417104036  
2013  3 22.000000     0.5015415793       2.512011917  
2013  3 27.000000     0.5193313683       2.631388094  
2013  4  1.000000     0.5362805986       2.752407184  
2013  4  6.000000     0.5541667369       2.846518623  
2013  4 11.000000     0.5714719285       2.974194302  
2013  4 16.000000     0.5881883573       3.078365142  
2013  4 21.000000     0.6055610900       3.175572289  
2013  4 26.000000     0.6215742824       3.298197540  
2013  5  1.000000     0.6374741805       3.382999505  
2013  5  6.000000     0.6533217558       3.483549106  
2013  5 11.000000     0.6675012175       3.587422631  
2013  5 16.000000     0.6819198781       3.656338870  
2013  5 21.000000     0.6953094818       3.754270389  
2013  5 26.000000     0.7072429502       3.829482143  
2013  5 31.000000     0.7193855300       3.888115403  
2013  6  5.000000     0.7296563028       3.972471689  
2013  6 10.000000     0.7390445731       4.016412105  
2013  6 15.000000     0.7480876806       4.067978935  
2013  6 20.000000     0.7548526111       4.126064780  
2013  6 25.000000     0.7613307029       4.142940175  
2013  6 30.000000     0.7665990159       4.185335089  
2013  7  5.000000     0.7698155810       4.208146394  
2013  7 10.000000     0.7729855093       4.206161405  
2013  7 15.000000     0.7740968206       4.231702991  
2013  7 20.000000     0.7738771162       4.217272205  
2013  7 25.000000     0.7733536367       4.203916734  
2013  7 30.000000     0.7704035378       4.202987945  
2013  8  4.000000     0.7669883197       4.157723164  
2013  8  9.000000     0.7625915041       4.135989634  
2013  8 14.000000     0.7560699603       4.101678666  
2013  8 19.000000     0.7496913138       4.037557422  
2013  8 24.000000     0.7416645860       4.005159205  
2013  8 29.000000     0.7324311525       3.938101882  
2013  9  3.000000     0.7234163914       3.868089477  
2013  9  8.000000     0.7124835221       3.819752264  
2013  9 13.000000     0.7014915139       3.729232493  
2013  9 18.000000     0.6903608852       3.662480725  
2013  9 23.000000     0.6777432993       3.594895081  
2013  9 28.000000     0.6659770895       3.496882822  
2013 10  3.000000     0.6535689552       3.436528409  
2013 10  8.000000     0.6406858599       3.352203518  
2013 10 13.000000     0.6290249754       3.263774004  
2013 10 18.000000     0.6165400085       3.208325526  
2013 10 23.000000     0.6048228385       3.117692287  
2013 10 28.000000     0.5941204662       3.051546256  
2013 11  2.000000     0.5829295607       2.998275443  
2013 11  7.000000     0.5734860150       2.917032977  
2013 11 12.000000     0.5645930786       2.878147444  
2013 11 17.000000     0.5560629343       2.827738025  
2013 11 22.000000     0.5496569767       2.772049634  
2013 11 27.000000     0.5434150796       2.757791003  
2013 12  2.000000     0.5385483748       2.716100604  
2013 12  7.000000     0.5355591701       2.696788925  
2013 12 12.000000     0.5327585502       2.700823401  
2013 12 17.000000     0.5321174111       2.678270902  
2013 12 22.000000     0.5326851477       2.697375446  
2013 12 27.000000     0.5338674051       2.714071955  
2014  1  1.000000     0.5374533821       2.721392936  
2014  1  6.000000     0.5415749102       2.772502674  
2014  1 11.000000     0.5469834287       2.800808388  
2014  1 16.000000     0.5544154802       2.844588851  
2014  1 21.000000     0.5619817553       2.916281810  
2014  1 26.000000     0.5714006850       2.959737743  
2014  1 31.000000     0.5820363279       3.038871286  
2014  2  5.000000     0.5928675758       3.120146934  
2014  2 10.000000     0.6057258585       3.184822872  
2014  2 15.000000     0.6188672808       3.290370998  
2014  2 20.000000     0.6325950254       3.374454325  
2014  2 25.000000     0.6479867440       3.464230489  
2014  3  2.000000     0.6629936890       3.582493880  
2014  3  7.000000     0.6790811718       3.668881841  
2014  3 12.000000     0.6959945975       3.782089624  
2014  3 17.000000     0.7122937946       3.899188025  
2014  3 22.000000     0.7299209240       3.991350820  
2014  3 27.000000     0.7473576870       4.119397137  
2014  4  1.000000     0.7644445756       4.226122805  
2014  4  6.000000     0.7826363416       4.327937024  
2014  4 11.000000     0.7997642504       4.457309200  
2014  4 16.000000     0.8170402042       4.550906805  
2014  4 21.000000     0.8346936820       4.662096736  
2014  4 26.000000     0.8508968353       4.778643591  
2014  5  1.000000     0.8676676249       4.862219454  
2014  5  6.000000     0.8837729673       4.976449464  
2014  5 11.000000     0.8985780877       5.069841763  
2014  5 16.000000     0.9139436007       5.148252101  
2014  5 21.000000     0.9276841299       5.253762346  
2014  5 26.000000     0.9407004053       5.320677023  
2014  5 31.000000     0.9537213481       5.396442844  
2014  6  5.000000     0.9645753238       5.479889209  
2014  6 10.000000     0.9753072016       5.523528271  
2014  6 15.000000     0.9850833343       5.593320894  
2014  6 20.000000     0.9928114025       5.644583866  
2014  6 25.000000     1.0006920799       5.671958176  
2014  6 30.000000     1.0066145312       5.726997559  
2014  7  5.000000     1.0111291669       5.742736392  
2014  7 10.000000     1.0154945270       5.759594160  
2014  7 15.000000     1.0173319624       5.788607394  
2014  7 20.000000     1.0186245502       5.773438000  
2014  7 25.000000     1.0189853636       5.781021621  
2014  7 30.000000     1.0169283241       5.775276283  
2014  8  4.000000     1.0149206066       5.738967822  
2014  8  9.000000     1.0110996276       5.732817784  
2014  8 14.000000     1.0056746759       5.690665874  
2014  8 19.000000     1.0003597239       5.643955124  
2014  8 24.000000     0.9927188392       5.616717535  
2014  8 29.000000     0.9845897416       5.545186507  
2014  9  3.000000     0.9760940437       5.495001442  
2014  9  8.000000     0.9655067066       5.441121478  
2014  9 13.000000     0.9554073960       5.354177883  
2014  9 18.000000     0.9442730628       5.302023387  
2014  9 23.000000     0.9319832952       5.222496102  
2014  9 28.000000     0.9205946008       5.135855600  
2014 10  3.000000     0.9077991715       5.078969082  
2014 10  8.000000     0.8951838536       4.983374174  
2014 10 13.000000     0.8832883519       4.909510289  
2014 10 18.000000     0.8702304044       4.845153634  
2014 10 23.000000     0.8585054074       4.749497492  
2014 10 28.000000     0.8469776556       4.693843942  
2014 11  2.000000     0.8351993871       4.623486809  
2014 11  7.000000     0.8253482070       4.545453354  
2014 11 12.000000     0.8152690257       4.507031201  
2014 11 17.000000     0.8061453856       4.438431780  
2014 11 22.000000     0.7988224857       4.390940327  
2014 11 27.000000     0.7913053421       4.365437370  
2014 12  2.000000     0.7858125762       4.311592866  
2014 12  7.000000     0.7815196789       4.299345868  
2014 12 12.000000     0.7775711289       4.283719805  
2014 12 17.000000     0.7761221629       4.258184089  
2014 12 22.000000     0.7751937398       4.277121082  
2014 12 27.000000     0.7754841214       4.272814831  
2015  1  1.000000     0.7780608295       4.284824974  
2015  1  6.000000     0.7807746072       4.325857032  
2015  1 11.000000     0.7854868911       4.338890453  
2015  1 16.000000     0.7917117269       4.389318385  
2015  1 21.000000     0.7981874243       4.443105267  
2015  1 26.000000     0.8070309227       4.481447319  
2015  1 31.000000     0.8164406912       4.562967927  
2015  2  5.000000     0.8265961319       4.624321570  
2015  2 10.000000     0.8388429083       4.693178899  
2015  2 15.000000     0.8509338337       4.792846292  
2015  2 20.000000     0.8643957631       4.862191219  
2015  2 25.000000     0.8791371340       4.960750825  
2015  3  2.000000     0.8934791576       5.065398858  
2015  3  7.000000     0.9095396833       5.146882865  
2015  3 12.000000     0.9257954492       5.266709147  
2015  3 17.000000     0.9419326733       5.367275809  
2015  3 22.000000     0.9596399830       5.465001900  
2015  3 27.000000     0.9766011221       5.592689324  
2015  4  1.000000     0.9939927144       5.686595479  
2015  4  6.000000     1.0122126998       5.800139289  
2015  4 11.000000     1.0292183559       5.921245573  
2015  4 16.000000     1.0471459913       6.011346598  
2015  4 21.000000     1.0648148831       6.134082962  
2015  4 26.000000     1.0813865614       6.238124291  
2015  5  1.000000     1.0989112439       6.328940058  
2015  5  6.000000     1.1151035123       6.448621890  
2015  5 11.000000     1.1307766506       6.531684231  
2015  5 16.000000     1.1468596991       6.625106318  
2015  5 21.000000     1.1609687038       6.727957554  
2015  5 26.000000     1.1751917950       6.792719759  
2015  5 31.000000     1.1887866292       6.884732154  
2015  6  5.000000     1.2004232063       6.959772647  
2015  6 10.000000     1.2124868134       7.012223526  
2015  6 15.000000     1.2228061488       7.093225212  
2015  6 20.000000     1.2317620220       7.136308878  
2015  6 25.000000     1.2408243319       7.181128123  
2015  6 30.000000     1.2473880220       7.238643953  
2015  7  5.000000     1.2534392798       7.252894807  
2015  7 10.000000     1.2587400143       7.289929607  
2015  7 15.000000     1.2615002884       7.313940668  
2015  7 20.000000     1.2643462154       7.307519445  
2015  7 25.000000     1.2653662571       7.330609134  
2015  7 30.000000     1.2645328452       7.317499988  
2015  8  4.000000     1.2638278653       7.299091123  
2015  8  9.000000     1.2605669399       7.299003724  
2015  8 14.000000     1.2565293543       7.253695814  
2015  8 19.000000     1.2520251890       7.228102664  
2015  8 24.000000     1.2449646948       7.197030957  
2015  8 29.000000     1.2381145152       7.131069601  
2015  9  3.000000     1.2299525882       7.097627854  
2015  9  8.000000     1.2200528400       7.034406914  
2015  9 13.000000     1.2107854930       6.961541454  
2015  9 18.000000     1.1995923587       6.915552755  
2015  9 23.000000     1.1879919951       6.827751556  
2015  9 28.000000     1.1768161690       6.758832000  
2015 10  3.000000     1.1638045900       6.696219534  
2015 10  8.000000     1.1516575727       6.598939685  
2015 10 13.000000     1.1393054617       6.538734496  
2015 10 18.000000     1.1259874919       6.460279636  
2015 10 23.000000     1.1142798569       6.371062552  
2015 10 28.000000     1.1018509119       6.318864728  
2015 11  2.000000     1.0898128107       6.233064587  
2015 11  7.000000     1.0793629568       6.166016729  
2015 11 12.000000     1.0681698798       6.118546874  
2015 11 17.000000     1.0586768985       6.039920008  
2015 11 22.000000     1.0502224300       6.001642253  
2015 11 27.000000     1.0416645142       5.957935437  
2015 12  2.000000     1.0355388865       5.902637476  
2015 12  7.000000     1.0297572123       5.891378355  
2015 12 12.000000     1.0249358260       5.855271335  
2015 12 17.000000     1.0225176942       5.835230939  
2015 12 22.000000     1.0200919865       5.844360294  
2015 12 27.000000     1.0196700238       5.824750078 